resources/test-data/19plus_V2_CTD-processing_example_gaussian_5_1_025_excluded.cnv
* Sea-Bird SBE19plus Data File:
* FileName = C:\seabirdscientific\documentation\example_data\19plus_V2_01906130_Profiling.hex
* Software Version 1.59
* Temperature SN =  6130
* Conductivity SN =  6130
* System UpLoad Time = Dec 12 2016 13:25:15
* ds
* SBE 19plus V 2.5.2  SERIAL NO. 6130    12 Dec 2016 09:24:17
# nquan = 8
# nvalues = 3069                        
# units = specified
# name 0 = tv290C: Temperature [ITS-90, deg C]
# name 1 = c0S/m: Conductivity [S/m]
# name 2 = prdM: Pressure, Strain Gauge [db]
# name 3 = f0: Frequency 0
# name 4 = f1: Frequency 1
# name 5 = f2: Frequency 2
# name 6 = sal00: Salinity, Practical [PSU]
# name 7 = flag:  0.000e+00
# span 0 =    18.1982,    22.0317       
# span 1 =   0.008204,   5.061871       
# span 2 =     -0.107,    222.836       
# span 3 =     303686,     351666       
# span 4 =   2638.021,   6404.486       
# span 5 =     533538,     742874       
# span 6 =     0.0463,    35.4955       
# span 7 =  0.0000e+00,  0.0000e+00     
# interval = seconds: 0.25
# start_time = Dec 10 2016 06:16:51 [Instrument's time stamp, header]
# bad_flag = -9.990e-29
*END*
[from data line 2489]
    19.5959   4.715943     24.136     333465   6220.775     556318    34.7034  0.0000e+00
    19.5993   4.714977     23.951     333422   6220.254     556144    34.6927  0.0000e+00
    19.6029   4.714311     23.766     333376   6219.895     555970    34.6843  0.0000e+00
    19.6093   4.713785     23.573     333294   6219.612     555789    34.6747  0.0000e+00
    19.6203   4.713606     23.372     333154   6219.515     555600    34.6641  0.0000e+00
    19.6350   4.713956     23.164     332968   6219.704     555405    34.6549  0.0000e+00
    19.6512   4.714703     22.948     332762   6220.107     555201    34.6478  0.0000e+00
    19.6663   4.715556     22.724     332570   6220.567     554991    34.6424  0.0000e+00
    19.6789   4.716135     22.492     332410   6220.880     554773    34.6368  0.0000e+00
    19.6889   4.715863     22.252     332284   6220.733     554547    34.6264  0.0000e+00
    19.6970   4.714979     22.005     332180   6220.257     554316    34.6124  0.0000e+00
    19.7040   4.713806     21.751     332092   6219.624     554077    34.5971  0.0000e+00
    19.7101   4.712468     21.492     332015   6218.903     553833    34.5811  0.0000e+00
    19.7158   4.711419     21.229     331943   6218.337     553586    34.5679  0.0000e+00
    19.7209   4.711168     20.964     331877   6218.202     553337    34.5617  0.0000e+00
    19.7256   4.710970     20.693     331818   6218.096     553083    34.5563  0.0000e+00
    19.7302   4.710908     20.421     331759   6218.062     552828    34.5521  0.0000e+00
    19.7351   4.711366     20.153     331698   6218.309     552576    34.5519  0.0000e+00
    19.7405   4.711622     19.891     331630   6218.447     552330    34.5497  0.0000e+00
    19.7464   4.712461     19.635     331555   6218.900     552089    34.5518  0.0000e+00
    19.7526   4.712349     19.385     331476   6218.839     551854    34.5459  0.0000e+00
    19.7587   4.711678     19.142     331399   6218.478     551626    34.5354  0.0000e+00
    19.7644   4.711362     18.905     331327   6218.308     551403    34.5282  0.0000e+00
    19.7693   4.711251     18.669     331265   6218.248     551181    34.5234  0.0000e+00
    19.7733   4.710728     18.439     331214   6217.966     550965    34.5158  0.0000e+00
    19.7765   4.709622     18.209     331174   6217.369     550749    34.5042  0.0000e+00
    19.7797   4.708599     17.977     331133   6216.817     550531    34.4932  0.0000e+00
    19.7838   4.707364     17.735     331081   6216.151     550303    34.4798  0.0000e+00
    19.7884   4.705811     17.485     331023   6215.313     550068    34.4633  0.0000e+00
    19.7929   4.703865     17.227     330966   6214.263     549826    34.4438  0.0000e+00
    19.7970   4.701870     16.960     330914   6213.187     549575    34.4241  0.0000e+00
    19.8012   4.699738     16.687     330861   6212.036     549319    34.4032  0.0000e+00
    19.8055   4.698292     16.418     330806   6211.255     549066    34.3879  0.0000e+00
    19.8099   4.698372     16.155     330750   6211.298     548819    34.3850  0.0000e+00
    19.8144   4.699209     15.898     330693   6211.750     548577    34.3883  0.0000e+00
    19.8194   4.700660     15.645     330631   6212.534     548339    34.3962  0.0000e+00
    19.8251   4.703388     15.391     330558   6214.006     548101    34.4140  0.0000e+00
    19.8325   4.705980     15.137     330465   6215.405     547862    34.4293  0.0000e+00
    19.8425   4.709202     14.880     330339   6217.143     547621    34.4476  0.0000e+00
    19.8553   4.713314     14.616     330178   6219.361     547373    34.4710  0.0000e+00
    19.8691   4.716523     14.346     330004   6221.093     547120    34.4860  0.0000e+00
    19.8795   4.715403     14.070     329873   6220.489     546860    34.4684  0.0000e+00
    19.8800   4.712335     13.787     329866   6218.834     546594    34.4429  0.0000e+00
    19.8704   4.708445     13.500     329987   6216.736     546325    34.4190  0.0000e+00
    19.8582   4.705026     13.217     330141   6214.891     546058    34.4011  0.0000e+00
    19.8485   4.702721     12.936     330263   6213.647     545794    34.3902  0.0000e+00
    19.8425   4.701358     12.664     330339   6212.912     545539    34.3840  0.0000e+00
    19.8398   4.700749     12.406     330373   6212.583     545296    34.3814  0.0000e+00
    19.8398   4.700021     12.158     330374   6212.190     545063    34.3755  0.0000e+00
    19.8421   4.699084     11.919     330344   6211.684     544839    34.3660  0.0000e+00
    19.8468   4.697729     11.691     330285   6210.952     544624    34.3512  0.0000e+00
    19.8535   4.696017     11.468     330201   6210.028     544415    34.3317  0.0000e+00
    19.8611   4.694369     11.251     330105   6209.138     544210    34.3121  0.0000e+00
    19.8687   4.693217     11.035     330009   6208.516     544008    34.2965  0.0000e+00
    19.8752   4.692904     10.815     329926   6208.347     543801    34.2887  0.0000e+00
    19.8806   4.692636     10.587     329859   6208.202     543587    34.2822  0.0000e+00
    19.8849   4.691678     10.352     329805   6207.685     543366    34.2710  0.0000e+00
    19.8882   4.690454     10.111     329763   6207.023     543140    34.2583  0.0000e+00
    19.8909   4.688810      9.864     329729   6206.135     542907    34.2427  0.0000e+00
    19.8933   4.686733      9.610     329699   6205.012     542669    34.2239  0.0000e+00
    19.8957   4.684043      9.350     329668   6203.559     542425    34.1999  0.0000e+00
    19.8984   4.682338      9.087     329634   6202.636     542177    34.1839  0.0000e+00
    19.9013   4.680480      8.819     329598   6201.632     541926    34.1664  0.0000e+00
    19.9043   4.677973      8.547     329560   6200.276     541670    34.1436  0.0000e+00
    19.9073   4.675662      8.273     329523   6199.025     541413    34.1224  0.0000e+00
    19.9110   4.674885      7.993     329475   6198.605     541150    34.1131  0.0000e+00
    19.9178   4.675927      7.709     329390   6199.168     540883    34.1161  0.0000e+00
    19.9297   4.680553      7.428     329240   6201.670     540619    34.1444  0.0000e+00
    19.9471   4.687428      7.154     329021   6205.389     540361    34.1865  0.0000e+00
    19.9677   4.691827      6.888     328763   6207.767     540111    34.2058  0.0000e+00
    19.9853   4.693611      6.633     328541   6208.731     539871    34.2062  0.0000e+00
    19.9964   4.693728      6.386     328401   6208.794     539639    34.1982  0.0000e+00
    20.0030   4.691435      6.145     328319   6207.555     539413    34.1742  0.0000e+00
    20.0072   4.688592      5.914     328266   6206.019     539196    34.1477  0.0000e+00
    20.0104   4.685960      5.695     328226   6204.596     538990    34.1236  0.0000e+00
    20.0134   4.683571      5.480     328188   6203.305     538789    34.1018  0.0000e+00
    20.0164   4.681357      5.262     328150   6202.108     538583    34.0813  0.0000e+00
    20.0197   4.678718      5.040     328110   6200.681     538375    34.0573  0.0000e+00
    20.0231   4.675775      4.812     328066   6199.088     538160    34.0305  0.0000e+00
    20.0266   4.673141      4.581     328022   6197.663     537943    34.0063  0.0000e+00
    20.0298   4.670981      4.356     327982   6196.494     537732    33.9862  0.0000e+00
    20.0325   4.669154      4.149     327949   6195.506     537538    33.9693  0.0000e+00
    20.0346   4.667721      3.960     327922   6194.730     537360    33.9559  0.0000e+00
    20.0367   4.666285      3.787     327897   6193.952     537198    33.9426  0.0000e+00
    20.0388   4.664074      3.616     327870   6192.755     537037    33.9230  0.0000e+00
    20.0410   4.661488      3.444     327842   6191.354     536875    33.9002  0.0000e+00
    20.0432   4.658125      3.260     327815   6189.531     536702    33.8711  0.0000e+00
    20.0455   4.652262      3.058     327785   6186.351     536512    33.8215  0.0000e+00
    20.0492   4.646196      2.825     327740   6183.060     536293    33.7693  0.0000e+00
    20.0548   4.641583      2.548     327670   6180.555     536033    33.7273  0.0000e+00
    20.0621   4.641106      2.224     327577   6180.295     535728    33.7176  0.0000e+00
    20.0702   4.644665      1.854     327476   6182.227     535381    33.7402  0.0000e+00
    20.0762   4.654459      1.443     327401   6187.545     534995    33.8153  0.0000e+00
    20.0782   4.655780      1.011     327376   6188.260     534588    33.8246  0.0000e+00
    20.0772   4.659256      0.602     327388   6190.142     534204    33.8538  0.0000e+00
    20.0749   4.664845      0.265     327417   6193.167     533888    33.9014  0.0000e+00
    20.0726   4.676528      0.054     327446   6199.492     533690    33.9984  0.0000e+00
    20.0712   4.686203     -0.002     327464   6204.729     533637    34.0784  0.0000e+00
    20.0709   4.689127      0.079     327466   6206.310     533713    34.1023  0.0000e+00
    20.0723   4.685533      0.239     327449   6204.366     533864    34.0719  0.0000e+00
    20.0750   4.681506      0.490     327415   6202.187     534099    34.0368  0.0000e+00
    20.0780   4.678201      0.795     327378   6200.397     534386    34.0074  0.0000e+00
    20.0799   4.677702      1.139     327354   6200.125     534709    34.0017  0.0000e+00
    20.0805   4.679368      1.471     327347   6201.027     535021    34.0147  0.0000e+00
    20.0798   4.689370      1.772     327356   6206.440     535304    34.0966  0.0000e+00
    20.0780   4.691844      2.045     327378   6207.776     535560    34.1181  0.0000e+00
    20.0757   4.699317      2.280     327407   6211.814     535781    34.1808  0.0000e+00
    20.0735   4.703966      2.461     327435   6214.324     535951    34.2205  0.0000e+00
    20.0712   4.706628      2.580     327464   6215.760     536063    34.2440  0.0000e+00
    20.0683   4.706620      2.628     327500   6215.756     536108    34.2463  0.0000e+00
    20.0641   4.704945      2.603     327553   6214.852     536084    34.2361  0.0000e+00
    20.0585   4.702312      2.506     327623   6213.431     535994    34.2191  0.0000e+00
    20.0519   4.699703      2.348     327705   6212.022     535845    34.2032  0.0000e+00
    20.0451   4.696420      2.143     327790   6210.249     535652    34.1820  0.0000e+00
    20.0386   4.692742      1.909     327872   6208.262     535433    34.1574  0.0000e+00
    20.0328   4.688900      1.664     327946   6206.186     535203    34.1309  0.0000e+00
    20.0279   4.684768      1.426     328007   6203.953     534979    34.1012  0.0000e+00
    20.0243   4.680512      1.211     328051   6201.652     534776    34.0695  0.0000e+00
    20.0222   4.676569      1.038     328078   6199.519     534614    34.0391  0.0000e+00
    20.0214   4.673532      0.924     328088   6197.876     534507    34.0150  0.0000e+00
    20.0213   4.671449      0.881     328089   6196.748     534467    33.9981  0.0000e+00
    20.0213   4.670556      0.922     328089   6196.265     534505    33.9908  0.0000e+00
    20.0211   4.670865      1.050     328091   6196.432     534625    33.9934  0.0000e+00
    20.0209   4.671919      1.254     328094   6197.002     534818    34.0021  0.0000e+00
    20.0207   4.673912      1.508     328097   6198.081     535056    34.0185  0.0000e+00
    20.0205   4.676287      1.773     328100   6199.366     535305    34.0380  0.0000e+00
    20.0204   4.678369      2.008     328101   6200.493     535526    34.0549  0.0000e+00
    20.0209   4.679150      2.193     328094   6200.915     535700    34.0608  0.0000e+00
    20.0226   4.677643      2.318     328073   6200.099     535816    34.0471  0.0000e+00
    20.0255   4.673466      2.371     328037   6197.838     535866    34.0107  0.0000e+00
    20.0292   4.667844      2.343     327990   6194.794     535840    33.9618  0.0000e+00
    20.0335   4.664105      2.217     327936   6192.770     535722    33.9279  0.0000e+00
    20.0378   4.666488      1.983     327882   6194.058     535502    33.9440  0.0000e+00
    20.0417   4.675084      1.650     327833   6198.710     535190    34.0110  0.0000e+00
    20.0449   4.684953      1.258     327792   6204.052     534821    34.0890  0.0000e+00
    20.0474   4.689171      0.865     327761   6206.334     534451    34.1215  0.0000e+00
    20.0496   4.688353      0.521     327735   6205.892     534128    34.1133  0.0000e+00
    20.0516   4.687280      0.260     327709   6205.312     533883    34.1029  0.0000e+00
    20.0535   4.686958      0.099     327686   6205.138     533731    34.0989  0.0000e+00
    20.0549   4.686942      0.035     327668   6205.129     533672    34.0976  0.0000e+00
    20.0560   4.686794      0.053     327654   6205.050     533689    34.0955  0.0000e+00
    20.0573   4.686584      0.136     327637   6204.936     533766    34.0926  0.0000e+00
    20.0589   4.686187      0.255     327617   6204.721     533878    34.0881  0.0000e+00
    20.0608   4.685176      0.377     327594   6204.175     533993    34.0783  0.0000e+00
    20.0627   4.684048      0.454     327570   6203.565     534065    34.0675  0.0000e+00
    20.0646   4.683473      0.451     327546   6203.254     534063    34.0613  0.0000e+00
    20.0665   4.683301      0.365     327522   6203.161     533982    34.0584  0.0000e+00
    20.0687   4.683230      0.221     327495   6203.123     533846    34.0561  0.0000e+00
    20.0707   4.683676      0.064     327469   6203.364     533699    34.0581  0.0000e+00
    20.0724   4.683944     -0.055     327448   6203.509     533587    34.0590  0.0000e+00
    20.0738   4.684789     -0.100     327431   6203.966     533544    34.0648  0.0000e+00
    20.0751   4.685129     -0.097     327415   6204.150     533548    34.0665  0.0000e+00
    20.0768   4.685144     -0.096     327393   6204.158     533548    34.0652  0.0000e+00
    20.0789   4.684980     -0.096     327367   6204.069     533548    34.0622  0.0000e+00
    20.0808   4.684832     -0.097     327344   6203.989     533547    34.0595  0.0000e+00
    20.0822   4.684774     -0.098     327326   6203.958     533546    34.0579  0.0000e+00
    20.0833   4.684783     -0.099     327312   6203.962     533545    34.0570  0.0000e+00
    20.0845   4.684775     -0.100     327297   6203.958     533545    34.0560  0.0000e+00
    20.0857   4.684786     -0.101     327282   6203.964     533544    34.0551  0.0000e+00
    20.0870   4.684839     -0.102     327266   6203.993     533543    34.0545  0.0000e+00
    20.0883   4.684857     -0.102     327249   6204.003     533543    34.0536  0.0000e+00
    20.0898   4.684688     -0.102     327230   6203.912     533543    34.0510  0.0000e+00
    20.0914   4.684185     -0.102     327211   6203.639     533543    34.0456  0.0000e+00
    20.0929   4.682821     -0.101     327192   6202.902     533544    34.0333  0.0000e+00
    20.0947   4.680672     -0.100     327170   6201.739     533545    34.0144  0.0000e+00
    20.0964   4.678463     -0.100     327148   6200.544     533545    33.9950  0.0000e+00
    20.0984   4.677033     -0.099     327123   6199.771     533546    33.9817  0.0000e+00
    20.1008   4.677415     -0.100     327093   6199.977     533545    33.9829  0.0000e+00
    20.1032   4.680031     -0.101     327064   6201.393     533544    34.0023  0.0000e+00
    20.1052   4.682237     -0.101     327038   6202.586     533544    34.0186  0.0000e+00
    20.1072   4.682820     -0.101     327012   6202.901     533544    34.0217  0.0000e+00
    20.1097   4.682727     -0.100     326981   6202.851     533545    34.0189  0.0000e+00
    20.1123   4.682648     -0.100     326949   6202.808     533545    34.0162  0.0000e+00
    20.1147   4.682541     -0.101     326919   6202.750     533544    34.0134  0.0000e+00
    20.1169   4.682200     -0.101     326891   6202.566     533544    34.0088  0.0000e+00
    20.1188   4.682021     -0.102     326867   6202.470     533543    34.0058  0.0000e+00
    20.1204   4.681867     -0.103     326847   6202.386     533542    34.0033  0.0000e+00
