resources/test-data/19plus_V2_CTD-processing_example_gaussian_5_1_025_excluded.cnv
* Sea-Bird SBE19plus Data File:
* FileName = C:\seabirdscientific\documentation\example_data\19plus_V2_01906130_Profiling.hex
* Software Version 1.59
* Temperature SN =  6130
* Conductivity SN =  6130
* System UpLoad Time = Dec 12 2016 13:25:15
* ds
* SBE 19plus V 2.5.2  SERIAL NO. 6130    12 Dec 2016 09:24:17
# nquan = 8
# nvalues = 3069                        
# units = specified
# name 0 = tv290C: Temperature [ITS-90, deg C]
# name 1 = c0S/m: Conductivity [S/m]
# name 2 = prdM: Pressure, Strain Gauge [db]
# name 3 = f0: Frequency 0
# name 4 = f1: Frequency 1
# name 5 = f2: Frequency 2
# name 6 = sal00: Salinity, Practical [PSU]
# name 7 = flag:  0.000e+00
# span 0 =    18.1982,    22.0317       
# span 1 =   0.008204,   5.061871       
# span 2 =     -0.107,    222.836       
# span 3 =     303686,     351666       
# span 4 =   2638.021,   6404.486       
# span 5 =     533538,     742874       
# span 6 =     0.0463,    35.4955       
# span 7 =  0.0000e+00,  0.0000e+00     
# interval = seconds: 0.25
# start_time = Dec 10 2016 06:16:51 [Instrument's time stamp, header]
# bad_flag = -9.990e-29
*END*
[from data line 1067]
    21.7653   4.959327    111.629     306827   6350.585     638498    34.8610  0.0000e+00
    21.7637   4.959112    111.739     306845   6350.472     638601    34.8605  0.0000e+00
    21.7624   4.958946    111.860     306861   6350.385     638715    34.8602  0.0000e+00
    21.7612   4.958769    111.996     306875   6350.291     638843    34.8597  0.0000e+00
    21.7600   4.958593    112.149     306889   6350.198     638987    34.8592  0.0000e+00
    21.7586   4.958415    112.319     306905   6350.104     639147    34.8589  0.0000e+00
    21.7571   4.958266    112.505     306924   6350.025     639320    34.8589  0.0000e+00
    21.7553   4.958156    112.701     306944   6349.967     639505    34.8594  0.0000e+00
    21.7535   4.958113    112.904     306965   6349.945     639695    34.8604  0.0000e+00
    21.7518   4.958100    113.111     306986   6349.938     639890    34.8617  0.0000e+00
    21.7500   4.958108    113.321     307007   6349.942     640087    34.8631  0.0000e+00
    21.7483   4.958149    113.529     307028   6349.963     640282    34.8647  0.0000e+00
    21.7466   4.958235    113.733     307047   6350.009     640473    34.8667  0.0000e+00
    21.7451   4.958310    113.929     307066   6350.048     640658    34.8685  0.0000e+00
    21.7436   4.958318    114.116     307083   6350.053     640833    34.8697  0.0000e+00
    21.7421   4.958265    114.295     307101   6350.025     641001    34.8704  0.0000e+00
    21.7404   4.958184    114.466     307121   6349.982     641161    34.8710  0.0000e+00
    21.7389   4.958064    114.629     307140   6349.919     641315    34.8713  0.0000e+00
    21.7372   4.957945    114.786     307159   6349.856     641462    34.8716  0.0000e+00
    21.7357   4.957882    114.937     307177   6349.822     641604    34.8723  0.0000e+00
    21.7344   4.957784    115.086     307193   6349.770     641744    34.8726  0.0000e+00
    21.7331   4.957662    115.236     307208   6349.706     641885    34.8726  0.0000e+00
    21.7319   4.957528    115.390     307222   6349.635     642030    34.8725  0.0000e+00
    21.7306   4.957370    115.549     307237   6349.552     642178    34.8722  0.0000e+00
    21.7292   4.957185    115.711     307254   6349.454     642331    34.8718  0.0000e+00
    21.7276   4.956977    115.878     307273   6349.344     642488    34.8714  0.0000e+00
    21.7258   4.956732    116.050     307295   6349.215     642649    34.8709  0.0000e+00
    21.7236   4.956471    116.225     307320   6349.077     642813    34.8705  0.0000e+00
    21.7212   4.956260    116.403     307349   6348.965     642981    34.8707  0.0000e+00
    21.7190   4.956133    116.583     307375   6348.899     643150    34.8714  0.0000e+00
    21.7172   4.956051    116.759     307396   6348.855     643315    34.8722  0.0000e+00
    21.7158   4.955967    116.932     307413   6348.811     643477    34.8726  0.0000e+00
    21.7146   4.955827    117.100     307428   6348.737     643635    34.8724  0.0000e+00
    21.7132   4.955626    117.265     307443   6348.631     643790    34.8719  0.0000e+00
    21.7116   4.955413    117.430     307462   6348.518     643945    34.8714  0.0000e+00
    21.7099   4.955206    117.596     307483   6348.409     644101    34.8711  0.0000e+00
    21.7083   4.954993    117.766     307501   6348.296     644260    34.8706  0.0000e+00
    21.7069   4.954761    117.941     307519   6348.174     644425    34.8699  0.0000e+00
    21.7053   4.954510    118.124     307537   6348.041     644596    34.8691  0.0000e+00
    21.7037   4.954234    118.312     307557   6347.895     644773    34.8682  0.0000e+00
    21.7017   4.953904    118.506     307580   6347.720     644955    34.8671  0.0000e+00
    21.6995   4.953600    118.704     307607   6347.560     645141    34.8665  0.0000e+00
    21.6972   4.953315    118.905     307634   6347.409     645330    34.8660  0.0000e+00
    21.6948   4.953022    119.108     307662   6347.255     645520    34.8656  0.0000e+00
    21.6923   4.952733    119.310     307692   6347.102     645710    34.8652  0.0000e+00
    21.6897   4.952475    119.509     307723   6346.966     645897    34.8652  0.0000e+00
    21.6871   4.952298    119.706     307754   6346.872     646082    34.8659  0.0000e+00
    21.6847   4.952195    119.895     307781   6346.818     646259    34.8669  0.0000e+00
    21.6827   4.952118    120.074     307805   6346.777     646428    34.8678  0.0000e+00
    21.6809   4.952057    120.245     307826   6346.745     646588    34.8687  0.0000e+00
    21.6794   4.952004    120.411     307845   6346.717     646744    34.8695  0.0000e+00
    21.6779   4.951910    120.577     307863   6346.667     646900    34.8699  0.0000e+00
    21.6763   4.951808    120.748     307882   6346.614     647061    34.8703  0.0000e+00
    21.6746   4.951715    120.928     307901   6346.564     647229    34.8709  0.0000e+00
    21.6730   4.951593    121.116     307921   6346.499     647406    34.8712  0.0000e+00
    21.6711   4.951412    121.313     307944   6346.404     647591    34.8713  0.0000e+00
    21.6690   4.951190    121.516     307969   6346.286     647781    34.8711  0.0000e+00
    21.6665   4.950960    121.716     307998   6346.165     647969    34.8712  0.0000e+00
    21.6639   4.950766    121.904     308029   6346.063     648146    34.8717  0.0000e+00
    21.6614   4.950623    122.077     308058   6345.988     648308    34.8725  0.0000e+00
    21.6593   4.950531    122.231     308083   6345.939     648452    34.8734  0.0000e+00
    21.6577   4.950404    122.364     308103   6345.871     648578    34.8737  0.0000e+00
    21.6561   4.950258    122.479     308122   6345.794     648685    34.8738  0.0000e+00
    21.6544   4.950136    122.578     308142   6345.730     648778    34.8742  0.0000e+00
    21.6527   4.950024    122.667     308163   6345.670     648862    34.8747  0.0000e+00
    21.6510   4.949875    122.755     308183   6345.592     648944    34.8749  0.0000e+00
    21.6491   4.949652    122.848     308205   6345.474     649032    34.8746  0.0000e+00
    21.6469   4.949433    122.957     308231   6345.358     649134    34.8746  0.0000e+00
    21.6446   4.949221    123.085     308258   6345.246     649254    34.8747  0.0000e+00
    21.6423   4.949019    123.236     308285   6345.139     649397    34.8749  0.0000e+00
    21.6401   4.948841    123.414     308312   6345.045     649563    34.8752  0.0000e+00
    21.6381   4.948672    123.617     308335   6344.956     649754    34.8754  0.0000e+00
    21.6364   4.948507    123.840     308356   6344.869     649964    34.8755  0.0000e+00
    21.6349   4.948314    124.079     308374   6344.767     650188    34.8751  0.0000e+00
    21.6333   4.948098    124.325     308393   6344.653     650419    34.8746  0.0000e+00
    21.6317   4.947883    124.568     308412   6344.539     650647    34.8741  0.0000e+00
    21.6300   4.947736    124.801     308432   6344.461     650865    34.8742  0.0000e+00
    21.6285   4.947611    125.021     308450   6344.395     651072    34.8744  0.0000e+00
    21.6271   4.947454    125.225     308467   6344.312     651264    34.8742  0.0000e+00
    21.6255   4.947212    125.410     308485   6344.184     651437    34.8735  0.0000e+00
    21.6235   4.946905    125.570     308509   6344.022     651587    34.8727  0.0000e+00
    21.6210   4.946576    125.708     308539   6343.848     651717    34.8720  0.0000e+00
    21.6182   4.946213    125.829     308573   6343.656     651831    34.8714  0.0000e+00
    21.6151   4.945882    125.939     308610   6343.481     651934    34.8712  0.0000e+00
    21.6121   4.945601    126.051     308646   6343.333     652039    34.8714  0.0000e+00
    21.6093   4.945347    126.174     308678   6343.198     652154    34.8716  0.0000e+00
    21.6067   4.945073    126.317     308709   6343.054     652289    34.8714  0.0000e+00
    21.6043   4.944822    126.489     308738   6342.921     652450    34.8714  0.0000e+00
    21.6020   4.944600    126.697     308764   6342.804     652646    34.8713  0.0000e+00
    21.6000   4.944413    126.943     308789   6342.705     652877    34.8715  0.0000e+00
    21.5980   4.944267    127.225     308812   6342.628     653142    34.8718  0.0000e+00
    21.5963   4.944150    127.537     308833   6342.565     653434    34.8722  0.0000e+00
    21.5946   4.944030    127.864     308853   6342.502     653741    34.8725  0.0000e+00
    21.5928   4.943879    128.191     308874   6342.422     654048    34.8726  0.0000e+00
    21.5908   4.943714    128.501     308899   6342.335     654339    34.8729  0.0000e+00
    21.5885   4.943536    128.779     308926   6342.241     654600    34.8732  0.0000e+00
    21.5860   4.943329    129.014     308956   6342.131     654821    34.8735  0.0000e+00
    21.5833   4.943107    129.202     308988   6342.014     654998    34.8739  0.0000e+00
    21.5804   4.942889    129.344     309022   6341.899     655131    34.8744  0.0000e+00
    21.5775   4.942679    129.441     309057   6341.787     655222    34.8751  0.0000e+00
    21.5746   4.942530    129.496     309091   6341.709     655273    34.8762  0.0000e+00
    21.5722   4.942393    129.521     309120   6341.636     655297    34.8771  0.0000e+00
    21.5700   4.942214    129.529     309146   6341.541     655305    34.8774  0.0000e+00
    21.5680   4.941990    129.538     309170   6341.423     655313    34.8773  0.0000e+00
    21.5659   4.941693    129.563     309196   6341.266     655337    34.8767  0.0000e+00
    21.5633   4.941340    129.620     309226   6341.080     655390    34.8759  0.0000e+00
    21.5604   4.940943    129.716     309261   6340.870     655480    34.8751  0.0000e+00
    21.5572   4.940597    129.847     309298   6340.687     655603    34.8748  0.0000e+00
    21.5542   4.940366    130.004     309334   6340.565     655750    34.8754  0.0000e+00
    21.5517   4.940163    130.177     309364   6340.458     655912    34.8757  0.0000e+00
    21.5496   4.939939    130.357     309390   6340.339     656082    34.8757  0.0000e+00
    21.5474   4.939714    130.540     309416   6340.220     656254    34.8756  0.0000e+00
    21.5451   4.939520    130.721     309444   6340.117     656423    34.8759  0.0000e+00
    21.5427   4.939305    130.896     309472   6340.004     656588    34.8760  0.0000e+00
    21.5402   4.939117    131.062     309502   6339.904     656743    34.8766  0.0000e+00
    21.5376   4.938975    131.220     309533   6339.829     656892    34.8775  0.0000e+00
    21.5350   4.938797    131.376     309563   6339.735     657039    34.8781  0.0000e+00
    21.5323   4.938531    131.534     309596   6339.594     657187    34.8781  0.0000e+00
    21.5293   4.938218    131.698     309633   6339.429     657341    34.8780  0.0000e+00
    21.5260   4.937891    131.868     309671   6339.255     657501    34.8780  0.0000e+00
    21.5228   4.937569    132.046     309709   6339.085     657668    34.8780  0.0000e+00
    21.5199   4.937247    132.233     309744   6338.915     657843    34.8777  0.0000e+00
    21.5173   4.936955    132.430     309775   6338.760     658027    34.8775  0.0000e+00
    21.5150   4.936651    132.632     309803   6338.599     658217    34.8768  0.0000e+00
    21.5129   4.936380    132.838     309828   6338.456     658411    34.8763  0.0000e+00
    21.5110   4.936150    133.043     309850   6338.334     658604    34.8759  0.0000e+00
    21.5093   4.935868    133.244     309871   6338.185     658792    34.8751  0.0000e+00
    21.5072   4.935492    133.437     309895   6337.986     658973    34.8737  0.0000e+00
    21.5045   4.935014    133.624     309928   6337.734     659149    34.8720  0.0000e+00
    21.5009   4.934586    133.807     309970   6337.508     659321    34.8714  0.0000e+00
    21.4971   4.934264    133.989     310016   6337.337     659492    34.8719  0.0000e+00
    21.4936   4.934067    134.176     310058   6337.233     659667    34.8731  0.0000e+00
    21.4905   4.933853    134.370     310095   6337.119     659849    34.8739  0.0000e+00
    21.4875   4.933550    134.574     310131   6336.959     660041    34.8738  0.0000e+00
    21.4843   4.933240    134.788     310170   6336.795     660242    34.8740  0.0000e+00
    21.4809   4.933063    135.011     310210   6336.701     660451    34.8752  0.0000e+00
    21.4781   4.932944    135.239     310243   6336.638     660665    34.8764  0.0000e+00
    21.4758   4.932793    135.465     310271   6336.558     660878    34.8770  0.0000e+00
    21.4736   4.932545    135.688     310297   6336.427     661087    34.8768  0.0000e+00
    21.4711   4.932260    135.901     310327   6336.276     661287    34.8764  0.0000e+00
    21.4684   4.932003    136.104     310359   6336.141     661477    34.8765  0.0000e+00
    21.4658   4.931858    136.294     310390   6336.063     661656    34.8774  0.0000e+00
    21.4637   4.931684    136.471     310416   6335.972     661822    34.8777  0.0000e+00
    21.4615   4.931442    136.633     310442   6335.843     661974    34.8775  0.0000e+00
    21.4590   4.931078    136.784     310472   6335.650     662116    34.8766  0.0000e+00
    21.4559   4.930672    136.926     310510   6335.436     662249    34.8759  0.0000e+00
    21.4523   4.930365    137.064     310552   6335.273     662378    34.8763  0.0000e+00
    21.4489   4.930176    137.203     310592   6335.173     662509    34.8775  0.0000e+00
    21.4461   4.929997    137.348     310626   6335.078     662645    34.8783  0.0000e+00
    21.4435   4.929753    137.499     310657   6334.949     662787    34.8784  0.0000e+00
    21.4408   4.929484    137.656     310689   6334.807     662935    34.8783  0.0000e+00
    21.4380   4.929190    137.820     310723   6334.651     663088    34.8783  0.0000e+00
    21.4349   4.928892    137.986     310760   6334.494     663244    34.8783  0.0000e+00
    21.4318   4.928569    138.153     310797   6334.322     663401    34.8783  0.0000e+00
    21.4285   4.928225    138.320     310837   6334.141     663558    34.8782  0.0000e+00
    21.4251   4.927928    138.487     310878   6333.983     663714    34.8785  0.0000e+00
    21.4218   4.927693    138.651     310918   6333.859     663868    34.8793  0.0000e+00
    21.4188   4.927444    138.810     310953   6333.728     664018    34.8796  0.0000e+00
    21.4160   4.927148    138.963     310987   6333.571     664161    34.8795  0.0000e+00
    21.4130   4.926787    139.108     311022   6333.379     664297    34.8790  0.0000e+00
    21.4098   4.926387    139.249     311061   6333.167     664430    34.8784  0.0000e+00
    21.4065   4.926069    139.391     311101   6332.999     664563    34.8785  0.0000e+00
    21.4033   4.925815    139.535     311139   6332.865     664699    34.8791  0.0000e+00
    21.4004   4.925514    139.681     311174   6332.706     664836    34.8790  0.0000e+00
    21.3974   4.925135    139.826     311209   6332.504     664972    34.8783  0.0000e+00
    21.3943   4.924819    139.971     311246   6332.337     665107    34.8783  0.0000e+00
    21.3914   4.924557    140.113     311281   6332.198     665241    34.8785  0.0000e+00
    21.3889   4.924269    140.253     311311   6332.046     665373    34.8782  0.0000e+00
    21.3864   4.923940    140.392     311341   6331.872     665502    34.8775  0.0000e+00
    21.3837   4.923580    140.529     311374   6331.681     665631    34.8768  0.0000e+00
    21.3807   4.923230    140.671     311409   6331.496     665765    34.8764  0.0000e+00
    21.3776   4.922856    140.822     311447   6331.298     665906    34.8759  0.0000e+00
    21.3742   4.922492    140.994     311488   6331.105     666068    34.8758  0.0000e+00
    21.3706   4.922151    141.193     311530   6330.924     666255    34.8758  0.0000e+00
    21.3671   4.921815    141.428     311573   6330.747     666475    34.8760  0.0000e+00
    21.3634   4.921437    141.699     311617   6330.547     666730    34.8758  0.0000e+00
    21.3597   4.921155    142.002     311662   6330.397     667014    34.8765  0.0000e+00
