resources/test-data/19plus_V2_CTD-processing_example_gaussian_5_1_025_excluded.cnv
* Sea-Bird SBE19plus Data File:
* FileName = C:\seabirdscientific\documentation\example_data\19plus_V2_01906130_Profiling.hex
* Software Version 1.59
* Temperature SN =  6130
* Conductivity SN =  6130
* System UpLoad Time = Dec 12 2016 13:25:15
* ds
* SBE 19plus V 2.5.2  SERIAL NO. 6130    12 Dec 2016 09:24:17
# nquan = 8
# nvalues = 3069                        
# units = specified
# name 0 = tv290C: Temperature [ITS-90, deg C]
# name 1 = c0S/m: Conductivity [S/m]
# name 2 = prdM: Pressure, Strain Gauge [db]
# name 3 = f0: Frequency 0
# name 4 = f1: Frequency 1
# name 5 = f2: Frequency 2
# name 6 = sal00: Salinity, Practical [PSU]
# name 7 = flag:  0.000e+00
# span 0 =    18.1982,    22.0317       
# span 1 =   0.008204,   5.061871       
# span 2 =     -0.107,    222.836       
# span 3 =     303686,     351666       
# span 4 =   2638.021,   6404.486       
# span 5 =     533538,     742874       
# span 6 =     0.0463,    35.4955       
# span 7 =  0.0000e+00,  0.0000e+00     
# interval = seconds: 0.25
# start_time = Dec 10 2016 06:16:51 [Instrument's time stamp, header]
# bad_flag = -9.990e-29
*END*
[from data line 2667]
    20.1232   4.681043     -0.103     326812   6201.940     533542    33.9943  0.0000e+00
    20.1246   4.680577     -0.102     326795   6201.688     533543    33.9894  0.0000e+00
    20.1261   4.680068     -0.101     326777   6201.413     533544    33.9841  0.0000e+00
    20.1278   4.680325     -0.100     326755   6201.552     533545    33.9848  0.0000e+00
    20.1296   4.682891     -0.099     326732   6202.939     533546    34.0042  0.0000e+00
    20.1316   4.686037     -0.099     326708   6204.639     533546    34.0282  0.0000e+00
    20.1338   4.689685     -0.100     326681   6206.610     533545    34.0561  0.0000e+00
    20.1357   4.695255     -0.100     326657   6209.621     533545    34.0999  0.0000e+00
    20.1371   4.697690     -0.100     326638   6210.937     533545    34.1186  0.0000e+00
    20.1383   4.696139     -0.101     326624   6210.099     533544    34.1050  0.0000e+00
    20.1392   4.694139     -0.101     326612   6209.019     533544    34.0880  0.0000e+00
    20.1397   4.691228     -0.102     326606   6207.445     533543    34.0639  0.0000e+00
    20.1399   4.687263     -0.102     326604   6205.302     533543    34.0315  0.0000e+00
    20.1399   4.683484     -0.103     326604   6203.260     533542    34.0007  0.0000e+00
    20.1401   4.680953     -0.103     326601   6201.891     533542    33.9800  0.0000e+00
    20.1408   4.679164     -0.103     326592   6200.925     533542    33.9648  0.0000e+00
    20.1419   4.680553     -0.104     326579   6201.676     533541    33.9753  0.0000e+00
    20.1430   4.682502     -0.104     326565   6202.730     533541    33.9903  0.0000e+00
    20.1440   4.684510     -0.105     326552   6203.815     533540    34.0057  0.0000e+00
    20.1447   4.688638     -0.104     326543   6206.046     533541    34.0388  0.0000e+00
    20.1456   4.692792     -0.104     326533   6208.290     533541    34.0719  0.0000e+00
    20.1467   4.696559     -0.103     326519   6210.323     533542    34.1017  0.0000e+00
    20.1476   4.698573     -0.102     326507   6211.410     533543    34.1173  0.0000e+00
    20.1487   4.695779     -0.101     326494   6209.899     533544    34.0937  0.0000e+00
    20.1502   4.688080     -0.100     326475   6205.741     533545    34.0298  0.0000e+00
    20.1517   4.682782     -0.099     326457   6202.880     533546    33.9855  0.0000e+00
    20.1526   4.687477     -0.097     326445   6205.417     533547    34.0230  0.0000e+00
    20.1530   4.694966     -0.096     326441   6209.463     533548    34.0837  0.0000e+00
    20.1530   4.702630     -0.096     326441   6213.603     533548    34.1460  0.0000e+00
    20.1528   4.708220     -0.096     326442   6216.620     533548    34.1916  0.0000e+00
    20.1526   4.712468     -0.096     326444   6218.911     533548    34.2263  0.0000e+00
    20.1523   4.716318     -0.096     326448   6220.987     533548    34.2579  0.0000e+00
    20.1516   4.718981     -0.096     326458   6222.423     533548    34.2803  0.0000e+00
    20.1505   4.720016     -0.096     326472   6222.981     533548    34.2896  0.0000e+00
    20.1497   4.720231     -0.097     326482   6223.097     533547    34.2920  0.0000e+00
    20.1493   4.720391     -0.098     326486   6223.183     533547    34.2936  0.0000e+00
    20.1494   4.720507     -0.098     326485   6223.246     533546    34.2945  0.0000e+00
    20.1498   4.720630     -0.099     326480   6223.312     533546    34.2951  0.0000e+00
    20.1504   4.720697     -0.100     326472   6223.348     533545    34.2952  0.0000e+00
    20.1511   4.720800     -0.100     326464   6223.404     533545    34.2955  0.0000e+00
    20.1516   4.721068     -0.101     326457   6223.548     533544    34.2972  0.0000e+00
    20.1522   4.721376     -0.100     326450   6223.714     533545    34.2992  0.0000e+00
    20.1531   4.721510     -0.100     326438   6223.786     533545    34.2996  0.0000e+00
    20.1543   4.721467     -0.099     326424   6223.763     533546    34.2983  0.0000e+00
    20.1552   4.721385     -0.099     326412   6223.719     533546    34.2969  0.0000e+00
    20.1554   4.721357     -0.100     326410   6223.704     533545    34.2965  0.0000e+00
    20.1550   4.721334     -0.100     326415   6223.692     533545    34.2966  0.0000e+00
    20.1545   4.721290     -0.100     326422   6223.668     533545    34.2967  0.0000e+00
    20.1541   4.721296     -0.100     326426   6223.671     533545    34.2971  0.0000e+00
    20.1540   4.721339     -0.100     326427   6223.694     533545    34.2975  0.0000e+00
    20.1542   4.721367     -0.099     326425   6223.709     533545    34.2975  0.0000e+00
    20.1549   4.721317     -0.099     326416   6223.682     533545    34.2965  0.0000e+00
    20.1558   4.721106     -0.099     326405   6223.569     533545    34.2941  0.0000e+00
    20.1567   4.720698     -0.099     326393   6223.349     533545    34.2900  0.0000e+00
    20.1575   4.720227     -0.099     326384   6223.095     533545    34.2856  0.0000e+00
    20.1582   4.719782     -0.098     326375   6222.855     533546    34.2814  0.0000e+00
    20.1593   4.719489     -0.099     326361   6222.697     533546    34.2781  0.0000e+00
    20.1610   4.719204     -0.099     326340   6222.543     533546    34.2744  0.0000e+00
    20.1629   4.718839     -0.100     326316   6222.347     533545    34.2698  0.0000e+00
    20.1647   4.718509     -0.101     326294   6222.169     533544    34.2658  0.0000e+00
    20.1663   4.718504     -0.101     326273   6222.166     533544    34.2644  0.0000e+00
    20.1679   4.718662     -0.101     326254   6222.252     533544    34.2643  0.0000e+00
    20.1694   4.718564     -0.102     326235   6222.198     533543    34.2623  0.0000e+00
    20.1708   4.718086     -0.102     326218   6221.941     533543    34.2573  0.0000e+00
    20.1721   4.717252     -0.102     326202   6221.491     533543    34.2495  0.0000e+00
    20.1733   4.716469     -0.102     326186   6221.069     533543    34.2421  0.0000e+00
    20.1745   4.716037     -0.102     326172   6220.837     533543    34.2377  0.0000e+00
    20.1750   4.716873     -0.102     326165   6221.287     533543    34.2440  0.0000e+00
    20.1749   4.717856     -0.101     326167   6221.817     533544    34.2521  0.0000e+00
    20.1748   4.719094     -0.101     326168   6222.484     533544    34.2623  0.0000e+00
    20.1752   4.719397     -0.100     326163   6222.648     533545    34.2645  0.0000e+00
    20.1761   4.719490     -0.100     326152   6222.698     533545    34.2645  0.0000e+00
    20.1771   4.719318     -0.100     326139   6222.605     533545    34.2622  0.0000e+00
    20.1777   4.718980     -0.100     326131   6222.423     533545    34.2590  0.0000e+00
    20.1779   4.718701     -0.100     326129   6222.273     533545    34.2565  0.0000e+00
    20.1779   4.718492     -0.101     326129   6222.160     533544    34.2548  0.0000e+00
    20.1779   4.718144     -0.100     326129   6221.972     533545    34.2520  0.0000e+00
    20.1777   4.717634     -0.100     326131   6221.697     533545    34.2480  0.0000e+00
    20.1774   4.717143     -0.100     326135   6221.432     533545    34.2443  0.0000e+00
    20.1769   4.716767     -0.099     326141   6221.230     533546    34.2416  0.0000e+00
    20.1766   4.716553     -0.098     326145   6221.114     533546    34.2401  0.0000e+00
    20.1766   4.716420     -0.099     326145   6221.043     533546    34.2390  0.0000e+00
    20.1770   4.716362     -0.099     326140   6221.012     533546    34.2382  0.0000e+00
    20.1776   4.716357     -0.100     326132   6221.009     533545    34.2377  0.0000e+00
    20.1782   4.716308     -0.101     326126   6220.983     533544    34.2369  0.0000e+00
    20.1783   4.716198     -0.101     326124   6220.924     533544    34.2359  0.0000e+00
    20.1779   4.716064     -0.100     326129   6220.851     533545    34.2351  0.0000e+00
    20.1774   4.716016     -0.100     326136   6220.825     533545    34.2352  0.0000e+00
    20.1772   4.716145     -0.100     326139   6220.895     533545    34.2364  0.0000e+00
    20.1775   4.716346     -0.100     326134   6221.003     533545    34.2377  0.0000e+00
    20.1785   4.716536     -0.100     326122   6221.106     533545    34.2385  0.0000e+00
    20.1798   4.716608     -0.100     326105   6221.144     533545    34.2380  0.0000e+00
    20.1813   4.716478     -0.099     326087   6221.074     533545    34.2357  0.0000e+00
    20.1822   4.716282     -0.099     326076   6220.969     533546    34.2334  0.0000e+00
    20.1824   4.716026     -0.098     326073   6220.831     533546    34.2312  0.0000e+00
    20.1821   4.715696     -0.098     326077   6220.653     533547    34.2287  0.0000e+00
    20.1817   4.715382     -0.099     326082   6220.484     533546    34.2265  0.0000e+00
    20.1813   4.715043     -0.100     326086   6220.300     533545    34.2240  0.0000e+00
    20.1811   4.714649     -0.101     326089   6220.088     533544    34.2210  0.0000e+00
    20.1811   4.714278     -0.101     326089   6219.888     533544    34.2179  0.0000e+00
    20.1814   4.714015     -0.101     326085   6219.746     533544    34.2155  0.0000e+00
    20.1822   4.713793     -0.101     326076   6219.627     533544    34.2131  0.0000e+00
    20.1831   4.713550     -0.101     326064   6219.496     533544    34.2104  0.0000e+00
    20.1839   4.713304     -0.101     326055   6219.363     533544    34.2078  0.0000e+00
    20.1845   4.713263     -0.101     326047   6219.341     533544    34.2070  0.0000e+00
    20.1853   4.713633     -0.100     326037   6219.540     533545    34.2093  0.0000e+00
    20.1864   4.714291     -0.100     326023   6219.895     533545    34.2137  0.0000e+00
    20.1877   4.715026     -0.100     326006   6220.292     533545    34.2186  0.0000e+00
    20.1889   4.715527     -0.100     325992   6220.562     533545    34.2218  0.0000e+00
    20.1894   4.715515     -0.100     325986   6220.555     533545    34.2213  0.0000e+00
    20.1893   4.715322     -0.100     325986   6220.451     533545    34.2198  0.0000e+00
    20.1893   4.715053     -0.100     325986   6220.306     533545    34.2176  0.0000e+00
    20.1895   4.714685     -0.100     325984   6220.108     533545    34.2144  0.0000e+00
    20.1897   4.714191     -0.100     325981   6219.841     533545    34.2102  0.0000e+00
    20.1898   4.713494     -0.100     325980   6219.466     533545    34.2044  0.0000e+00
    20.1898   4.712937     -0.101     325981   6219.166     533544    34.2000  0.0000e+00
    20.1896   4.712507     -0.101     325983   6218.933     533544    34.1966  0.0000e+00
    20.1894   4.712127     -0.101     325986   6218.729     533544    34.1937  0.0000e+00
    20.1891   4.711801     -0.101     325989   6218.553     533544    34.1913  0.0000e+00
    20.1888   4.711485     -0.102     325993   6218.382     533543    34.1890  0.0000e+00
    20.1884   4.711199     -0.102     325998   6218.228     533543    34.1870  0.0000e+00
    20.1879   4.711034     -0.102     326004   6218.139     533543    34.1860  0.0000e+00
    20.1876   4.710979     -0.102     326008   6218.109     533543    34.1859  0.0000e+00
    20.1876   4.710983     -0.102     326008   6218.111     533543    34.1859  0.0000e+00
    20.1880   4.711032     -0.102     326004   6218.138     533543    34.1860  0.0000e+00
    20.1888   4.711098     -0.102     325993   6218.173     533543    34.1858  0.0000e+00
    20.1900   4.711129     -0.101     325978   6218.190     533544    34.1851  0.0000e+00
    20.1910   4.711113     -0.101     325966   6218.181     533544    34.1842  0.0000e+00
    20.1915   4.711069     -0.101     325960   6218.157     533544    34.1835  0.0000e+00
    20.1915   4.710909     -0.100     325959   6218.071     533545    34.1821  0.0000e+00
    20.1911   4.710748     -0.100     325964   6217.985     533545    34.1811  0.0000e+00
    20.1906   4.710634     -0.100     325970   6217.923     533545    34.1806  0.0000e+00
    20.1902   4.710533     -0.100     325975   6217.868     533545    34.1801  0.0000e+00
    20.1900   4.710388     -0.099     325978   6217.790     533546    34.1791  0.0000e+00
    20.1898   4.710156     -0.100     325980   6217.665     533545    34.1774  0.0000e+00
    20.1893   4.709914     -0.100     325987   6217.534     533545    34.1758  0.0000e+00
    20.1887   4.709664     -0.101     325994   6217.400     533544    34.1743  0.0000e+00
    20.1883   4.709507     -0.101     326000   6217.315     533544    34.1734  0.0000e+00
    20.1881   4.708766     -0.101     326001   6216.915     533544    34.1674  0.0000e+00
    20.1886   4.705023     -0.101     325996   6214.893     533544    34.1366  0.0000e+00
    20.1896   4.697180     -0.101     325983   6210.654     533544    34.0721  0.0000e+00
    20.1911   4.685454     -0.101     325964   6204.316     533544    33.9755  0.0000e+00
    20.1929   4.674192     -0.101     325942   6198.230     533544    33.8826  0.0000e+00
    20.1943   4.668149     -0.100     325925   6194.962     533545    33.8323  0.0000e+00
    20.1951   4.672384     -0.100     325915   6197.254     533545    33.8661  0.0000e+00
    20.1952   4.678545     -0.099     325913   6200.586     533545    33.9160  0.0000e+00
    20.1949   4.685934     -0.099     325917   6204.580     533546    33.9764  0.0000e+00
    20.1943   4.692016     -0.099     325924   6207.865     533546    34.0263  0.0000e+00
    20.1937   4.703693     -0.099     325931   6214.176     533545    34.1216  0.0000e+00
    20.1932   4.709174     -0.099     325938   6217.135     533546    34.1666  0.0000e+00
    20.1927   4.708926     -0.099     325944   6217.002     533546    34.1650  0.0000e+00
    20.1922   4.708735     -0.099     325950   6216.898     533545    34.1638  0.0000e+00
    20.1919   4.708573     -0.101     325954   6216.811     533544    34.1628  0.0000e+00
    20.1917   4.708467     -0.102     325956   6216.754     533543    34.1620  0.0000e+00
    20.1914   4.708365     -0.103     325960   6216.699     533542    34.1615  0.0000e+00
    20.1910   4.708582     -0.102     325966   6216.816     533543    34.1636  0.0000e+00
    20.1908   4.708886     -0.103     325968   6216.981     533542    34.1662  0.0000e+00
    20.1911   4.709273     -0.103     325964   6217.189     533542    34.1691  0.0000e+00
    20.1917   4.709822     -0.104     325957   6217.485     533541    34.1732  0.0000e+00
    20.1921   4.710434     -0.104     325952   6217.816     533541    34.1778  0.0000e+00
    20.1919   4.710950     -0.103     325954   6218.094     533542    34.1821  0.0000e+00
    20.1913   4.711352     -0.103     325962   6218.311     533542    34.1859  0.0000e+00
    20.1910   4.711649     -0.102     325966   6218.471     533543    34.1886  0.0000e+00
    20.1912   4.711680     -0.101     325963   6218.487     533544    34.1886  0.0000e+00
    20.1919   4.711419     -0.100     325954   6218.347     533545    34.1860  0.0000e+00
    20.1927   4.710867     -0.100     325945   6218.049     533545    34.1808  0.0000e+00
    20.1932   4.710133     -0.100     325938   6217.653     533545    34.1744  0.0000e+00
    20.1933   4.709431     -0.100     325936   6217.274     533545    34.1686  0.0000e+00
    20.1930   4.708891     -0.100     325940   6216.983     533545    34.1645  0.0000e+00
    20.1926   4.708558     -0.100     325946   6216.803     533545    34.1621  0.0000e+00
    20.1921   4.708401     -0.101     325952   6216.719     533544    34.1612  0.0000e+00
    20.1917   4.708221     -0.100     325957   6216.621     533545    34.1601  0.0000e+00
    20.1911   4.708000     -0.100     325965   6216.502     533545    34.1588  0.0000e+00
    20.1903   4.707882     -0.101     325974   6216.439     533544    34.1584  0.0000e+00
    20.1897   4.707824     -0.101     325982   6216.407     533544    34.1585  0.0000e+00
    20.1894   4.707793     -0.101     325985   6216.390     533544    34.1585  0.0000e+00
    20.1896   4.707765     -0.102     325983   6216.376     533543    34.1581  0.0000e+00
