resources/test-data/19plus_V2_CTD-processing_example_gaussian_5_1_025_excluded.cnv
* Sea-Bird SBE19plus Data File:
* FileName = C:\seabirdscientific\documentation\example_data\19plus_V2_01906130_Profiling.hex
* Software Version 1.59
* Temperature SN =  6130
* Conductivity SN =  6130
* System UpLoad Time = Dec 12 2016 13:25:15
* ds
* SBE 19plus V 2.5.2  SERIAL NO. 6130    12 Dec 2016 09:24:17
# nquan = 8
# nvalues = 3069                        
# units = specified
# name 0 = tv290C: Temperature [ITS-90, deg C]
# name 1 = c0S/m: Conductivity [S/m]
# name 2 = prdM: Pressure, Strain Gauge [db]
# name 3 = f0: Frequency 0
# name 4 = f1: Frequency 1
# name 5 = f2: Frequency 2
# name 6 = sal00: Salinity, Practical [PSU]
# name 7 = flag:  0.000e+00
# span 0 =    18.1982,    22.0317       
# span 1 =   0.008204,   5.061871       
# span 2 =     -0.107,    222.836       
# span 3 =     303686,     351666       
# span 4 =   2638.021,   6404.486       
# span 5 =     533538,     742874       
# span 6 =     0.0463,    35.4955       
# span 7 =  0.0000e+00,  0.0000e+00     
# interval = seconds: 0.25
# start_time = Dec 10 2016 06:16:51 [Instrument's time stamp, header]
# bad_flag = -9.990e-29
*END*
[from data line 2312]
    18.8329   4.667626     67.273     343297   6194.653     596841    34.9247  0.0000e+00
    18.8372   4.668153     66.939     343242   6194.939     596527    34.9256  0.0000e+00
    18.8420   4.668677     66.610     343180   6195.222     596218    34.9261  0.0000e+00
    18.8469   4.669155     66.303     343115   6195.481     595930    34.9261  0.0000e+00
    18.8519   4.669640     66.023     343050   6195.744     595667    34.9260  0.0000e+00
    18.8568   4.670098     65.775     342987   6195.992     595434    34.9258  0.0000e+00
    18.8616   4.670541     65.560     342924   6196.232     595233    34.9256  0.0000e+00
    18.8663   4.670998     65.384     342862   6196.479     595067    34.9255  0.0000e+00
    18.8709   4.671342     65.243     342802   6196.666     594935    34.9245  0.0000e+00
    18.8751   4.671652     65.129     342748   6196.834     594828    34.9236  0.0000e+00
    18.8787   4.671975     65.031     342700   6197.009     594735    34.9233  0.0000e+00
    18.8821   4.672356     64.934     342655   6197.215     594644    34.9236  0.0000e+00
    18.8857   4.672803     64.824     342609   6197.457     594541    34.9244  0.0000e+00
    18.8898   4.673339     64.688     342555   6197.747     594413    34.9255  0.0000e+00
    18.8945   4.673793     64.517     342494   6197.992     594252    34.9254  0.0000e+00
    18.8992   4.674155     64.303     342434   6198.188     594052    34.9246  0.0000e+00
    18.9035   4.674540     64.050     342377   6198.397     593814    34.9242  0.0000e+00
    18.9078   4.675003     63.761     342322   6198.647     593543    34.9246  0.0000e+00
    18.9122   4.675472     63.444     342265   6198.901     593244    34.9250  0.0000e+00
    18.9167   4.675906     63.102     342206   6199.136     592924    34.9249  0.0000e+00
    18.9212   4.676351     62.750     342147   6199.377     592593    34.9250  0.0000e+00
    18.9257   4.676797     62.397     342089   6199.619     592261    34.9251  0.0000e+00
    18.9302   4.677196     62.050     342031   6199.835     591936    34.9247  0.0000e+00
    18.9346   4.677533     61.721     341973   6200.017     591626    34.9240  0.0000e+00
    18.9385   4.677865     61.419     341922   6200.197     591343    34.9235  0.0000e+00
    18.9423   4.678253     61.147     341873   6200.407     591087    34.9237  0.0000e+00
    18.9460   4.678668     60.904     341824   6200.631     590859    34.9241  0.0000e+00
    18.9499   4.679082     60.692     341774   6200.856     590660    34.9244  0.0000e+00
    18.9539   4.679498     60.502     341722   6201.081     590481    34.9246  0.0000e+00
    18.9580   4.679900     60.329     341669   6201.298     590319    34.9245  0.0000e+00
    18.9620   4.680290     60.169     341616   6201.509     590168    34.9244  0.0000e+00
    18.9660   4.680731     60.015     341564   6201.748     590024    34.9248  0.0000e+00
    18.9702   4.681230     59.859     341510   6202.018     589877    34.9255  0.0000e+00
    18.9746   4.681716     59.694     341452   6202.281     589722    34.9259  0.0000e+00
    18.9792   4.682174     59.511     341394   6202.528     589550    34.9260  0.0000e+00
    18.9836   4.682643     59.309     341336   6202.782     589360    34.9262  0.0000e+00
    18.9880   4.683097     59.088     341279   6203.028     589153    34.9264  0.0000e+00
    18.9924   4.683566     58.847     341222   6203.281     588927    34.9267  0.0000e+00
    18.9968   4.684039     58.591     341164   6203.537     588686    34.9270  0.0000e+00
    19.0013   4.684519     58.316     341107   6203.797     588428    34.9274  0.0000e+00
    19.0057   4.684918     58.024     341050   6204.012     588154    34.9272  0.0000e+00
    19.0099   4.685277     57.719     340995   6204.207     587867    34.9267  0.0000e+00
    19.0140   4.685690     57.408     340941   6204.430     587575    34.9268  0.0000e+00
    19.0183   4.686150     57.100     340885   6204.679     587285    34.9271  0.0000e+00
    19.0230   4.686656     56.798     340825   6204.953     587002    34.9275  0.0000e+00
    19.0280   4.687133     56.509     340760   6205.210     586731    34.9274  0.0000e+00
    19.0330   4.687464     56.234     340696   6205.390     586472    34.9261  0.0000e+00
    19.0372   4.687756     55.977     340641   6205.547     586231    34.9250  0.0000e+00
    19.0410   4.688108     55.734     340592   6205.737     586003    34.9249  0.0000e+00
    19.0447   4.688515     55.505     340544   6205.957     585787    34.9253  0.0000e+00
    19.0485   4.688923     55.287     340495   6206.178     585582    34.9256  0.0000e+00
    19.0524   4.689267     55.076     340444   6206.364     585384    34.9252  0.0000e+00
    19.0562   4.689596     54.872     340394   6206.542     585193    34.9248  0.0000e+00
    19.0599   4.690002     54.671     340347   6206.762     585004    34.9252  0.0000e+00
    19.0639   4.690510     54.471     340295   6207.036     584816    34.9261  0.0000e+00
    19.0685   4.691012     54.264     340236   6207.307     584622    34.9266  0.0000e+00
    19.0732   4.691488     54.051     340173   6207.565     584422    34.9266  0.0000e+00
    19.0781   4.691904     53.829     340111   6207.790     584213    34.9260  0.0000e+00
    19.0826   4.692232     53.595     340052   6207.967     583993    34.9250  0.0000e+00
    19.0867   4.692545     53.350     339999   6208.136     583763    34.9242  0.0000e+00
    19.0905   4.692882     53.096     339950   6208.318     583524    34.9240  0.0000e+00
    19.0942   4.693269     52.832     339902   6208.527     583277    34.9242  0.0000e+00
    19.0980   4.693647     52.561     339854   6208.732     583022    34.9243  0.0000e+00
    19.1018   4.694015     52.287     339804   6208.931     582765    34.9242  0.0000e+00
    19.1059   4.694419     52.011     339751   6209.149     582505    34.9242  0.0000e+00
    19.1103   4.694891     51.735     339695   6209.404     582246    34.9246  0.0000e+00
    19.1149   4.695388     51.463     339635   6209.673     581990    34.9250  0.0000e+00
    19.1196   4.695854     51.195     339574   6209.925     581739    34.9250  0.0000e+00
    19.1244   4.696327     50.931     339512   6210.180     581491    34.9250  0.0000e+00
    19.1293   4.696824     50.666     339449   6210.449     581242    34.9252  0.0000e+00
    19.1343   4.697285     50.412     339384   6210.697     581003    34.9249  0.0000e+00
    19.1392   4.697771     50.166     339320   6210.960     580772    34.9249  0.0000e+00
    19.1441   4.698315     49.925     339257   6211.254     580545    34.9254  0.0000e+00
    19.1491   4.698811     49.695     339193   6211.522     580330    34.9254  0.0000e+00
    19.1539   4.699226     49.475     339130   6211.746     580123    34.9249  0.0000e+00
    19.1585   4.699578     49.260     339071   6211.936     579921    34.9241  0.0000e+00
    19.1626   4.699966     49.051     339019   6212.145     579725    34.9239  0.0000e+00
    19.1664   4.700386     48.846     338969   6212.372     579532    34.9243  0.0000e+00
    19.1701   4.700765     48.642     338921   6212.577     579340    34.9244  0.0000e+00
    19.1738   4.701163     48.437     338873   6212.792     579148    34.9247  0.0000e+00
    19.1776   4.701569     48.224     338825   6213.011     578948    34.9250  0.0000e+00
    19.1814   4.702025     47.997     338776   6213.258     578735    34.9257  0.0000e+00
    19.1856   4.702535     47.750     338722   6213.533     578502    34.9265  0.0000e+00
    19.1902   4.703058     47.485     338662   6213.816     578253    34.9271  0.0000e+00
    19.1952   4.703572     47.198     338598   6214.093     577984    34.9272  0.0000e+00
    19.2005   4.704047     46.891     338529   6214.350     577696    34.9268  0.0000e+00
    19.2057   4.704462     46.569     338462   6214.574     577393    34.9260  0.0000e+00
    19.2105   4.704883     46.238     338400   6214.801     577082    34.9256  0.0000e+00
    19.2151   4.705288     45.902     338341   6215.020     576766    34.9252  0.0000e+00
    19.2195   4.705674     45.568     338285   6215.228     576452    34.9249  0.0000e+00
    19.2239   4.706066     45.245     338229   6215.440     576149    34.9247  0.0000e+00
    19.2283   4.706461     44.937     338171   6215.653     575860    34.9243  0.0000e+00
    19.2329   4.706824     44.649     338113   6215.849     575590    34.9236  0.0000e+00
    19.2373   4.707177     44.381     338056   6216.040     575338    34.9230  0.0000e+00
    19.2414   4.707553     44.134     338003   6216.243     575106    34.9227  0.0000e+00
    19.2454   4.707978     43.910     337951   6216.472     574895    34.9230  0.0000e+00
    19.2495   4.708387     43.705     337898   6216.693     574703    34.9230  0.0000e+00
    19.2538   4.708843     43.514     337844   6216.939     574523    34.9233  0.0000e+00
    19.2582   4.709283     43.331     337786   6217.176     574351    34.9232  0.0000e+00
    19.2630   4.709702     43.147     337725   6217.402     574178    34.9228  0.0000e+00
    19.2677   4.710036     42.956     337664   6217.582     573999    34.9217  0.0000e+00
    19.2723   4.710378     42.765     337605   6217.767     573819    34.9207  0.0000e+00
    19.2768   4.710735     42.572     337548   6217.960     573638    34.9200  0.0000e+00
    19.2813   4.711119     42.371     337490   6218.167     573449    34.9195  0.0000e+00
    19.2858   4.711484     42.159     337431   6218.364     573250    34.9188  0.0000e+00
    19.2903   4.711743     41.935     337373   6218.504     573040    34.9173  0.0000e+00
    19.2942   4.711855     41.697     337324   6218.564     572816    34.9150  0.0000e+00
    19.2974   4.711956     41.443     337282   6218.619     572578    34.9132  0.0000e+00
    19.3004   4.712102     41.175     337244   6218.697     572326    34.9121  0.0000e+00
    19.3034   4.712288     40.891     337205   6218.798     572059    34.9112  0.0000e+00
    19.3067   4.712547     40.600     337164   6218.938     571786    34.9107  0.0000e+00
    19.3102   4.712861     40.303     337118   6219.107     571507    34.9104  0.0000e+00
    19.3142   4.713206     40.008     337066   6219.293     571229    34.9101  0.0000e+00
    19.3187   4.713584     39.717     337008   6219.497     570956    34.9095  0.0000e+00
    19.3236   4.713978     39.433     336946   6219.710     570689    34.9088  0.0000e+00
    19.3286   4.714377     39.163     336882   6219.925     570435    34.9081  0.0000e+00
    19.3337   4.714825     38.903     336816   6220.167     570192    34.9076  0.0000e+00
    19.3392   4.715319     38.657     336746   6220.433     569960    34.9072  0.0000e+00
    19.3451   4.715763     38.414     336670   6220.673     569732    34.9060  0.0000e+00
    19.3512   4.716097     38.175     336592   6220.853     569507    34.9038  0.0000e+00
    19.3569   4.716374     37.934     336518   6221.002     569281    34.9013  0.0000e+00
    19.3623   4.716658     37.691     336449   6221.156     569052    34.8993  0.0000e+00
    19.3674   4.716973     37.444     336384   6221.325     568821    34.8977  0.0000e+00
    19.3722   4.717263     37.197     336322   6221.482     568588    34.8962  0.0000e+00
    19.3767   4.717471     36.945     336264   6221.594     568352    34.8942  0.0000e+00
    19.3809   4.717649     36.693     336211   6221.690     568115    34.8923  0.0000e+00
    19.3848   4.717842     36.441     336160   6221.794     567878    34.8907  0.0000e+00
    19.3888   4.718026     36.192     336109   6221.893     567644    34.8890  0.0000e+00
    19.3928   4.718202     35.944     336059   6221.988     567412    34.8872  0.0000e+00
    19.3967   4.718434     35.701     336008   6222.114     567183    34.8859  0.0000e+00
    19.4007   4.718646     35.461     335957   6222.228     566958    34.8844  0.0000e+00
    19.4047   4.718792     35.226     335906   6222.307     566737    34.8824  0.0000e+00
    19.4087   4.718935     34.994     335854   6222.383     566519    34.8803  0.0000e+00
    19.4128   4.719141     34.765     335802   6222.495     566304    34.8787  0.0000e+00
    19.4169   4.719419     34.537     335750   6222.645     566090    34.8777  0.0000e+00
    19.4212   4.719775     34.306     335694   6222.837     565873    34.8771  0.0000e+00
    19.4259   4.720136     34.070     335634   6223.031     565651    34.8762  0.0000e+00
    19.4309   4.720550     33.831     335570   6223.254     565427    34.8756  0.0000e+00
    19.4360   4.720888     33.591     335506   6223.437     565201    34.8742  0.0000e+00
    19.4411   4.721204     33.348     335441   6223.608     564972    34.8727  0.0000e+00
    19.4461   4.721441     33.101     335376   6223.735     564740    34.8705  0.0000e+00
    19.4509   4.721636     32.847     335315   6223.841     564502    34.8682  0.0000e+00
    19.4553   4.721818     32.595     335258   6223.939     564265    34.8661  0.0000e+00
    19.4596   4.722026     32.342     335203   6224.051     564028    34.8643  0.0000e+00
    19.4640   4.722270     32.097     335147   6224.182     563797    34.8627  0.0000e+00
    19.4689   4.722555     31.864     335084   6224.336     563579    34.8611  0.0000e+00
    19.4741   4.722835     31.642     335018   6224.487     563370    34.8591  0.0000e+00
    19.4794   4.723094     31.430     334950   6224.627     563171    34.8569  0.0000e+00
    19.4845   4.723309     31.228     334886   6224.742     562981    34.8545  0.0000e+00
    19.4890   4.723516     31.029     334828   6224.854     562794    34.8526  0.0000e+00
    19.4933   4.723709     30.828     334773   6224.958     562605    34.8507  0.0000e+00
    19.4975   4.723890     30.623     334719   6225.056     562412    34.8486  0.0000e+00
    19.5021   4.724033     30.405     334660   6225.133     562208    34.8461  0.0000e+00
    19.5069   4.724127     30.177     334600   6225.183     561993    34.8430  0.0000e+00
    19.5117   4.724312     29.934     334538   6225.283     561765    34.8406  0.0000e+00
    19.5165   4.724436     29.678     334476   6225.350     561525    34.8377  0.0000e+00
    19.5211   4.724693     29.414     334418   6225.488     561277    34.8361  0.0000e+00
    19.5255   4.725094     29.139     334362   6225.705     561018    34.8358  0.0000e+00
    19.5300   4.725471     28.860     334304   6225.908     560757    34.8353  0.0000e+00
    19.5346   4.725650     28.587     334245   6226.005     560500    34.8330  0.0000e+00
    19.5391   4.725606     28.316     334188   6225.981     560246    34.8290  0.0000e+00
    19.5434   4.725341     28.049     334133   6225.838     559994    34.8233  0.0000e+00
    19.5476   4.724934     27.785     334079   6225.619     559746    34.8165  0.0000e+00
    19.5515   4.724423     27.517     334030   6225.344     559495    34.8091  0.0000e+00
    19.5549   4.723920     27.254     333986   6225.073     559247    34.8022  0.0000e+00
    19.5581   4.723438     26.987     333946   6224.814     558996    34.7957  0.0000e+00
    19.5613   4.723005     26.715     333906   6224.581     558741    34.7896  0.0000e+00
    19.5645   4.722647     26.439     333864   6224.387     558482    34.7840  0.0000e+00
    19.5681   4.722399     26.165     333818   6224.254     558224    34.7791  0.0000e+00
    19.5718   4.722269     25.895     333772   6224.184     557971    34.7750  0.0000e+00
    19.5750   4.722057     25.631     333731   6224.070     557722    34.7708  0.0000e+00
    19.5774   4.721578     25.376     333700   6223.812     557483    34.7648  0.0000e+00
    19.5794   4.720715     25.136     333675   6223.346     557258    34.7562  0.0000e+00
    19.5812   4.719654     24.913     333651   6222.775     557048    34.7460  0.0000e+00
    19.5838   4.718636     24.707     333619   6222.226     556854    34.7355  0.0000e+00
    19.5874   4.717924     24.516     333573   6221.843     556675    34.7267  0.0000e+00
