resources/test-data/19plus_V2_CTD-processing_example_cosine_5.cnv
* Sea-Bird SBE19plus Data File:
* FileName = C:\seabirdscientific\documentation\example_data\19plus_V2_01906130_Profiling.hex
* Software Version 1.59
* Temperature SN =  6130
* Conductivity SN =  6130
* System UpLoad Time = Dec 12 2016 13:25:15
* ds
* SBE 19plus V 2.5.2  SERIAL NO. 6130    12 Dec 2016 09:24:17
# nquan = 8
# nvalues = 3069                        
# units = specified
# name 0 = tv290C: Temperature [ITS-90, deg C]
# name 1 = c0S/m: Conductivity [S/m]
# name 2 = prdM: Pressure, Strain Gauge [db]
# name 3 = f0: Frequency 0
# name 4 = f1: Frequency 1
# name 5 = f2: Frequency 2
# name 6 = sal00: Salinity, Practical [PSU]
# name 7 = flag:  0.000e+00
# span 0 =    18.1982,    22.0319       
# span 1 =   0.008202,   5.061661       
# span 2 =     -0.107,    222.829       
# span 3 =     303684,     351666       
# span 4 =   2638.018,   6404.375       
# span 5 =     533538,     742868       
# span 6 =     0.0463,    35.4944       
# span 7 =  0.0000e+00,  0.0000e+00     
# interval = seconds: 0.25
# start_time = Dec 10 2016 06:16:51 [Instrument's time stamp, header]
# bad_flag = -9.990e-29
*END*
[from data line 2667]
    20.1239   4.680449     -0.103     326803   6201.619     533542    33.9889  0.0000e+00
    20.1254   4.680483     -0.102     326786   6201.638     533543    33.9880  0.0000e+00
    20.1269   4.680273     -0.100     326766   6201.524     533544    33.9851  0.0000e+00
    20.1287   4.681060     -0.100     326743   6201.949     533545    33.9900  0.0000e+00
    20.1307   4.684464     -0.099     326719   6203.789     533546    34.0161  0.0000e+00
    20.1327   4.688690     -0.099     326693   6206.073     533546    34.0489  0.0000e+00
    20.1347   4.692742     -0.100     326668   6208.262     533545    34.0802  0.0000e+00
    20.1365   4.696327     -0.100     326647   6210.200     533545    34.1080  0.0000e+00
    20.1378   4.697093     -0.101     326630   6210.614     533544    34.1132  0.0000e+00
    20.1388   4.695062     -0.101     326617   6209.517     533544    34.0958  0.0000e+00
    20.1395   4.692706     -0.102     326609   6208.244     533543    34.0761  0.0000e+00
    20.1398   4.689120     -0.102     326606   6206.306     533543    34.0467  0.0000e+00
    20.1398   4.685007     -0.102     326605   6204.083     533542    34.0132  0.0000e+00
    20.1399   4.682022     -0.103     326603   6202.469     533542    33.9888  0.0000e+00
    20.1405   4.680068     -0.103     326596   6201.413     533542    33.9725  0.0000e+00
    20.1415   4.679743     -0.103     326584   6201.237     533542    33.9691  0.0000e+00
    20.1425   4.681625     -0.104     326572   6202.255     533541    33.9836  0.0000e+00
    20.1434   4.683718     -0.104     326559   6203.387     533541    33.9998  0.0000e+00
    20.1444   4.686046     -0.105     326547   6204.646     533540    34.0179  0.0000e+00
    20.1452   4.690687     -0.104     326537   6207.153     533541    34.0551  0.0000e+00
    20.1461   4.696266     -0.104     326527   6210.165     533541    34.0998  0.0000e+00
    20.1471   4.698260     -0.103     326514   6211.242     533542    34.1152  0.0000e+00
    20.1482   4.696029     -0.102     326500   6210.035     533543    34.0961  0.0000e+00
    20.1496   4.690525     -0.100     326483   6207.061     533544    34.0503  0.0000e+00
    20.1510   4.685426     -0.099     326465   6204.308     533545    34.0076  0.0000e+00
    20.1522   4.685530     -0.098     326450   6204.366     533547    34.0075  0.0000e+00
    20.1528   4.691703     -0.097     326443   6207.701     533548    34.0573  0.0000e+00
    20.1529   4.698868     -0.096     326441   6211.571     533548    34.1155  0.0000e+00
    20.1529   4.705463     -0.096     326441   6215.132     533548    34.1691  0.0000e+00
    20.1528   4.710624     -0.096     326442   6217.917     533548    34.2112  0.0000e+00
    20.1525   4.714633     -0.096     326446   6220.078     533548    34.2441  0.0000e+00
    20.1519   4.717703     -0.096     326454   6221.734     533548    34.2696  0.0000e+00
    20.1510   4.719471     -0.096     326466   6222.688     533548    34.2848  0.0000e+00
    20.1501   4.720114     -0.097     326477   6223.034     533548    34.2908  0.0000e+00
    20.1495   4.720326     -0.097     326484   6223.148     533547    34.2930  0.0000e+00
    20.1493   4.720477     -0.098     326486   6223.230     533546    34.2943  0.0000e+00
    20.1496   4.720549     -0.099     326482   6223.268     533546    34.2947  0.0000e+00
    20.1502   4.720626     -0.099     326475   6223.310     533545    34.2948  0.0000e+00
    20.1507   4.720757     -0.100     326468   6223.380     533545    34.2954  0.0000e+00
    20.1513   4.720979     -0.100     326462   6223.500     533545    34.2968  0.0000e+00
    20.1519   4.721243     -0.101     326454   6223.642     533544    34.2984  0.0000e+00
    20.1527   4.721430     -0.100     326443   6223.743     533545    34.2992  0.0000e+00
    20.1538   4.721480     -0.100     326430   6223.770     533545    34.2988  0.0000e+00
    20.1548   4.721433     -0.100     326417   6223.745     533546    34.2976  0.0000e+00
    20.1552   4.721370     -0.100     326412   6223.711     533546    34.2967  0.0000e+00
    20.1551   4.721338     -0.100     326413   6223.693     533545    34.2965  0.0000e+00
    20.1547   4.721311     -0.100     326419   6223.679     533545    34.2967  0.0000e+00
    20.1542   4.721290     -0.100     326424   6223.667     533545    34.2969  0.0000e+00
    20.1540   4.721320     -0.100     326428   6223.684     533545    34.2973  0.0000e+00
    20.1541   4.721367     -0.099     326427   6223.709     533546    34.2976  0.0000e+00
    20.1546   4.721374     -0.099     326420   6223.713     533545    34.2973  0.0000e+00
    20.1554   4.721220     -0.099     326410   6223.630     533545    34.2953  0.0000e+00
    20.1563   4.720866     -0.099     326399   6223.439     533545    34.2917  0.0000e+00
    20.1570   4.720414     -0.099     326390   6223.195     533546    34.2875  0.0000e+00
    20.1578   4.720028     -0.099     326380   6222.988     533546    34.2837  0.0000e+00
    20.1588   4.719666     -0.098     326368   6222.792     533546    34.2799  0.0000e+00
    20.1602   4.719317     -0.099     326350   6222.604     533546    34.2759  0.0000e+00
    20.1620   4.718955     -0.100     326328   6222.409     533545    34.2716  0.0000e+00
    20.1638   4.718669     -0.100     326305   6222.255     533545    34.2677  0.0000e+00
    20.1656   4.718536     -0.101     326283   6222.184     533544    34.2653  0.0000e+00
    20.1672   4.718589     -0.101     326263   6222.212     533544    34.2643  0.0000e+00
    20.1687   4.718717     -0.101     326244   6222.281     533544    34.2642  0.0000e+00
    20.1701   4.718311     -0.102     326227   6222.062     533543    34.2597  0.0000e+00
    20.1715   4.717597     -0.102     326209   6221.677     533543    34.2528  0.0000e+00
    20.1728   4.716664     -0.102     326192   6221.174     533543    34.2441  0.0000e+00
    20.1740   4.716254     -0.102     326178   6220.953     533543    34.2398  0.0000e+00
    20.1747   4.716510     -0.102     326169   6221.091     533543    34.2413  0.0000e+00
    20.1748   4.717483     -0.101     326167   6221.616     533544    34.2491  0.0000e+00
    20.1748   4.718479     -0.101     326168   6222.153     533544    34.2573  0.0000e+00
    20.1750   4.719300     -0.101     326165   6222.595     533544    34.2638  0.0000e+00
    20.1757   4.719446     -0.100     326156   6222.674     533545    34.2644  0.0000e+00
    20.1767   4.719360     -0.100     326144   6222.628     533545    34.2629  0.0000e+00
    20.1774   4.719138     -0.100     326135   6222.508     533545    34.2605  0.0000e+00
    20.1778   4.718868     -0.100     326130   6222.363     533545    34.2580  0.0000e+00
    20.1779   4.718614     -0.100     326128   6222.225     533545    34.2558  0.0000e+00
    20.1779   4.718298     -0.101     326128   6222.055     533544    34.2532  0.0000e+00
    20.1778   4.717859     -0.100     326130   6221.818     533545    34.2498  0.0000e+00
    20.1775   4.717371     -0.100     326133   6221.556     533545    34.2460  0.0000e+00
    20.1771   4.716947     -0.099     326138   6221.327     533546    34.2429  0.0000e+00
    20.1767   4.716646     -0.099     326144   6221.164     533546    34.2408  0.0000e+00
    20.1766   4.716477     -0.098     326145   6221.074     533546    34.2395  0.0000e+00
    20.1768   4.716397     -0.099     326142   6221.031     533546    34.2387  0.0000e+00
    20.1774   4.716376     -0.099     326135   6221.019     533545    34.2380  0.0000e+00
    20.1780   4.716336     -0.100     326128   6220.998     533545    34.2372  0.0000e+00
    20.1782   4.716235     -0.101     326125   6220.944     533544    34.2362  0.0000e+00
    20.1781   4.716110     -0.101     326127   6220.876     533544    34.2354  0.0000e+00
    20.1776   4.716026     -0.100     326133   6220.831     533545    34.2350  0.0000e+00
    20.1772   4.716091     -0.100     326138   6220.866     533545    34.2359  0.0000e+00
    20.1773   4.716273     -0.100     326137   6220.964     533545    34.2373  0.0000e+00
    20.1780   4.716453     -0.100     326128   6221.061     533545    34.2382  0.0000e+00
    20.1793   4.716575     -0.100     326112   6221.126     533545    34.2382  0.0000e+00
    20.1806   4.716554     -0.100     326095   6221.115     533545    34.2369  0.0000e+00
    20.1818   4.716373     -0.099     326081   6221.018     533546    34.2345  0.0000e+00
    20.1823   4.716135     -0.098     326075   6220.890     533546    34.2321  0.0000e+00
    20.1822   4.715869     -0.098     326075   6220.746     533546    34.2300  0.0000e+00
    20.1819   4.715547     -0.098     326079   6220.572     533546    34.2277  0.0000e+00
    20.1815   4.715196     -0.100     326084   6220.383     533545    34.2251  0.0000e+00
    20.1812   4.714817     -0.101     326088   6220.178     533544    34.2223  0.0000e+00
    20.1811   4.714451     -0.101     326089   6219.981     533544    34.2194  0.0000e+00
    20.1813   4.714162     -0.101     326087   6219.826     533544    34.2169  0.0000e+00
    20.1819   4.713909     -0.101     326079   6219.689     533544    34.2143  0.0000e+00
    20.1827   4.713646     -0.101     326069   6219.547     533544    34.2115  0.0000e+00
    20.1835   4.713387     -0.101     326060   6219.408     533544    34.2088  0.0000e+00
    20.1841   4.713228     -0.101     326052   6219.322     533544    34.2070  0.0000e+00
    20.1848   4.713449     -0.101     326043   6219.441     533544    34.2082  0.0000e+00
    20.1859   4.714037     -0.100     326029   6219.758     533545    34.2121  0.0000e+00
    20.1872   4.714729     -0.100     326013   6220.131     533545    34.2167  0.0000e+00
    20.1884   4.715280     -0.100     325998   6220.429     533545    34.2202  0.0000e+00
    20.1891   4.715495     -0.100     325989   6220.545     533545    34.2214  0.0000e+00
    20.1893   4.715427     -0.100     325986   6220.508     533545    34.2206  0.0000e+00
    20.1893   4.715218     -0.100     325986   6220.395     533545    34.2189  0.0000e+00
    20.1894   4.714871     -0.100     325985   6220.208     533545    34.2160  0.0000e+00
    20.1896   4.714399     -0.100     325982   6219.954     533545    34.2120  0.0000e+00
    20.1898   4.713821     -0.100     325980   6219.642     533545    34.2071  0.0000e+00
    20.1898   4.713198     -0.101     325980   6219.306     533544    34.2021  0.0000e+00
    20.1897   4.712715     -0.101     325982   6219.046     533544    34.1982  0.0000e+00
    20.1895   4.712318     -0.101     325984   6218.832     533544    34.1952  0.0000e+00
    20.1892   4.711952     -0.101     325987   6218.634     533544    34.1924  0.0000e+00
    20.1889   4.711623     -0.101     325991   6218.456     533544    34.1900  0.0000e+00
    20.1886   4.711331     -0.102     325996   6218.299     533543    34.1879  0.0000e+00
    20.1882   4.711108     -0.102     326001   6218.179     533543    34.1864  0.0000e+00
    20.1877   4.711001     -0.102     326006   6218.121     533543    34.1859  0.0000e+00
    20.1875   4.710990     -0.102     326009   6218.115     533543    34.1860  0.0000e+00
    20.1878   4.711006     -0.102     326006   6218.123     533543    34.1859  0.0000e+00
    20.1885   4.711063     -0.102     325997   6218.154     533543    34.1859  0.0000e+00
    20.1895   4.711126     -0.101     325985   6218.188     533544    34.1855  0.0000e+00
    20.1905   4.711137     -0.101     325971   6218.194     533544    34.1848  0.0000e+00
    20.1913   4.711081     -0.101     325962   6218.164     533544    34.1837  0.0000e+00
    20.1915   4.710973     -0.100     325960   6218.106     533545    34.1827  0.0000e+00
    20.1913   4.710829     -0.100     325962   6218.028     533545    34.1817  0.0000e+00
    20.1908   4.710695     -0.100     325968   6217.956     533545    34.1809  0.0000e+00
    20.1904   4.710588     -0.100     325972   6217.898     533545    34.1804  0.0000e+00
    20.1901   4.710461     -0.099     325976   6217.829     533546    34.1796  0.0000e+00
    20.1899   4.710273     -0.099     325979   6217.728     533546    34.1782  0.0000e+00
    20.1895   4.710016     -0.100     325984   6217.590     533545    34.1765  0.0000e+00
    20.1890   4.709769     -0.100     325991   6217.456     533545    34.1749  0.0000e+00
    20.1885   4.709574     -0.101     325998   6217.351     533544    34.1738  0.0000e+00
    20.1881   4.709495     -0.101     326001   6217.309     533544    34.1734  0.0000e+00
    20.1883   4.707988     -0.101     325999   6216.495     533544    34.1610  0.0000e+00
    20.1891   4.700802     -0.101     325989   6212.612     533544    34.1019  0.0000e+00
    20.1904   4.689775     -0.101     325973   6206.652     533544    34.0112  0.0000e+00
    20.1921   4.678218     -0.101     325952   6200.405     533544    33.9160  0.0000e+00
    20.1937   4.672249     -0.101     325933   6197.179     533544    33.8662  0.0000e+00
    20.1947   4.670486     -0.100     325919   6196.227     533545    33.8510  0.0000e+00
    20.1952   4.674619     -0.099     325914   6198.463     533545    33.8842  0.0000e+00
    20.1950   4.682000     -0.099     325916   6202.453     533546    33.9443  0.0000e+00
    20.1946   4.690557     -0.099     325921   6207.078     533546    34.0142  0.0000e+00
    20.1940   4.698317     -0.099     325927   6211.270     533546    34.0777  0.0000e+00
    20.1934   4.706173     -0.099     325935   6215.515     533546    34.1420  0.0000e+00
    20.1929   4.709066     -0.099     325942   6217.077     533546    34.1660  0.0000e+00
    20.1924   4.708835     -0.099     325947   6216.953     533545    34.1645  0.0000e+00
    20.1921   4.708626     -0.100     325952   6216.840     533544    34.1630  0.0000e+00
    20.1918   4.708490     -0.102     325955   6216.767     533543    34.1622  0.0000e+00
    20.1915   4.708434     -0.102     325959   6216.737     533543    34.1619  0.0000e+00
    20.1911   4.708459     -0.102     325964   6216.750     533543    34.1625  0.0000e+00
    20.1908   4.708713     -0.103     325967   6216.887     533542    34.1648  0.0000e+00
    20.1910   4.709099     -0.103     325965   6217.095     533542    34.1678  0.0000e+00
    20.1915   4.709572     -0.104     325959   6217.350     533541    34.1712  0.0000e+00
    20.1919   4.710139     -0.104     325954   6217.656     533541    34.1755  0.0000e+00
    20.1919   4.710707     -0.104     325954   6217.963     533541    34.1802  0.0000e+00
    20.1915   4.711180     -0.103     325959   6218.218     533542    34.1843  0.0000e+00
    20.1911   4.711531     -0.102     325964   6218.407     533543    34.1875  0.0000e+00
    20.1911   4.711692     -0.101     325964   6218.494     533544    34.1888  0.0000e+00
    20.1916   4.711556     -0.100     325958   6218.420     533545    34.1873  0.0000e+00
    20.1923   4.711132     -0.100     325949   6218.192     533545    34.1832  0.0000e+00
    20.1930   4.710461     -0.100     325941   6217.830     533545    34.1773  0.0000e+00
    20.1933   4.709731     -0.100     325937   6217.436     533545    34.1711  0.0000e+00
    20.1931   4.709149     -0.100     325939   6217.122     533545    34.1665  0.0000e+00
    20.1928   4.708741     -0.100     325943   6216.902     533545    34.1634  0.0000e+00
    20.1924   4.708475     -0.100     325949   6216.759     533545    34.1616  0.0000e+00
    20.1919   4.708292     -0.101     325954   6216.660     533544    34.1605  0.0000e+00
    20.1914   4.708103     -0.101     325961   6216.558     533544    34.1594  0.0000e+00
    20.1906   4.707935     -0.101     325970   6216.467     533544    34.1586  0.0000e+00
    20.1899   4.707855     -0.101     325979   6216.424     533544    34.1586  0.0000e+00
    20.1895   4.707813     -0.101     325984   6216.401     533544    34.1585  0.0000e+00
    20.1896   4.707777     -0.102     325983   6216.382     533543    34.1582  0.0000e+00
    20.1898   4.707739     -0.102     325980   6216.361     533543    34.1577  0.0000e+00
