resources/test-data/19plus_V2_CTD-processing_example_cosine_5.cnv
* Sea-Bird SBE19plus Data File:
* FileName = C:\seabirdscientific\documentation\example_data\19plus_V2_01906130_Profiling.hex
* Software Version 1.59
* Temperature SN =  6130
* Conductivity SN =  6130
* System UpLoad Time = Dec 12 2016 13:25:15
* ds
* SBE 19plus V 2.5.2  SERIAL NO. 6130    12 Dec 2016 09:24:17
# nquan = 8
# nvalues = 3069                        
# units = specified
# name 0 = tv290C: Temperature [ITS-90, deg C]
# name 1 = c0S/m: Conductivity [S/m]
# name 2 = prdM: Pressure, Strain Gauge [db]
# name 3 = f0: Frequency 0
# name 4 = f1: Frequency 1
# name 5 = f2: Frequency 2
# name 6 = sal00: Salinity, Practical [PSU]
# name 7 = flag:  0.000e+00
# span 0 =    18.1982,    22.0319       
# span 1 =   0.008202,   5.061661       
# span 2 =     -0.107,    222.829       
# span 3 =     303684,     351666       
# span 4 =   2638.018,   6404.375       
# span 5 =     533538,     742868       
# span 6 =     0.0463,    35.4944       
# span 7 =  0.0000e+00,  0.0000e+00     
# interval = seconds: 0.25
# start_time = Dec 10 2016 06:16:51 [Instrument's time stamp, header]
# bad_flag = -9.990e-29
*END*
[from data line 2489]
    19.5973   4.715453     24.041     333447   6220.511     556228    34.6982  0.0000e+00
    19.6006   4.714603     23.856     333405   6220.052     556054    34.6885  0.0000e+00
    19.6059   4.713995     23.666     333338   6219.725     555876    34.6792  0.0000e+00
    19.6150   4.713629     23.469     333222   6219.528     555691    34.6687  0.0000e+00
    19.6282   4.713771     23.265     333055   6219.604     555499    34.6590  0.0000e+00
    19.6437   4.714420     23.052     332857   6219.954     555299    34.6516  0.0000e+00
    19.6592   4.715223     22.832     332660   6220.388     555092    34.6454  0.0000e+00
    19.6730   4.715852     22.604     332486   6220.727     554879    34.6393  0.0000e+00
    19.6842   4.716087     22.369     332343   6220.854     554657    34.6321  0.0000e+00
    19.6931   4.715415     22.124     332230   6220.492     554427    34.6192  0.0000e+00
    19.7007   4.714250     21.873     332134   6219.864     554191    34.6035  0.0000e+00
    19.7072   4.713066     21.617     332051   6219.225     553951    34.5884  0.0000e+00
    19.7131   4.711924     21.356     331977   6218.609     553706    34.5742  0.0000e+00
    19.7184   4.711359     21.091     331909   6218.305     553457    34.5653  0.0000e+00
    19.7233   4.711008     20.823     331847   6218.116     553205    34.5584  0.0000e+00
    19.7279   4.710825     20.552     331788   6218.017     552950    34.5532  0.0000e+00
    19.7327   4.711142     20.282     331728   6218.188     552697    34.5520  0.0000e+00
    19.7379   4.711746     20.016     331662   6218.514     552447    34.5528  0.0000e+00
    19.7436   4.712035     19.758     331590   6218.670     552204    34.5506  0.0000e+00
    19.7496   4.712245     19.505     331514   6218.783     551967    34.5474  0.0000e+00
    19.7558   4.712031     19.259     331436   6218.668     551736    34.5407  0.0000e+00
    19.7618   4.711613     19.018     331360   6218.443     551509    34.5324  0.0000e+00
    19.7670   4.711325     18.783     331293   6218.288     551288    34.5258  0.0000e+00
    19.7713   4.710929     18.550     331240   6218.074     551070    34.5191  0.0000e+00
    19.7748   4.710200     18.320     331195   6217.681     550853    34.5103  0.0000e+00
    19.7781   4.709094     18.088     331153   6217.084     550635    34.4985  0.0000e+00
    19.7819   4.707963     17.852     331105   6216.474     550414    34.4862  0.0000e+00
    19.7862   4.706650     17.606     331050   6215.766     550182    34.4720  0.0000e+00
    19.7907   4.704800     17.351     330994   6214.768     549943    34.4532  0.0000e+00
    19.7950   4.702675     17.088     330940   6213.621     549695    34.4323  0.0000e+00
    19.7992   4.700749     16.817     330886   6212.581     549441    34.4131  0.0000e+00
    19.8035   4.698905     16.547     330832   6211.586     549187    34.3946  0.0000e+00
    19.8077   4.698129     16.282     330778   6211.167     548938    34.3848  0.0000e+00
    19.8121   4.698879     16.021     330722   6211.572     548693    34.3874  0.0000e+00
    19.8170   4.700237     15.766     330661   6212.305     548454    34.3947  0.0000e+00
    19.8224   4.701666     15.514     330593   6213.077     548216    34.4020  0.0000e+00
    19.8285   4.704493     15.260     330516   6214.603     547978    34.4203  0.0000e+00
    19.8370   4.707989     15.004     330408   6216.489     547737    34.4421  0.0000e+00
    19.8496   4.711842     14.744     330249   6218.567     547493    34.4635  0.0000e+00
    19.8640   4.715041     14.477     330068   6220.293     547242    34.4780  0.0000e+00
    19.8754   4.715950     14.203     329925   6220.783     546985    34.4762  0.0000e+00
    19.8795   4.713722     13.923     329873   6219.582     546722    34.4547  0.0000e+00
    19.8745   4.710166     13.638     329936   6217.664     546454    34.4297  0.0000e+00
    19.8637   4.706581     13.352     330071   6215.730     546185    34.4093  0.0000e+00
    19.8530   4.703814     13.070     330207   6214.237     545920    34.3955  0.0000e+00
    19.8453   4.702048     12.794     330304   6213.284     545661    34.3874  0.0000e+00
    19.8410   4.701036     12.529     330358   6212.738     545412    34.3827  0.0000e+00
    19.8396   4.700413     12.277     330376   6212.402     545175    34.3788  0.0000e+00
    19.8408   4.699644     12.033     330361   6211.987     544946    34.3716  0.0000e+00
    19.8445   4.698375     11.800     330314   6211.301     544726    34.3583  0.0000e+00
    19.8503   4.696671     11.575     330240   6210.381     544515    34.3396  0.0000e+00
    19.8576   4.695082     11.356     330149   6209.523     544310    34.3208  0.0000e+00
    19.8651   4.693879     11.140     330054   6208.874     544106    34.3048  0.0000e+00
    19.8721   4.693119     10.922     329965   6208.463     543901    34.2929  0.0000e+00
    19.8781   4.692659     10.697     329890   6208.215     543690    34.2844  0.0000e+00
    19.8828   4.692268     10.466     329830   6208.004     543473    34.2774  0.0000e+00
    19.8866   4.691162     10.227     329783   6207.406     543249    34.2653  0.0000e+00
    19.8896   4.689530      9.983     329745   6206.524     543019    34.2496  0.0000e+00
    19.8921   4.687577      9.732     329714   6205.468     542784    34.2317  0.0000e+00
    19.8945   4.685472      9.475     329683   6204.331     542542    34.2126  0.0000e+00
    19.8971   4.683125      9.213     329651   6203.062     542296    34.1913  0.0000e+00
    19.9000   4.681405      8.948     329615   6202.132     542047    34.1751  0.0000e+00
    19.9029   4.679348      8.679     329578   6201.020     541794    34.1559  0.0000e+00
    19.9058   4.676392      8.405     329541   6199.420     541536    34.1295  0.0000e+00
    19.9087   4.674606      8.128     329505   6198.454     541276    34.1126  0.0000e+00
    19.9136   4.675528      7.846     329442   6198.952     541011    34.1162  0.0000e+00
    19.9237   4.678716      7.562     329315   6200.677     540744    34.1341  0.0000e+00
    19.9394   4.684236      7.285     329118   6203.662     540484    34.1666  0.0000e+00
    19.9585   4.689897      7.016     328878   6206.723     540231    34.1975  0.0000e+00
    19.9771   4.692973      6.755     328644   6208.386     539986    34.2076  0.0000e+00
    19.9911   4.693626      6.503     328468   6208.739     539749    34.2016  0.0000e+00
    19.9998   4.692454      6.260     328359   6208.106     539521    34.1851  0.0000e+00
    20.0051   4.689880      6.025     328292   6206.715     539300    34.1598  0.0000e+00
    20.0088   4.687243      5.800     328245   6205.290     539089    34.1353  0.0000e+00
    20.0119   4.684822      5.584     328206   6203.981     538886    34.1131  0.0000e+00
    20.0149   4.682417      5.368     328169   6202.681     538683    34.0911  0.0000e+00
    20.0181   4.679951      5.147     328129   6201.347     538476    34.0686  0.0000e+00
    20.0215   4.677176      4.921     328087   6199.846     538263    34.0433  0.0000e+00
    20.0250   4.674315      4.690     328042   6198.299     538045    34.0172  0.0000e+00
    20.0283   4.671993      4.462     328001   6197.042     537832    33.9956  0.0000e+00
    20.0312   4.670101      4.248     327965   6196.018     537630    33.9780  0.0000e+00
    20.0335   4.668446      4.052     327936   6195.122     537446    33.9627  0.0000e+00
    20.0357   4.666938      3.871     327909   6194.306     537276    33.9487  0.0000e+00
    20.0378   4.665285      3.699     327882   6193.411     537115    33.9336  0.0000e+00
    20.0399   4.662830      3.528     327855   6192.081     536954    33.9119  0.0000e+00
    20.0421   4.659685      3.351     327828   6190.377     536788    33.8846  0.0000e+00
    20.0442   4.655896      3.158     327802   6188.323     536607    33.8521  0.0000e+00
    20.0471   4.647948      2.940     327766   6184.010     536401    33.7852  0.0000e+00
    20.0520   4.642720      2.684     327705   6181.172     536161    33.7388  0.0000e+00
    20.0590   4.641333      2.383     327617   6180.419     535878    33.7220  0.0000e+00
    20.0668   4.644754      2.033     327519   6182.275     535549    33.7436  0.0000e+00
    20.0735   4.649405      1.641     327435   6184.800     535181    33.7762  0.0000e+00
    20.0772   4.654222      1.215     327388   6187.416     534780    33.8126  0.0000e+00
    20.0776   4.656591      0.783     327383   6188.699     534375    33.8317  0.0000e+00
    20.0760   4.662979      0.413     327404   6192.157     534027    33.8852  0.0000e+00
    20.0736   4.671966      0.149     327433   6197.021     533779    33.9604  0.0000e+00
    20.0716   4.681830      0.024     327458   6202.361     533661    34.0424  0.0000e+00
    20.0709   4.687250      0.033     327467   6205.295     533670    34.0871  0.0000e+00
    20.0717   4.688099      0.157     327457   6205.755     533786    34.0933  0.0000e+00
    20.0739   4.682363      0.368     327430   6202.650     533984    34.0448  0.0000e+00
    20.0767   4.679331      0.653     327395   6201.008     534252    34.0177  0.0000e+00
    20.0791   4.677869      0.976     327365   6200.217     534556    34.0038  0.0000e+00
    20.0803   4.679363      1.312     327349   6201.025     534872    34.0148  0.0000e+00
    20.0801   4.683620      1.630     327352   6203.329     535170    34.0495  0.0000e+00
    20.0788   4.691221      1.918     327369   6207.440     535441    34.1125  0.0000e+00
    20.0768   4.695842      2.171     327394   6209.936     535679    34.1517  0.0000e+00
    20.0746   4.702044      2.379     327421   6213.285     535874    34.2039  0.0000e+00
    20.0724   4.705405      2.528     327448   6215.100     536014    34.2331  0.0000e+00
    20.0698   4.706575      2.610     327481   6215.732     536091    34.2447  0.0000e+00
    20.0662   4.705740      2.619     327527   6215.281     536100    34.2408  0.0000e+00
    20.0612   4.703668      2.555     327589   6214.162     536040    34.2280  0.0000e+00
    20.0551   4.700943      2.425     327666   6212.691     535918    34.2108  0.0000e+00
    20.0483   4.697990      2.242     327750   6211.097     535745    34.1922  0.0000e+00
    20.0417   4.694573      2.021     327833   6209.251     535538    34.1698  0.0000e+00
    20.0355   4.690759      1.780     327911   6207.191     535311    34.1438  0.0000e+00
    20.0301   4.686715      1.537     327979   6205.005     535083    34.1153  0.0000e+00
    20.0259   4.682503      1.310     328031   6202.728     534870    34.0844  0.0000e+00
    20.0232   4.678357      1.116     328065   6200.486     534688    34.0529  0.0000e+00
    20.0218   4.674897      0.973     328083   6198.614     534553    34.0258  0.0000e+00
    20.0213   4.672415      0.896     328088   6197.271     534480    34.0059  0.0000e+00
    20.0213   4.670939      0.896     328089   6196.472     534481    33.9939  0.0000e+00
    20.0212   4.670597      0.985     328090   6196.288     534564    33.9912  0.0000e+00
    20.0211   4.671385      1.157     328092   6196.713     534726    33.9977  0.0000e+00
    20.0208   4.673039      1.390     328095   6197.609     534945    34.0113  0.0000e+00
    20.0205   4.675230      1.650     328099   6198.794     535189    34.0293  0.0000e+00
    20.0203   4.677402      1.900     328102   6199.970     535424    34.0471  0.0000e+00
    20.0206   4.679079      2.109     328098   6200.877     535620    34.0605  0.0000e+00
    20.0217   4.678855      2.262     328084   6200.756     535764    34.0577  0.0000e+00
    20.0241   4.675451      2.352     328054   6198.913     535849    34.0280  0.0000e+00
    20.0274   4.669409      2.365     328012   6195.641     535861    33.9760  0.0000e+00
    20.0315   4.664871      2.286     327961   6193.185     535787    33.9358  0.0000e+00
    20.0358   4.665777      2.099     327907   6193.674     535611    33.9397  0.0000e+00
    20.0399   4.672081      1.808     327855   6197.085     535338    33.9879  0.0000e+00
    20.0434   4.680480      1.442     327812   6201.631     534994    34.0537  0.0000e+00
    20.0462   4.686799      1.047     327777   6205.051     534622    34.1031  0.0000e+00
    20.0486   4.688636      0.678     327747   6206.045     534276    34.1163  0.0000e+00
    20.0507   4.687849      0.379     327720   6205.620     533995    34.1083  0.0000e+00
    20.0526   4.687105      0.172     327697   6205.217     533800    34.1007  0.0000e+00
    20.0542   4.686887      0.061     327677   6205.100     533696    34.0977  0.0000e+00
    20.0554   4.686955      0.041     327661   6205.136     533677    34.0973  0.0000e+00
    20.0567   4.686796      0.097     327646   6205.051     533729    34.0949  0.0000e+00
    20.0582   4.686311      0.203     327627   6204.788     533829    34.0897  0.0000e+00
    20.0599   4.685606      0.325     327605   6204.407     533944    34.0825  0.0000e+00
    20.0617   4.684538      0.423     327582   6203.830     534036    34.0723  0.0000e+00
    20.0636   4.683794      0.459     327558   6203.428     534070    34.0647  0.0000e+00
    20.0656   4.683352      0.408     327534   6203.188     534022    34.0595  0.0000e+00
    20.0677   4.683234      0.281     327507   6203.125     533903    34.0569  0.0000e+00
    20.0698   4.683402      0.130     327481   6203.216     533761    34.0566  0.0000e+00
    20.0716   4.683917      0.002     327459   6203.494     533640    34.0594  0.0000e+00
    20.0730   4.684407     -0.075     327441   6203.759     533568    34.0623  0.0000e+00
    20.0744   4.684975     -0.098     327423   6204.066     533546    34.0658  0.0000e+00
    20.0761   4.685118     -0.096     327403   6204.143     533548    34.0656  0.0000e+00
    20.0780   4.685043     -0.096     327379   6204.103     533548    34.0635  0.0000e+00
    20.0799   4.684905     -0.097     327355   6204.029     533547    34.0608  0.0000e+00
    20.0815   4.684811     -0.098     327335   6203.978     533546    34.0587  0.0000e+00
    20.0828   4.684771     -0.099     327319   6203.956     533546    34.0574  0.0000e+00
    20.0839   4.684776     -0.100     327304   6203.958     533545    34.0565  0.0000e+00
    20.0851   4.684777     -0.101     327289   6203.959     533544    34.0555  0.0000e+00
    20.0864   4.684817     -0.101     327273   6203.981     533544    34.0548  0.0000e+00
    20.0877   4.684887     -0.102     327257   6204.019     533543    34.0544  0.0000e+00
    20.0891   4.684811     -0.102     327240   6203.978     533543    34.0526  0.0000e+00
    20.0907   4.684475     -0.102     327220   6203.796     533543    34.0486  0.0000e+00
    20.0922   4.683667     -0.101     327201   6203.359     533544    34.0408  0.0000e+00
    20.0937   4.681630     -0.100     327182   6202.258     533545    34.0229  0.0000e+00
    20.0955   4.679086     -0.100     327159   6200.881     533545    34.0008  0.0000e+00
    20.0975   4.677505     -0.099     327134   6200.026     533545    33.9863  0.0000e+00
    20.0997   4.677518     -0.099     327106   6200.033     533545    33.9846  0.0000e+00
    20.1020   4.678988     -0.100     327078   6200.828     533545    33.9948  0.0000e+00
    20.1042   4.681124     -0.101     327051   6201.984     533544    34.0104  0.0000e+00
    20.1063   4.682510     -0.101     327025   6202.734     533544    34.0200  0.0000e+00
    20.1085   4.682793     -0.101     326996   6202.886     533544    34.0204  0.0000e+00
    20.1111   4.682675     -0.100     326964   6202.823     533545    34.0174  0.0000e+00
    20.1136   4.682603     -0.100     326933   6202.784     533545    34.0148  0.0000e+00
    20.1159   4.682376     -0.101     326904   6202.661     533544    34.0111  0.0000e+00
    20.1179   4.682065     -0.102     326878   6202.493     533543    34.0069  0.0000e+00
    20.1197   4.681903     -0.103     326856   6202.406     533542    34.0042  0.0000e+00
    20.1212   4.681852     -0.103     326838   6202.378     533542    34.0026  0.0000e+00
