resources/test-data/19plus_V2_CTD-processing_example_cosine_5.cnv
* Sea-Bird SBE19plus Data File:
* FileName = C:\seabirdscientific\documentation\example_data\19plus_V2_01906130_Profiling.hex
* Software Version 1.59
* Temperature SN =  6130
* Conductivity SN =  6130
* System UpLoad Time = Dec 12 2016 13:25:15
* ds
* SBE 19plus V 2.5.2  SERIAL NO. 6130    12 Dec 2016 09:24:17
# nquan = 8
# nvalues = 3069                        
# units = specified
# name 0 = tv290C: Temperature [ITS-90, deg C]
# name 1 = c0S/m: Conductivity [S/m]
# name 2 = prdM: Pressure, Strain Gauge [db]
# name 3 = f0: Frequency 0
# name 4 = f1: Frequency 1
# name 5 = f2: Frequency 2
# name 6 = sal00: Salinity, Practical [PSU]
# name 7 = flag:  0.000e+00
# span 0 =    18.1982,    22.0319       
# span 1 =   0.008202,   5.061661       
# span 2 =     -0.107,    222.829       
# span 3 =     303684,     351666       
# span 4 =   2638.018,   6404.375       
# span 5 =     533538,     742868       
# span 6 =     0.0463,    35.4944       
# span 7 =  0.0000e+00,  0.0000e+00     
# interval = seconds: 0.25
# start_time = Dec 10 2016 06:16:51 [Instrument's time stamp, header]
# bad_flag = -9.990e-29
*END*
[from data line 1778]
    18.9897   4.685730    222.248     341257   6204.411     742322    34.8877  0.0000e+00
    18.9847   4.685303    222.474     341321   6204.181     742534    34.8882  0.0000e+00
    18.9801   4.684892    222.659     341381   6203.958     742708    34.8886  0.0000e+00
    18.9758   4.684526    222.781     341437   6203.760     742823    34.8891  0.0000e+00
    18.9719   4.684137    222.829     341488   6203.550     742868    34.8892  0.0000e+00
    18.9680   4.683680    222.808     341539   6203.303     742848    34.8886  0.0000e+00
    18.9639   4.683180    222.735     341592   6203.033     742779    34.8879  0.0000e+00
    18.9594   4.682601    222.632     341650   6202.719     742683    34.8869  0.0000e+00
    18.9544   4.681991    222.495     341715   6202.390     742554    34.8860  0.0000e+00
    18.9491   4.681435    222.328     341784   6202.089     742397    34.8859  0.0000e+00
    18.9437   4.680942    222.130     341854   6201.822     742212    34.8864  0.0000e+00
    18.9387   4.680576    221.897     341920   6201.624     741993    34.8876  0.0000e+00
    18.9344   4.680292    221.609     341975   6201.471     741723    34.8890  0.0000e+00
    18.9307   4.679944    221.262     342023   6201.283     741397    34.8893  0.0000e+00
    18.9271   4.679491    220.859     342070   6201.038     741019    34.8887  0.0000e+00
    18.9230   4.678956    220.429     342124   6200.748     740616    34.8879  0.0000e+00
    18.9181   4.678338    220.001     342187   6200.414     740214    34.8870  0.0000e+00
    18.9126   4.677770    219.598     342259   6200.107     739836    34.8870  0.0000e+00
    18.9069   4.677299    219.217     342332   6199.852     739479    34.8879  0.0000e+00
    18.9017   4.676887    218.855     342400   6199.629     739139    34.8890  0.0000e+00
    18.8970   4.676463    218.505     342462   6199.400     738811    34.8896  0.0000e+00
    18.8924   4.675973    218.162     342521   6199.135     738489    34.8894  0.0000e+00
    18.8876   4.675348    217.818     342584   6198.797     738166    34.8884  0.0000e+00
    18.8820   4.674660    217.469     342658   6198.425     737839    34.8875  0.0000e+00
    18.8756   4.674008    217.109     342740   6198.072     737501    34.8875  0.0000e+00
    18.8691   4.673466    216.733     342826   6197.778     737148    34.8886  0.0000e+00
    18.8628   4.672990    216.336     342907   6197.521     736776    34.8901  0.0000e+00
    18.8571   4.672515    215.918     342983   6197.264     736383    34.8911  0.0000e+00
    18.8515   4.671950    215.479     343054   6196.958     735972    34.8912  0.0000e+00
    18.8459   4.671331    215.026     343128   6196.623     735546    34.8909  0.0000e+00
    18.8399   4.670718    214.560     343206   6196.292     735110    34.8910  0.0000e+00
    18.8337   4.670153    214.089     343287   6195.986     734667    34.8917  0.0000e+00
    18.8276   4.669633    213.615     343367   6195.705     734222    34.8926  0.0000e+00
    18.8218   4.669125    213.141     343442   6195.429     733778    34.8934  0.0000e+00
    18.8164   4.668577    212.670     343513   6195.133     733336    34.8936  0.0000e+00
    18.8110   4.668041    212.206     343583   6194.842     732900    34.8938  0.0000e+00
    18.8058   4.667507    211.749     343652   6194.553     732471    34.8939  0.0000e+00
    18.8007   4.666972    211.303     343718   6194.264     732053    34.8938  0.0000e+00
    18.7958   4.666497    210.873     343782   6194.006     731649    34.8941  0.0000e+00
    18.7913   4.666105    210.456     343841   6193.794     731259    34.8947  0.0000e+00
    18.7875   4.665772    210.055     343890   6193.614     730883    34.8953  0.0000e+00
    18.7843   4.665463    209.670     343932   6193.447     730521    34.8956  0.0000e+00
    18.7815   4.665116    209.296     343969   6193.259     730171    34.8952  0.0000e+00
    18.7788   4.664725    208.933     344005   6193.048     729829    34.8943  0.0000e+00
    18.7758   4.664288    208.574     344043   6192.811     729493    34.8933  0.0000e+00
    18.7725   4.663827    208.218     344087   6192.561     729158    34.8923  0.0000e+00
    18.7687   4.663341    207.862     344136   6192.298     728825    34.8916  0.0000e+00
    18.7646   4.662811    207.512     344190   6192.011     728496    34.8907  0.0000e+00
    18.7601   4.662272    207.162     344250   6191.719     728167    34.8902  0.0000e+00
    18.7553   4.661800    206.806     344312   6191.464     727834    34.8904  0.0000e+00
    18.7506   4.661401    206.441     344373   6191.247     727491    34.8911  0.0000e+00
    18.7462   4.660998    206.063     344431   6191.029     727137    34.8916  0.0000e+00
    18.7419   4.660572    205.675     344487   6190.798     726773    34.8918  0.0000e+00
    18.7375   4.660113    205.281     344544   6190.550     726403    34.8917  0.0000e+00
    18.7332   4.659649    204.883     344601   6190.298     726030    34.8916  0.0000e+00
    18.7287   4.659172    204.484     344659   6190.040     725655    34.8915  0.0000e+00
    18.7242   4.658701    204.087     344719   6189.785     725282    34.8915  0.0000e+00
    18.7196   4.658216    203.692     344778   6189.522     724912    34.8915  0.0000e+00
    18.7150   4.657749    203.302     344839   6189.269     724546    34.8916  0.0000e+00
    18.7104   4.657314    202.919     344899   6189.033     724186    34.8919  0.0000e+00
    18.7060   4.656938    202.541     344956   6188.829     723832    34.8926  0.0000e+00
    18.7020   4.656572    202.171     345009   6188.631     723484    34.8931  0.0000e+00
    18.6981   4.656214    201.804     345060   6188.437     723140    34.8935  0.0000e+00
    18.6944   4.655839    201.437     345109   6188.234     722796    34.8936  0.0000e+00
    18.6907   4.655489    201.065     345157   6188.044     722446    34.8940  0.0000e+00
    18.6871   4.655167    200.682     345205   6187.870     722087    34.8945  0.0000e+00
    18.6835   4.654790    200.285     345252   6187.665     721714    34.8945  0.0000e+00
    18.6795   4.654331    199.872     345304   6187.416     721327    34.8941  0.0000e+00
    18.6751   4.653806    199.445     345361   6187.132     720927    34.8936  0.0000e+00
    18.6701   4.653185    199.010     345427   6186.796     720519    34.8927  0.0000e+00
    18.6645   4.652551    198.569     345501   6186.452     720104    34.8923  0.0000e+00
    18.6586   4.652007    198.124     345579   6186.157     719687    34.8929  0.0000e+00
    18.6529   4.651524    197.678     345654   6185.895     719269    34.8938  0.0000e+00
    18.6477   4.651107    197.238     345722   6185.669     718855    34.8948  0.0000e+00
    18.6431   4.650747    196.806     345782   6185.474     718451    34.8958  0.0000e+00
    18.6393   4.650412    196.390     345832   6185.292     718060    34.8964  0.0000e+00
    18.6359   4.650048    195.990     345877   6185.095     717685    34.8964  0.0000e+00
    18.6327   4.649695    195.604     345919   6184.903     717322    34.8962  0.0000e+00
    18.6297   4.649290    195.230     345959   6184.684     716971    34.8955  0.0000e+00
    18.6264   4.648820    194.864     346001   6184.429     716627    34.8945  0.0000e+00
    18.6227   4.648373    194.503     346049   6184.187     716289    34.8939  0.0000e+00
    18.6190   4.648012    194.142     346099   6183.991     715950    34.8942  0.0000e+00
    18.6154   4.647693    193.780     346145   6183.818     715611    34.8947  0.0000e+00
    18.6122   4.647431    193.416     346187   6183.676     715269    34.8953  0.0000e+00
    18.6094   4.647081    193.047     346224   6183.486     714922    34.8948  0.0000e+00
    18.6064   4.646532    192.671     346264   6183.188     714570    34.8929  0.0000e+00
    18.6023   4.645932    192.286     346318   6182.863     714209    34.8915  0.0000e+00
    18.5974   4.645401    191.888     346382   6182.575     713835    34.8913  0.0000e+00
    18.5924   4.644962    191.474     346449   6182.337     713446    34.8920  0.0000e+00
    18.5878   4.644618    191.045     346509   6182.150     713044    34.8931  0.0000e+00
    18.5838   4.644289    190.604     346561   6181.972     712630    34.8939  0.0000e+00
    18.5802   4.643911    190.154     346608   6181.767     712208    34.8939  0.0000e+00
    18.5768   4.643566    189.698     346654   6181.579     711780    34.8941  0.0000e+00
    18.5735   4.643236    189.240     346697   6181.401     711350    34.8943  0.0000e+00
    18.5703   4.642883    188.786     346738   6181.209     710924    34.8941  0.0000e+00
    18.5671   4.642477    188.342     346780   6180.989     710508    34.8935  0.0000e+00
    18.5636   4.641977    187.915     346828   6180.718     710106    34.8925  0.0000e+00
    18.5593   4.641464    187.509     346884   6180.439     709726    34.8919  0.0000e+00
    18.5546   4.641043    187.130     346945   6180.211     709370    34.8925  0.0000e+00
    18.5501   4.640703    186.781     347005   6180.026     709043    34.8936  0.0000e+00
    18.5461   4.640422    186.469     347057   6179.874     708750    34.8947  0.0000e+00
    18.5427   4.640188    186.195     347102   6179.747     708492    34.8957  0.0000e+00
    18.5398   4.639944    185.952     347141   6179.615     708265    34.8962  0.0000e+00
    18.5370   4.639680    185.730     347177   6179.472     708056    34.8964  0.0000e+00
    18.5342   4.639386    185.515     347214   6179.312     707854    34.8964  0.0000e+00
    18.5313   4.639030    185.291     347253   6179.118     707644    34.8959  0.0000e+00
    18.5279   4.638596    185.044     347297   6178.883     707412    34.8952  0.0000e+00
    18.5241   4.638132    184.765     347347   6178.631     707151    34.8947  0.0000e+00
    18.5199   4.637697    184.448     347403   6178.395     706852    34.8947  0.0000e+00
    18.5156   4.637281    184.087     347459   6178.169     706514    34.8949  0.0000e+00
    18.5114   4.636896    183.687     347514   6177.960     706139    34.8953  0.0000e+00
    18.5075   4.636539    183.252     347566   6177.767     705731    34.8958  0.0000e+00
    18.5039   4.636197    182.791     347614   6177.581     705298    34.8962  0.0000e+00
    18.5005   4.635897    182.309     347659   6177.419     704846    34.8967  0.0000e+00
    18.4974   4.635664    181.818     347699   6177.292     704385    34.8975  0.0000e+00
    18.4948   4.635406    181.326     347733   6177.151     703923    34.8977  0.0000e+00
    18.4924   4.635086    180.843     347765   6176.978     703470    34.8972  0.0000e+00
    18.4899   4.634662    180.380     347798   6176.747     703036    34.8959  0.0000e+00
    18.4868   4.634149    179.942     347839   6176.469     702625    34.8944  0.0000e+00
    18.4830   4.633634    179.531     347890   6176.189     702239    34.8935  0.0000e+00
    18.4786   4.633202    179.147     347947   6175.954     701878    34.8936  0.0000e+00
    18.4744   4.632868    178.789     348003   6175.773     701542    34.8945  0.0000e+00
    18.4706   4.632587    178.453     348053   6175.621     701227    34.8955  0.0000e+00
    18.4674   4.632294    178.138     348095   6175.462     700931    34.8959  0.0000e+00
    18.4645   4.631972    177.840     348134   6175.287     700652    34.8957  0.0000e+00
    18.4616   4.631651    177.558     348172   6175.113     700387    34.8956  0.0000e+00
    18.4586   4.631327    177.289     348212   6174.937     700135    34.8955  0.0000e+00
    18.4554   4.630999    177.030     348254   6174.758     699891    34.8955  0.0000e+00
    18.4521   4.630628    176.779     348297   6174.557     699656    34.8952  0.0000e+00
    18.4485   4.630226    176.534     348345   6174.338     699426    34.8950  0.0000e+00
    18.4446   4.629824    176.295     348397   6174.120     699201    34.8950  0.0000e+00
    18.4405   4.629464    176.052     348451   6173.925     698974    34.8955  0.0000e+00
    18.4365   4.629157    175.797     348503   6173.758     698734    34.8964  0.0000e+00
    18.4329   4.628904    175.519     348551   6173.620     698474    34.8974  0.0000e+00
    18.4296   4.628630    175.214     348595   6173.472     698187    34.8980  0.0000e+00
    18.4264   4.628320    174.882     348637   6173.303     697876    34.8982  0.0000e+00
    18.4234   4.627996    174.524     348677   6173.127     697539    34.8982  0.0000e+00
    18.4203   4.627671    174.141     348717   6172.951     697180    34.8981  0.0000e+00
    18.4174   4.627382    173.737     348755   6172.794     696800    34.8983  0.0000e+00
    18.4149   4.627160    173.320     348790   6172.673     696409    34.8988  0.0000e+00
    18.4126   4.626936    172.897     348819   6172.552     696012    34.8989  0.0000e+00
    18.4105   4.626664    172.476     348847   6172.404     695617    34.8986  0.0000e+00
    18.4083   4.626350    172.061     348877   6172.233     695228    34.8980  0.0000e+00
    18.4057   4.626016    171.658     348911   6172.052     694849    34.8975  0.0000e+00
    18.4029   4.625688    171.269     348947   6171.874     694484    34.8972  0.0000e+00
    18.4001   4.625396    170.900     348986   6171.715     694138    34.8973  0.0000e+00
    18.3972   4.625158    170.550     349023   6171.585     693810    34.8978  0.0000e+00
    18.3947   4.624945    170.221     349056   6171.470     693501    34.8983  0.0000e+00
    18.3924   4.624743    169.912     349086   6171.360     693211    34.8986  0.0000e+00
    18.3903   4.624514    169.620     349115   6171.236     692937    34.8986  0.0000e+00
    18.3881   4.624230    169.345     349143   6171.081     692679    34.8981  0.0000e+00
    18.3857   4.623927    169.082     349176   6170.917     692432    34.8977  0.0000e+00
    18.3830   4.623630    168.826     349212   6170.755     692192    34.8976  0.0000e+00
    18.3801   4.623338    168.575     349249   6170.596     691956    34.8977  0.0000e+00
    18.3772   4.623070    168.323     349288   6170.451     691719    34.8979  0.0000e+00
    18.3745   4.622834    168.064     349324   6170.323     691477    34.8984  0.0000e+00
    18.3719   4.622562    167.793     349358   6170.174     691222    34.8984  0.0000e+00
    18.3694   4.622265    167.506     349392   6170.013     690953    34.8981  0.0000e+00
    18.3667   4.621951    167.201     349428   6169.842     690666    34.8979  0.0000e+00
    18.3638   4.621635    166.877     349465   6169.671     690362    34.8977  0.0000e+00
    18.3608   4.621312    166.540     349506   6169.496     690046    34.8977  0.0000e+00
    18.3576   4.621048    166.195     349547   6169.352     689722    34.8983  0.0000e+00
    18.3547   4.620794    165.843     349587   6169.214     689392    34.8988  0.0000e+00
    18.3519   4.620524    165.485     349624   6169.067     689056    34.8990  0.0000e+00
    18.3492   4.620266    165.126     349660   6168.927     688718    34.8992  0.0000e+00
    18.3466   4.620038    164.768     349693   6168.803     688383    34.8996  0.0000e+00
    18.3443   4.619794    164.423     349725   6168.670     688059    34.8996  0.0000e+00
    18.3420   4.619555    164.094     349755   6168.540     687750    34.8997  0.0000e+00
    18.3397   4.619306    163.786     349785   6168.405     687461    34.8996  0.0000e+00
    18.3373   4.619034    163.496     349816   6168.257     687189    34.8994  0.0000e+00
    18.3349   4.618780    163.227     349848   6168.119     686937    34.8994  0.0000e+00
    18.3326   4.618547    162.973     349880   6167.992     686698    34.8996  0.0000e+00
    18.3302   4.618299    162.727     349911   6167.857     686467    34.8995  0.0000e+00
    18.3279   4.618049    162.481     349942   6167.721     686236    34.8995  0.0000e+00
    18.3256   4.617809    162.230     349972   6167.591     686000    34.8995  0.0000e+00
    18.3233   4.617587    161.967     350003   6167.470     685754    34.8997  0.0000e+00
    18.3211   4.617406    161.688     350032   6167.372     685491    34.9001  0.0000e+00
