resources/test-data/19plus_V2_CTD-processing_example_cosine_5.cnv
* Sea-Bird SBE19plus Data File:
* FileName = C:\seabirdscientific\documentation\example_data\19plus_V2_01906130_Profiling.hex
* Software Version 1.59
* Temperature SN =  6130
* Conductivity SN =  6130
* System UpLoad Time = Dec 12 2016 13:25:15
* ds
* SBE 19plus V 2.5.2  SERIAL NO. 6130    12 Dec 2016 09:24:17
# nquan = 8
# nvalues = 3069                        
# units = specified
# name 0 = tv290C: Temperature [ITS-90, deg C]
# name 1 = c0S/m: Conductivity [S/m]
# name 2 = prdM: Pressure, Strain Gauge [db]
# name 3 = f0: Frequency 0
# name 4 = f1: Frequency 1
# name 5 = f2: Frequency 2
# name 6 = sal00: Salinity, Practical [PSU]
# name 7 = flag:  0.000e+00
# span 0 =    18.1982,    22.0319       
# span 1 =   0.008202,   5.061661       
# span 2 =     -0.107,    222.829       
# span 3 =     303684,     351666       
# span 4 =   2638.018,   6404.375       
# span 5 =     533538,     742868       
# span 6 =     0.0463,    35.4944       
# span 7 =  0.0000e+00,  0.0000e+00     
# interval = seconds: 0.25
# start_time = Dec 10 2016 06:16:51 [Instrument's time stamp, header]
# bad_flag = -9.990e-29
*END*
[from data line 2134]
    18.2727   4.611982    110.699     350675   6164.433     637624    34.9142  0.0000e+00
    18.2743   4.612104    110.413     350653   6164.499     637355    34.9139  0.0000e+00
    18.2757   4.612268    110.121     350634   6164.589     637081    34.9142  0.0000e+00
    18.2773   4.612455    109.832     350614   6164.691     636809    34.9146  0.0000e+00
    18.2790   4.612652    109.550     350591   6164.798     636544    34.9149  0.0000e+00
    18.2809   4.612834    109.277     350565   6164.897     636288    34.9149  0.0000e+00
    18.2829   4.612985    109.015     350539   6164.979     636042    34.9146  0.0000e+00
    18.2847   4.613141    108.760     350515   6165.064     635802    34.9145  0.0000e+00
    18.2865   4.613327    108.510     350491   6165.166     635568    34.9146  0.0000e+00
    18.2883   4.613549    108.259     350467   6165.286     635333    34.9150  0.0000e+00
    18.2904   4.613796    108.005     350439   6165.421     635094    34.9155  0.0000e+00
    18.2927   4.614000    107.742     350409   6165.532     634847    34.9153  0.0000e+00
    18.2950   4.614142    107.466     350379   6165.609     634587    34.9147  0.0000e+00
    18.2969   4.614282    107.177     350353   6165.685     634316    34.9143  0.0000e+00
    18.2988   4.614452    106.878     350329   6165.778     634036    34.9143  0.0000e+00
    18.3006   4.614673    106.570     350305   6165.898     633746    34.9148  0.0000e+00
    18.3026   4.614939    106.256     350278   6166.043     633452    34.9154  0.0000e+00
    18.3049   4.615179    105.943     350246   6166.174     633158    34.9156  0.0000e+00
    18.3074   4.615398    105.636     350214   6166.293     632870    34.9155  0.0000e+00
    18.3098   4.615610    105.342     350182   6166.408     632593    34.9154  0.0000e+00
    18.3121   4.615817    105.064     350151   6166.521     632332    34.9153  0.0000e+00
    18.3143   4.616037    104.802     350122   6166.641     632086    34.9153  0.0000e+00
    18.3165   4.616265    104.556     350093   6166.765     631855    34.9155  0.0000e+00
    18.3188   4.616471    104.321     350063   6166.877     631634    34.9154  0.0000e+00
    18.3211   4.616692    104.094     350032   6166.998     631422    34.9154  0.0000e+00
    18.3234   4.616916    103.871     350001   6167.120     631212    34.9154  0.0000e+00
    18.3257   4.617139    103.647     349970   6167.241     631002    34.9154  0.0000e+00
    18.3281   4.617370    103.422     349939   6167.367     630790    34.9154  0.0000e+00
    18.3304   4.617606    103.194     349908   6167.495     630576    34.9155  0.0000e+00
    18.3328   4.617839    102.962     349877   6167.622     630358    34.9156  0.0000e+00
    18.3351   4.618079    102.725     349846   6167.752     630136    34.9157  0.0000e+00
    18.3374   4.618292    102.485     349815   6167.868     629910    34.9156  0.0000e+00
    18.3396   4.618485    102.242     349786   6167.973     629682    34.9155  0.0000e+00
    18.3417   4.618658    101.999     349759   6168.067     629454    34.9153  0.0000e+00
    18.3436   4.618844    101.753     349734   6168.168     629223    34.9153  0.0000e+00
    18.3455   4.619079    101.500     349708   6168.297     628985    34.9158  0.0000e+00
    18.3477   4.619364    101.234     349679   6168.452     628736    34.9164  0.0000e+00
    18.3503   4.619655    100.955     349645   6168.610     628474    34.9169  0.0000e+00
    18.3530   4.619937    100.660     349609   6168.764     628197    34.9170  0.0000e+00
    18.3558   4.620215    100.354     349572   6168.915     627909    34.9171  0.0000e+00
    18.3586   4.620489    100.040     349535   6169.064     627614    34.9172  0.0000e+00
    18.3614   4.620737     99.724     349498   6169.199     627318    34.9170  0.0000e+00
    18.3640   4.620942     99.411     349463   6169.310     627024    34.9167  0.0000e+00
    18.3664   4.621125     99.110     349431   6169.410     626741    34.9163  0.0000e+00
    18.3686   4.621317     98.825     349402   6169.514     626474    34.9161  0.0000e+00
    18.3707   4.621564     98.567     349373   6169.648     626231    34.9165  0.0000e+00
    18.3732   4.621851     98.338     349342   6169.805     626016    34.9169  0.0000e+00
    18.3758   4.622138     98.136     349306   6169.961     625827    34.9172  0.0000e+00
    18.3786   4.622394     97.957     349269   6170.100     625658    34.9170  0.0000e+00
    18.3814   4.622633     97.796     349233   6170.230     625507    34.9168  0.0000e+00
    18.3840   4.622874     97.641     349198   6170.361     625362    34.9166  0.0000e+00
    18.3866   4.623124     97.485     349164   6170.498     625215    34.9166  0.0000e+00
    18.3891   4.623358     97.319     349130   6170.625     625059    34.9165  0.0000e+00
    18.3916   4.623589     97.136     349098   6170.750     624887    34.9164  0.0000e+00
    18.3939   4.623829     96.933     349067   6170.881     624697    34.9166  0.0000e+00
    18.3962   4.624092     96.712     349036   6171.024     624490    34.9169  0.0000e+00
    18.3987   4.624401     96.474     349004   6171.192     624266    34.9175  0.0000e+00
    18.4014   4.624744     96.222     348968   6171.379     624029    34.9182  0.0000e+00
    18.4044   4.625102     95.957     348928   6171.573     623780    34.9188  0.0000e+00
    18.4078   4.625458     95.681     348884   6171.767     623521    34.9190  0.0000e+00
    18.4112   4.625776     95.398     348838   6171.940     623256    34.9189  0.0000e+00
    18.4146   4.626049     95.109     348793   6172.088     622985    34.9184  0.0000e+00
    18.4178   4.626318     94.817     348751   6172.235     622710    34.9181  0.0000e+00
    18.4208   4.626565     94.524     348711   6172.369     622435    34.9177  0.0000e+00
    18.4236   4.626797     94.236     348674   6172.495     622164    34.9174  0.0000e+00
    18.4263   4.627040     93.953     348638   6172.627     621898    34.9173  0.0000e+00
    18.4290   4.627296     93.677     348603   6172.766     621639    34.9173  0.0000e+00
    18.4317   4.627588     93.407     348568   6172.925     621386    34.9176  0.0000e+00
    18.4345   4.627907     93.144     348530   6173.099     621139    34.9180  0.0000e+00
    18.4375   4.628194     92.887     348490   6173.254     620898    34.9180  0.0000e+00
    18.4404   4.628428     92.643     348451   6173.382     620668    34.9176  0.0000e+00
    18.4431   4.628627     92.410     348416   6173.490     620449    34.9170  0.0000e+00
    18.4455   4.628833     92.190     348384   6173.602     620243    34.9168  0.0000e+00
    18.4477   4.629097     91.982     348356   6173.746     620047    34.9173  0.0000e+00
    18.4500   4.629432     91.781     348325   6173.927     619859    34.9182  0.0000e+00
    18.4527   4.629801     91.584     348289   6174.128     619674    34.9191  0.0000e+00
    18.4559   4.630177     91.387     348248   6174.333     619489    34.9197  0.0000e+00
    18.4594   4.630527     91.194     348202   6174.523     619307    34.9198  0.0000e+00
    18.4629   4.630855     91.003     348155   6174.701     619128    34.9196  0.0000e+00
    18.4662   4.631148     90.813     348111   6174.860     618950    34.9193  0.0000e+00
    18.4695   4.631465     90.620     348068   6175.033     618768    34.9193  0.0000e+00
    18.4727   4.631813     90.418     348025   6175.222     618579    34.9196  0.0000e+00
    18.4760   4.632134     90.205     347981   6175.396     618379    34.9196  0.0000e+00
    18.4794   4.632429     89.983     347938   6175.556     618170    34.9193  0.0000e+00
    18.4825   4.632688     89.755     347896   6175.697     617956    34.9189  0.0000e+00
    18.4854   4.632886     89.521     347858   6175.805     617736    34.9182  0.0000e+00
    18.4880   4.633111     89.277     347824   6175.927     617508    34.9181  0.0000e+00
    18.4905   4.633429     89.026     347791   6176.100     617271    34.9187  0.0000e+00
    18.4934   4.633783     88.769     347753   6176.292     617030    34.9193  0.0000e+00
    18.4966   4.634167     88.510     347710   6176.501     616787    34.9199  0.0000e+00
    18.5002   4.634535     88.253     347662   6176.701     616545    34.9200  0.0000e+00
    18.5040   4.634851     88.003     347613   6176.872     616310    34.9196  0.0000e+00
    18.5075   4.635138     87.756     347566   6177.028     616079    34.9192  0.0000e+00
    18.5107   4.635406     87.514     347524   6177.174     615851    34.9188  0.0000e+00
    18.5136   4.635659     87.275     347485   6177.312     615627    34.9185  0.0000e+00
    18.5163   4.635922     87.035     347450   6177.455     615402    34.9185  0.0000e+00
    18.5190   4.636262     86.794     347415   6177.640     615175    34.9192  0.0000e+00
    18.5220   4.636709     86.553     347375   6177.883     614949    34.9206  0.0000e+00
    18.5257   4.637247     86.308     347326   6178.175     614719    34.9220  0.0000e+00
    18.5302   4.637792     86.063     347267   6178.470     614489    34.9230  0.0000e+00
    18.5351   4.638256     85.818     347203   6178.723     614259    34.9228  0.0000e+00
    18.5399   4.638595     85.570     347139   6178.907     614026    34.9216  0.0000e+00
    18.5441   4.638827     85.322     347084   6179.033     613793    34.9201  0.0000e+00
    18.5475   4.639020     85.079     347039   6179.137     613565    34.9190  0.0000e+00
    18.5503   4.639232     84.843     347002   6179.252     613343    34.9185  0.0000e+00
    18.5527   4.639514     84.616     346970   6179.405     613130    34.9189  0.0000e+00
    18.5553   4.639874     84.402     346936   6179.601     612929    34.9198  0.0000e+00
    18.5583   4.640267     84.201     346897   6179.815     612740    34.9207  0.0000e+00
    18.5616   4.640606     84.012     346853   6179.998     612563    34.9208  0.0000e+00
    18.5650   4.640900     83.836     346808   6180.159     612397    34.9205  0.0000e+00
    18.5682   4.641211     83.669     346767   6180.327     612241    34.9205  0.0000e+00
    18.5713   4.641566     83.507     346725   6180.520     612089    34.9208  0.0000e+00
    18.5747   4.641971     83.343     346681   6180.740     611935    34.9215  0.0000e+00
    18.5783   4.642366     83.171     346633   6180.954     611772    34.9218  0.0000e+00
    18.5822   4.642689     82.984     346583   6181.130     611597    34.9213  0.0000e+00
    18.5858   4.642963     82.781     346535   6181.278     611406    34.9206  0.0000e+00
    18.5892   4.643282     82.560     346491   6181.451     611199    34.9205  0.0000e+00
    18.5925   4.643657     82.320     346447   6181.655     610973    34.9209  0.0000e+00
    18.5961   4.644071     82.061     346399   6181.880     610731    34.9215  0.0000e+00
    18.6000   4.644519     81.787     346348   6182.123     610473    34.9220  0.0000e+00
    18.6042   4.644983     81.502     346292   6182.375     610206    34.9225  0.0000e+00
    18.6087   4.645441     81.213     346234   6182.623     609933    34.9227  0.0000e+00
    18.6133   4.645836     80.918     346174   6182.838     609657    34.9222  0.0000e+00
    18.6176   4.646138     80.622     346116   6183.002     609378    34.9212  0.0000e+00
    18.6215   4.646375     80.327     346066   6183.130     609102    34.9200  0.0000e+00
    18.6247   4.646665     80.039     346024   6183.288     608831    34.9199  0.0000e+00
    18.6277   4.647049     79.761     345984   6183.496     608570    34.9206  0.0000e+00
    18.6312   4.647528     79.498     345938   6183.756     608323    34.9219  0.0000e+00
    18.6353   4.648009     79.246     345885   6184.017     608086    34.9226  0.0000e+00
    18.6398   4.648411     79.005     345826   6184.236     607861    34.9222  0.0000e+00
    18.6441   4.648739     78.776     345769   6184.413     607646    34.9214  0.0000e+00
    18.6480   4.649075     78.559     345718   6184.596     607441    34.9210  0.0000e+00
    18.6515   4.649421     78.348     345671   6184.784     607243    34.9210  0.0000e+00
    18.6549   4.649782     78.141     345627   6184.980     607048    34.9213  0.0000e+00
    18.6582   4.650153     77.931     345583   6185.181     606851    34.9216  0.0000e+00
    18.6616   4.650550     77.716     345539   6185.396     606649    34.9222  0.0000e+00
    18.6652   4.651035     77.493     345491   6185.659     606441    34.9233  0.0000e+00
    18.6694   4.651595     77.266     345436   6185.963     606227    34.9246  0.0000e+00
    18.6742   4.652147     77.039     345374   6186.262     606014    34.9253  0.0000e+00
    18.6793   4.652625     76.811     345307   6186.522     605799    34.9251  0.0000e+00
    18.6841   4.652988     76.579     345243   6186.718     605582    34.9241  0.0000e+00
    18.6885   4.653302     76.344     345187   6186.889     605361    34.9231  0.0000e+00
    18.6923   4.653606     76.103     345136   6187.053     605135    34.9225  0.0000e+00
    18.6958   4.653929     75.857     345090   6187.229     604903    34.9224  0.0000e+00
    18.6992   4.654288     75.608     345046   6187.423     604670    34.9226  0.0000e+00
    18.7027   4.654695     75.354     345000   6187.644     604431    34.9231  0.0000e+00
    18.7065   4.655129     75.096     344950   6187.880     604189    34.9237  0.0000e+00
    18.7106   4.655584     74.838     344897   6188.126     603947    34.9242  0.0000e+00
    18.7149   4.655998     74.579     344840   6188.351     603704    34.9241  0.0000e+00
    18.7193   4.656388     74.320     344782   6188.563     603460    34.9237  0.0000e+00
    18.7237   4.656776     74.062     344725   6188.773     603218    34.9234  0.0000e+00
    18.7280   4.657151     73.804     344669   6188.976     602976    34.9230  0.0000e+00
    18.7322   4.657510     73.555     344614   6189.171     602742    34.9226  0.0000e+00
    18.7360   4.657838     73.316     344564   6189.349     602517    34.9222  0.0000e+00
    18.7396   4.658149     73.083     344516   6189.517     602299    34.9218  0.0000e+00
    18.7430   4.658504     72.859     344472   6189.710     602087    34.9220  0.0000e+00
    18.7465   4.658924     72.636     344426   6189.938     601879    34.9227  0.0000e+00
    18.7503   4.659386     72.412     344377   6190.188     601668    34.9234  0.0000e+00
    18.7545   4.659904     72.185     344321   6190.469     601454    34.9243  0.0000e+00
    18.7593   4.660440     71.951     344259   6190.759     601235    34.9249  0.0000e+00
    18.7643   4.660899     71.710     344194   6191.008     601009    34.9246  0.0000e+00
    18.7692   4.661253     71.462     344130   6191.200     600776    34.9235  0.0000e+00
    18.7735   4.661532     71.210     344073   6191.351     600539    34.9223  0.0000e+00
    18.7772   4.661779     70.955     344026   6191.485     600300    34.9213  0.0000e+00
    18.7803   4.662073     70.703     343985   6191.644     600063    34.9212  0.0000e+00
    18.7834   4.662441     70.457     343945   6191.844     599832    34.9219  0.0000e+00
    18.7867   4.662884     70.223     343901   6192.084     599612    34.9229  0.0000e+00
    18.7905   4.663389     70.000     343851   6192.357     599403    34.9239  0.0000e+00
    18.7950   4.663941     69.783     343792   6192.657     599198    34.9249  0.0000e+00
    18.8000   4.664454     69.567     343727   6192.935     598996    34.9250  0.0000e+00
    18.8050   4.664878     69.348     343661   6193.164     598789    34.9244  0.0000e+00
    18.8097   4.665195     69.120     343601   6193.336     598576    34.9233  0.0000e+00
    18.8136   4.665496     68.883     343550   6193.499     598353    34.9226  0.0000e+00
    18.8170   4.665838     68.632     343505   6193.684     598118    34.9226  0.0000e+00
    18.8203   4.666214     68.361     343462   6193.888     597863    34.9231  0.0000e+00
    18.8237   4.666593     68.071     343417   6194.093     597591    34.9235  0.0000e+00
    18.8273   4.666992     67.761     343371   6194.310     597299    34.9240  0.0000e+00
