tests/resources/orca-test-data/SBE37SM/SBE37SM-RS232_03711722_2015_11_18/SBE37SM-RS232_03711722_2015_11_18.cnv
* Sea-Bird SBE37SM-RS232  Data File:
* FileName = C:\Users\Ho\Documents\Shark River\2015_11_18\SR\SBE37SM-RS232_03711722_2015_11_18.cnv
* Software version 1.00l
* Temperature SN = 11722
* Conductivity SN = 11722
* System UpLoad Time = Nov 18 2015 18:18:25
* <ApplicationData>
* <Seaterm232>
# nquan = 9
# nvalues = 17858
# units = specified
# name 0 = t090C: Temperature [ITS-90, deg C]
# name 1 = c0S/m: Conductivity [S/m]
# name 2 = prM: Pressure [db]
# name 3 = depSM: Depth [salt water, m], lat = 22
# name 4 = sal00: Salinity [PSU]
# name 5 = svCM: Sound Velocity [Chen-Millero, m/s]
# name 6 = density00: Density [density, Kg/m^3]
# name 7 = timeJ: Julian Days
# name 8 = flag: Flag
# span 0 =     25.5283,    33.0007
# span 1 =    0.017401,   5.721554
# span 2 =       0.743,      2.370
# span 3 =       0.738,      2.355
# span 4 =      0.0770,    34.3750
# span 5 =     1506.06,    1546.65
# span 6 =    994.7748,  1021.5620
# span 7 =  198.741019, 322.756331
# span 8 =  0.0000e+00, 0.0000e+00
# interval = seconds: 600.000000
# start_time = Jul 17 2015 17:47:04
# bad_flag = -9.990e-29
*END*
[from data line 2401]
    29.3255   0.034037      1.893      1.881     0.1512    1507.77   995.9728 215.414630 0.0000e+00
    29.2609   0.033193      1.849      1.838     0.1477    1507.61   995.9891 215.421574 0.0000e+00
    29.2762   0.032606      1.814      1.802     0.1451    1507.65   995.9824 215.428519 0.0000e+00
    29.2757   0.031805      1.766      1.755     0.1416    1507.64   995.9797 215.435463 0.0000e+00
    29.5202   0.030644      1.722      1.711     0.1359    1508.21   995.9027 215.442407 0.0000e+00
    29.4899   0.029838      1.686      1.676     0.1325    1508.13   995.9090 215.449352 0.0000e+00
    29.4594   0.028595      1.636      1.626     0.1272    1508.05   995.9139 215.456296 0.0000e+00
    29.4913   0.027202      1.596      1.586     0.1211    1508.12   995.8996 215.463241 0.0000e+00
    29.4710   0.025781      1.554      1.544     0.1150    1508.07   995.9009 215.470185 0.0000e+00
    29.4527   0.024643      1.514      1.505     0.1102    1508.02   995.9025 215.477130 0.0000e+00
    29.3043   0.023952      1.482      1.473     0.1075    1507.67   995.9443 215.484074 0.0000e+00
    29.3004   0.023313      1.448      1.439     0.1047    1507.65   995.9433 215.491019 0.0000e+00
    29.3168   0.022849      1.424      1.415     0.1027    1507.69   995.9368 215.497963 0.0000e+00
    29.3293   0.022429      1.398      1.390     0.1009    1507.72   995.9317 215.504907 0.0000e+00
    29.3401   0.021906      1.365      1.357     0.0986    1507.74   995.9266 215.511852 0.0000e+00
    29.3580   0.021403      1.333      1.324     0.0965    1507.78   995.9195 215.518796 0.0000e+00
    29.3760   0.021052      1.306      1.298     0.0949    1507.82   995.9129 215.525741 0.0000e+00
    29.3802   0.020767      1.281      1.273     0.0937    1507.83   995.9106 215.532685 0.0000e+00
    29.3930   0.020466      1.255      1.247     0.0924    1507.85   995.9057 215.539630 0.0000e+00
    29.4019   0.020267      1.230      1.223     0.0916    1507.87   995.9024 215.546574 0.0000e+00
    29.4179   0.020072      1.207      1.200     0.0907    1507.91   995.8969 215.553519 0.0000e+00
    29.4390   0.019871      1.183      1.175     0.0898    1507.96   995.8898 215.560463 0.0000e+00
    29.4573   0.019503      1.155      1.148     0.0883    1508.00   995.8831 215.567407 0.0000e+00
    29.4760   0.019314      1.133      1.126     0.0874    1508.04   995.8768 215.574352 0.0000e+00
    29.5025   0.019156      1.112      1.105     0.0867    1508.10   995.8683 215.581296 0.0000e+00
    29.5347   0.018989      1.086      1.079     0.0860    1508.18   995.8580 215.588241 0.0000e+00
    29.5792   0.018900      1.067      1.061     0.0855    1508.28   995.8443 215.595185 0.0000e+00
    29.5652   0.018811      1.051      1.045     0.0852    1508.25   995.8482 215.602130 0.0000e+00
    29.5703   0.018760      1.038      1.032     0.0850    1508.26   995.8464 215.609074 0.0000e+00
    29.6127   0.018751      1.032      1.026     0.0849    1508.36   995.8337 215.616019 0.0000e+00
    29.6960   0.018748      1.023      1.017     0.0847    1508.55   995.8086 215.622963 0.0000e+00
    29.7696   0.018757      1.024      1.017     0.0847    1508.72   995.7865 215.629907 0.0000e+00
    29.7515   0.018734      1.019      1.013     0.0846    1508.68   995.7919 215.636852 0.0000e+00
    29.8154   0.018748      1.021      1.014     0.0846    1508.83   995.7727 215.643796 0.0000e+00
    29.8579   0.018789      1.038      1.031     0.0847    1508.93   995.7601 215.650741 0.0000e+00
    29.9205   0.018944      1.078      1.071     0.0853    1509.07   995.7418 215.657685 0.0000e+00
    30.0180   0.019280      1.139      1.132     0.0865    1509.30   995.7136 215.664630 0.0000e+00
    30.0229   0.019659      1.193      1.186     0.0881    1509.31   995.7136 215.671574 0.0000e+00
    30.0880   0.020331      1.264      1.256     0.0908    1509.47   995.6962 215.678519 0.0000e+00
    30.1259   0.021136      1.351      1.343     0.0941    1509.56   995.6876 215.685463 0.0000e+00
    30.1309   0.021895      1.409      1.400     0.0973    1509.58   995.6887 215.692407 0.0000e+00
    30.1463   0.022787      1.479      1.470     0.1010    1509.62   995.6872 215.699352 0.0000e+00
    30.1410   0.023924      1.537      1.527     0.1058    1509.61   995.6926 215.706296 0.0000e+00
    29.9753   0.024459      1.562      1.552     0.1084    1509.23   995.7448 215.713241 0.0000e+00
    30.0253   0.025908      1.613      1.603     0.1145    1509.36   995.7345 215.720185 0.0000e+00
    30.0539   0.026836      1.668      1.657     0.1184    1509.43   995.7290 215.727130 0.0000e+00
    30.0418   0.027467      1.690      1.679     0.1211    1509.40   995.7348 215.734074 0.0000e+00
    30.0562   0.028780      1.730      1.719     0.1267    1509.44   995.7348 215.741019 0.0000e+00
    30.0742   0.029357      1.764      1.753     0.1291    1509.49   995.7313 215.747963 0.0000e+00
    29.9951   0.030289      1.797      1.786     0.1333    1509.31   995.7586 215.754907 0.0000e+00
    29.9939   0.031014      1.835      1.823     0.1364    1509.31   995.7615 215.761852 0.0000e+00
    29.9878   0.031624      1.866      1.855     0.1390    1509.30   995.7654 215.768796 0.0000e+00
    30.0075   0.032364      1.894      1.882     0.1422    1509.35   995.7619 215.775741 0.0000e+00
    30.0253   0.032771      1.918      1.906     0.1439    1509.39   995.7580 215.782685 0.0000e+00
    30.0096   0.034753      1.961      1.949     0.1525    1509.37   995.7693 215.789630 0.0000e+00
    30.0002   0.036000      1.990      1.978     0.1579    1509.35   995.7764 215.796574 0.0000e+00
    30.0123   0.036744      2.024      2.012     0.1611    1509.38   995.7753 215.803519 0.0000e+00
    30.0184   0.037475      2.049      2.036     0.1643    1509.40   995.7759 215.810463 0.0000e+00
    29.9956   0.037869      2.074      2.061     0.1661    1509.35   995.7843 215.817407 0.0000e+00
    29.9724   0.038187      2.102      2.089     0.1675    1509.30   995.7925 215.824352 0.0000e+00
    29.9429   0.038515      2.127      2.113     0.1690    1509.23   995.8026 215.831296 0.0000e+00
    29.9488   0.038848      2.151      2.137     0.1705    1509.25   995.8020 215.838241 0.0000e+00
    29.9784   0.039188      2.180      2.166     0.1719    1509.32   995.7943 215.845185 0.0000e+00
    29.9591   0.039437      2.187      2.173     0.1730    1509.28   995.8010 215.852130 0.0000e+00
    29.9617   0.039356      2.178      2.164     0.1726    1509.28   995.7999 215.859074 0.0000e+00
    29.9610   0.039399      2.166      2.152     0.1728    1509.28   995.8002 215.866019 0.0000e+00
    29.9446   0.039507      2.160      2.147     0.1734    1509.24   995.8055 215.872963 0.0000e+00
    29.9225   0.039379      2.134      2.120     0.1729    1509.19   995.8117 215.879907 0.0000e+00
    29.8882   0.039135      2.087      2.074     0.1719    1509.11   995.8211 215.886852 0.0000e+00
    29.8037   0.038819      2.046      2.034     0.1708    1508.91   995.8455 215.893796 0.0000e+00
    29.7950   0.038210      1.991      1.979     0.1682    1508.89   995.8459 215.900741 0.0000e+00
    29.7814   0.037086      1.936      1.924     0.1633    1508.85   995.8461 215.907685 0.0000e+00
    29.7628   0.035679      1.893      1.881     0.1572    1508.80   995.8469 215.914630 0.0000e+00
    29.8099   0.034023      1.842      1.831     0.1499    1508.90   995.8270 215.921574 0.0000e+00
    29.8246   0.032930      1.797      1.786     0.1451    1508.93   995.8188 215.928519 0.0000e+00
    29.8430   0.032259      1.771      1.760     0.1421    1508.97   995.8109 215.935463 0.0000e+00
    29.8289   0.031419      1.745      1.734     0.1385    1508.93   995.8124 215.942407 0.0000e+00
    29.8539   0.030384      1.703      1.692     0.1340    1508.98   995.8013 215.949352 0.0000e+00
    29.8739   0.029435      1.656      1.646     0.1299    1509.02   995.7919 215.956296 0.0000e+00
    29.9168   0.027983      1.615      1.604     0.1235    1509.11   995.7741 215.963241 0.0000e+00
    29.9173   0.026778      1.578      1.568     0.1184    1509.11   995.7699 215.970185 0.0000e+00
    29.8805   0.025594      1.543      1.533     0.1134    1509.02   995.7771 215.977130 0.0000e+00
    29.8042   0.024488      1.502      1.493     0.1088    1508.84   995.7964 215.984074 0.0000e+00
    29.8048   0.023730      1.465      1.456     0.1056    1508.83   995.7937 215.991019 0.0000e+00
    29.8023   0.023126      1.434      1.425     0.1031    1508.82   995.7923 215.997963 0.0000e+00
    29.8103   0.022726      1.410      1.402     0.1013    1508.84   995.7885 216.004907 0.0000e+00
    29.7981   0.022171      1.376      1.367     0.0990    1508.81   995.7903 216.011852 0.0000e+00
    29.7867   0.021636      1.339      1.330     0.0968    1508.78   995.7919 216.018796 0.0000e+00
    29.7803   0.021153      1.305      1.297     0.0947    1508.76   995.7921 216.025741 0.0000e+00
    29.7795   0.020762      1.270      1.262     0.0931    1508.76   995.7910 216.032685 0.0000e+00
    29.7853   0.020489      1.237      1.230     0.0919    1508.77   995.7882 216.039630 0.0000e+00
    29.7768   0.020167      1.200      1.193     0.0906    1508.75   995.7896 216.046574 0.0000e+00
    29.7546   0.019857      1.164      1.157     0.0893    1508.69   995.7951 216.053519 0.0000e+00
    29.7426   0.019483      1.132      1.125     0.0878    1508.66   995.7974 216.060463 0.0000e+00
    29.7220   0.019259      1.101      1.094     0.0869    1508.61   995.8028 216.067407 0.0000e+00
    29.7070   0.019084      1.075      1.068     0.0861    1508.58   995.8066 216.074352 0.0000e+00
    29.7086   0.018969      1.052      1.045     0.0857    1508.58   995.8057 216.081296 0.0000e+00
    29.7063   0.018857      1.025      1.019     0.0852    1508.57   995.8059 216.088241 0.0000e+00
    29.6960   0.018791      1.001      0.995     0.0849    1508.55   995.8087 216.095185 0.0000e+00
    29.7044   0.018748      0.975      0.969     0.0847    1508.57   995.8059 216.102130 0.0000e+00
    29.7006   0.018708      0.953      0.947     0.0846    1508.56   995.8068 216.109074 0.0000e+00
    29.6989   0.018668      0.929      0.923     0.0844    1508.55   995.8071 216.116019 0.0000e+00
    29.6841   0.018625      0.911      0.905     0.0842    1508.52   995.8113 216.122963 0.0000e+00
    29.6884   0.018587      0.893      0.887     0.0841    1508.53   995.8098 216.129907 0.0000e+00
    29.6793   0.018556      0.876      0.871     0.0840    1508.51   995.8124 216.136852 0.0000e+00
    29.6715   0.018539      0.860      0.855     0.0839    1508.49   995.8146 216.143796 0.0000e+00
    29.6616   0.018527      0.848      0.843     0.0839    1508.47   995.8175 216.150741 0.0000e+00
    29.6349   0.018513      0.844      0.838     0.0838    1508.40   995.8254 216.157685 0.0000e+00
    29.6479   0.018513      0.840      0.835     0.0838    1508.43   995.8215 216.164630 0.0000e+00
    29.6508   0.018507      0.844      0.839     0.0838    1508.44   995.8206 216.171574 0.0000e+00
    29.6549   0.018504      0.853      0.848     0.0838    1508.45   995.8194 216.178519 0.0000e+00
    29.6564   0.018536      0.877      0.872     0.0839    1508.45   995.8192 216.185463 0.0000e+00
    29.6508   0.018607      0.921      0.915     0.0842    1508.44   995.8213 216.192407 0.0000e+00
    29.6550   0.018694      0.987      0.980     0.0846    1508.45   995.8206 216.199352 0.0000e+00
    29.6697   0.018995      1.066      1.059     0.0858    1508.49   995.8175 216.206296 0.0000e+00
    29.6899   0.019509      1.138      1.131     0.0879    1508.54   995.8134 216.213241 0.0000e+00
    29.6957   0.020092      1.202      1.194     0.0904    1508.56   995.8137 216.220185 0.0000e+00
    29.6939   0.020549      1.259      1.252     0.0923    1508.56   995.8160 216.227130 0.0000e+00
    29.6884   0.021164      1.318      1.309     0.0949    1508.55   995.8199 216.234074 0.0000e+00
    29.6780   0.021737      1.364      1.355     0.0974    1508.53   995.8250 216.241019 0.0000e+00
    29.6713   0.022450      1.418      1.410     0.1004    1508.52   995.8295 216.247963 0.0000e+00
    29.5942   0.023417      1.476      1.467     0.1047    1508.34   995.8561 216.254907 0.0000e+00
    29.6302   0.024531      1.521      1.512     0.1093    1508.43   995.8490 216.261852 0.0000e+00
    29.6167   0.025956      1.573      1.563     0.1155    1508.41   995.8579 216.268796 0.0000e+00
    29.6521   0.027349      1.624      1.614     0.1214    1508.50   995.8520 216.275741 0.0000e+00
    29.6263   0.028018      1.666      1.655     0.1243    1508.44   995.8621 216.282685 0.0000e+00
    29.6091   0.028595      1.709      1.698     0.1269    1508.40   995.8693 216.289630 0.0000e+00
    29.5808   0.029149      1.747      1.736     0.1293    1508.34   995.8798 216.296574 0.0000e+00
    29.5717   0.030029      1.783      1.772     0.1331    1508.33   995.8855 216.303519 0.0000e+00
    29.5484   0.030829      1.815      1.803     0.1367    1508.28   995.8953 216.310463 0.0000e+00
    29.5361   0.031366      1.842      1.831     0.1390    1508.25   995.9008 216.317407 0.0000e+00
    29.5093   0.032499      1.871      1.859     0.1440    1508.19   995.9127 216.324352 0.0000e+00
    29.4875   0.033485      1.890      1.879     0.1484    1508.15   995.9226 216.331296 0.0000e+00
    29.4834   0.034584      1.917      1.905     0.1532    1508.14   995.9275 216.338241 0.0000e+00
    29.4774   0.036034      1.943      1.931     0.1596    1508.14   995.9342 216.345185 0.0000e+00
    29.4671   0.036750      1.963      1.951     0.1628    1508.12   995.9397 216.352130 0.0000e+00
    29.4236   0.037268      1.982      1.969     0.1652    1508.02   995.9546 216.359074 0.0000e+00
    29.3841   0.037630      1.999      1.987     0.1669    1507.93   995.9676 216.366019 0.0000e+00
    29.3686   0.037862      2.012      2.000     0.1679    1507.89   995.9731 216.372963 0.0000e+00
    29.3574   0.038109      2.030      2.017     0.1691    1507.87   995.9774 216.379907 0.0000e+00
    29.3581   0.038323      2.037      2.025     0.1700    1507.87   995.9779 216.386852 0.0000e+00
    29.3581   0.038358      2.041      2.028     0.1702    1507.87   995.9780 216.393796 0.0000e+00
    29.3458   0.038306      2.037      2.024     0.1700    1507.84   995.9815 216.400741 0.0000e+00
    29.3157   0.038283      2.028      2.015     0.1700    1507.77   995.9904 216.407685 0.0000e+00
    29.3278   0.038184      2.007      1.995     0.1695    1507.80   995.9864 216.414630 0.0000e+00
    29.2521   0.038053      1.993      1.980     0.1692    1507.62   996.0084 216.421574 0.0000e+00
    29.2124   0.037874      1.967      1.955     0.1685    1507.52   996.0195 216.428519 0.0000e+00
    29.1845   0.037506      1.933      1.921     0.1669    1507.46   996.0265 216.435463 0.0000e+00
    29.1539   0.036842      1.898      1.886     0.1641    1507.38   996.0332 216.442407 0.0000e+00
    29.0864   0.035713      1.860      1.849     0.1593    1507.21   996.0493 216.449352 0.0000e+00
    29.0021   0.034457      1.821      1.809     0.1540    1507.01   996.0699 216.456296 0.0000e+00
    29.1632   0.033222      1.776      1.765     0.1481    1507.38   996.0179 216.463241 0.0000e+00
    29.2109   0.032054      1.729      1.718     0.1429    1507.49   995.9997 216.470185 0.0000e+00
    29.1657   0.030950      1.686      1.675     0.1381    1507.37   996.0093 216.477130 0.0000e+00
    29.1042   0.029919      1.651      1.640     0.1338    1507.22   996.0239 216.484074 0.0000e+00
    29.1711   0.029111      1.609      1.599     0.1301    1507.38   996.0013 216.491019 0.0000e+00
    29.1340   0.028078      1.568      1.558     0.1257    1507.28   996.0087 216.497963 0.0000e+00
    29.1639   0.026728      1.532      1.522     0.1197    1507.35   995.9953 216.504907 0.0000e+00
    29.0565   0.025633      1.497      1.488     0.1152    1507.09   996.0233 216.511852 0.0000e+00
