tests/resources/orca-test-data/SBE37SM/SBE37SM-RS232_03711722_2015_11_18/SBE37SM-RS232_03711722_2015_11_18.cnv
* Sea-Bird SBE37SM-RS232  Data File:
* FileName = C:\Users\Ho\Documents\Shark River\2015_11_18\SR\SBE37SM-RS232_03711722_2015_11_18.cnv
* Software version 1.00l
* Temperature SN = 11722
* Conductivity SN = 11722
* System UpLoad Time = Nov 18 2015 18:18:25
* <ApplicationData>
* <Seaterm232>
# nquan = 9
# nvalues = 17858
# units = specified
# name 0 = t090C: Temperature [ITS-90, deg C]
# name 1 = c0S/m: Conductivity [S/m]
# name 2 = prM: Pressure [db]
# name 3 = depSM: Depth [salt water, m], lat = 22
# name 4 = sal00: Salinity [PSU]
# name 5 = svCM: Sound Velocity [Chen-Millero, m/s]
# name 6 = density00: Density [density, Kg/m^3]
# name 7 = timeJ: Julian Days
# name 8 = flag: Flag
# span 0 =     25.5283,    33.0007
# span 1 =    0.017401,   5.721554
# span 2 =       0.743,      2.370
# span 3 =       0.738,      2.355
# span 4 =      0.0770,    34.3750
# span 5 =     1506.06,    1546.65
# span 6 =    994.7748,  1021.5620
# span 7 =  198.741019, 322.756331
# span 8 =  0.0000e+00, 0.0000e+00
# interval = seconds: 600.000000
# start_time = Jul 17 2015 17:47:04
# bad_flag = -9.990e-29
*END*
[from data line 8801]
    29.2861   4.970353      1.909      1.897    29.6619    1538.57  1017.9761 259.859074 0.0000e+00
    29.3051   4.987728      1.923      1.911    29.7661    1538.72  1018.0479 259.866019 0.0000e+00
    29.3185   5.003794      1.921      1.909    29.8652    1538.85  1018.1176 259.872963 0.0000e+00
    29.3356   5.023407      1.886      1.874    29.9856    1539.01  1018.2018 259.879907 0.0000e+00
    29.3329   5.036203      1.884      1.872    30.0728    1539.10  1018.2680 259.886852 0.0000e+00
    29.3807   5.032412      1.849      1.838    30.0176    1539.14  1018.2107 259.893796 0.0000e+00
    29.3141   5.048865      1.826      1.814    30.1692    1539.16  1018.3461 259.900741 0.0000e+00
    29.3162   5.047948      1.785      1.774    30.1618    1539.15  1018.3397 259.907685 0.0000e+00
    29.3230   5.042877      1.726      1.715    30.1236    1539.13  1018.3087 259.914630 0.0000e+00
    29.2953   4.977516      1.670      1.660    29.7040    1538.63  1018.0035 259.921574 0.0000e+00
    29.3240   4.926994      1.635      1.624    29.3495    1538.32  1017.7287 259.928519 0.0000e+00
    29.4096   4.901863      1.594      1.584    29.1304    1538.28  1017.5363 259.935463 0.0000e+00
    29.4417   4.895652      1.550      1.540    29.0698    1538.28  1017.4802 259.942407 0.0000e+00
    29.3724   4.990647      1.505      1.496    29.7442    1538.83  1018.0074 259.949352 0.0000e+00
    29.3802   4.979471      1.467      1.458    29.6648    1538.77  1017.9453 259.956296 0.0000e+00
    29.3553   5.043645      1.445      1.436    30.1086    1539.18  1018.2855 259.963241 0.0000e+00
    29.3434   5.012981      1.420      1.411    29.9112    1538.94  1018.1416 259.970185 0.0000e+00
    29.2902   4.969330      1.397      1.388    29.6526    1538.56  1017.9656 259.977130 0.0000e+00
    29.2660   4.952375      1.377      1.368    29.5543    1538.40  1017.9000 259.984074 0.0000e+00
    29.2914   4.999860      1.354      1.345    29.8558    1538.77  1018.1170 259.991019 0.0000e+00
    29.2867   4.990030      1.324      1.316    29.7931    1538.70  1018.0715 259.997963 0.0000e+00
    29.2609   4.966241      1.287      1.279    29.6501    1538.49  1017.9729 260.004907 0.0000e+00
    29.1960   4.887485      1.255      1.248    29.1640    1537.84  1017.6305 260.011852 0.0000e+00
    29.2075   4.842011      1.233      1.225    28.8540    1537.55  1017.3946 260.018796 0.0000e+00
    29.2036   4.779844      1.211      1.204    28.4428    1537.11  1017.0882 260.025741 0.0000e+00
    29.1830   4.728556      1.190      1.183    28.1142    1536.72  1016.8492 260.032685 0.0000e+00
    29.1311   4.694141      1.166      1.159    27.9160    1536.40  1016.7178 260.039630 0.0000e+00
    29.1250   4.654741      1.142      1.135    27.6582    1536.12  1016.5270 260.046574 0.0000e+00
    29.1115   4.631775      1.119      1.112    27.5138    1535.94  1016.4233 260.053519 0.0000e+00
    29.1125   4.590300      1.098      1.091    27.2386    1535.65  1016.2171 260.060463 0.0000e+00
    29.0992   4.566590      1.083      1.077    27.0893    1535.47  1016.1099 260.067407 0.0000e+00
    29.0963   4.539842      1.064      1.057    26.9141    1535.28  1015.9797 260.074352 0.0000e+00
    29.0790   4.516061      1.043      1.037    26.7668    1535.09  1015.8752 260.081296 0.0000e+00
    29.0757   4.485701      1.023      1.016    26.5682    1534.87  1015.7277 260.088241 0.0000e+00
    29.0561   4.474047      1.002      0.996    26.5021    1534.76  1015.6846 260.095185 0.0000e+00
    29.0782   4.451935      0.995      0.989    26.3442    1534.64  1015.5594 260.102130 0.0000e+00
    29.0585   4.448117      0.991      0.985    26.3298    1534.59  1015.5550 260.109074 0.0000e+00
    29.0631   4.431898      0.976      0.970    26.2205    1534.48  1015.4718 260.116019 0.0000e+00
    29.0601   4.423017      0.975      0.969    26.1636    1534.42  1015.4302 260.122963 0.0000e+00
    29.0416   4.416343      0.975      0.969    26.1297    1534.34  1015.4109 260.129907 0.0000e+00
    29.0238   4.409374      0.972      0.966    26.0935    1534.26  1015.3896 260.136852 0.0000e+00
    29.0193   4.407482      0.986      0.980    26.0834    1534.24  1015.3836 260.143796 0.0000e+00
    29.0110   4.403967      1.000      0.994    26.0647    1534.20  1015.3724 260.150741 0.0000e+00
    28.9909   4.399920      1.016      1.009    26.0490    1534.14  1015.3672 260.157685 0.0000e+00
    29.0112   4.411372      1.053      1.046    26.1134    1534.26  1015.4090 260.164630 0.0000e+00
    28.9993   4.401810      1.089      1.083    26.0569    1534.17  1015.3707 260.171574 0.0000e+00
    28.9819   4.397804      1.156      1.149    26.0399    1534.12  1015.3639 260.178519 0.0000e+00
    28.9777   4.429723      1.249      1.241    26.2526    1534.33  1015.5246 260.185463 0.0000e+00
    28.9669   4.425159      1.312      1.303    26.2284    1534.28  1015.5103 260.192407 0.0000e+00
    28.9718   4.435677      1.358      1.349    26.2951    1534.36  1015.5588 260.199352 0.0000e+00
    28.9581   4.419837      1.398      1.390    26.1981    1534.23  1015.4909 260.206296 0.0000e+00
    28.9696   4.415351      1.436      1.427    26.1622    1534.22  1015.4605 260.213241 0.0000e+00
    28.9720   4.414025      1.494      1.485    26.1522    1534.22  1015.4525 260.220185 0.0000e+00
    28.9591   4.394678      1.533      1.523    26.0315    1534.06  1015.3667 260.227130 0.0000e+00
    28.9681   4.396620      1.564      1.554    26.0395    1534.09  1015.3698 260.234074 0.0000e+00
    28.9514   4.458626      1.601      1.591    26.4578    1534.49  1015.6881 260.241019 0.0000e+00
    28.9172   4.477715      1.638      1.628    26.6030    1534.57  1015.8078 260.247963 0.0000e+00
    28.9293   4.481792      1.678      1.667    26.6232    1534.62  1015.8192 260.254907 0.0000e+00
    28.9148   4.480357      1.705      1.694    26.6218    1534.59  1015.8229 260.261852 0.0000e+00
    28.9054   4.503348      1.728      1.717    26.7792    1534.73  1015.9438 260.268796 0.0000e+00
    28.9010   4.547595      1.768      1.757    27.0751    1535.03  1016.1666 260.275741 0.0000e+00
    28.9080   4.580511      1.786      1.774    27.2896    1535.27  1016.3248 260.282685 0.0000e+00
    28.9104   4.620169      1.820      1.808    27.5519    1535.55  1016.5203 260.289630 0.0000e+00
    28.9104   4.675573      1.836      1.824    27.9207    1535.93  1016.7963 260.296574 0.0000e+00
    28.9285   4.747232      1.851      1.839    28.3881    1536.46  1017.1400 260.303519 0.0000e+00
    28.9257   4.788436      1.852      1.841    28.6651    1536.74  1017.3482 260.310463 0.0000e+00
    28.9259   4.818681      1.862      1.850    28.8673    1536.96  1017.4996 260.317407 0.0000e+00
    28.9173   4.836805      1.880      1.868    28.9939    1537.07  1017.5972 260.324352 0.0000e+00
    28.9029   4.843352      1.889      1.877    29.0465    1537.09  1017.6413 260.331296 0.0000e+00
    28.8770   4.841446      1.890      1.878    29.0494    1537.04  1017.6520 260.338241 0.0000e+00
    28.8537   4.847809      1.901      1.889    29.1062    1537.05  1017.7021 260.345185 0.0000e+00
    28.8371   4.874668      1.903      1.891    29.2967    1537.21  1017.8502 260.352130 0.0000e+00
    28.8151   4.902643      1.906      1.894    29.4984    1537.37  1018.0084 260.359074 0.0000e+00
    28.8001   4.916213      1.908      1.896    29.5990    1537.45  1018.0886 260.366019 0.0000e+00
    28.7980   4.908747      1.890      1.878    29.5500    1537.39  1018.0525 260.372963 0.0000e+00
    28.7810   4.954738      1.873      1.861    29.8705    1537.69  1018.2980 260.379907 0.0000e+00
    28.7517   4.943129      1.851      1.839    29.8105    1537.56  1018.2625 260.386852 0.0000e+00
    28.7464   4.944988      1.826      1.815    29.8263    1537.57  1018.2760 260.393796 0.0000e+00
    28.7526   4.962143      1.801      1.790    29.9383    1537.70  1018.3577 260.400741 0.0000e+00
    28.7434   4.963138      1.780      1.769    29.9508    1537.69  1018.3700 260.407685 0.0000e+00
    28.7403   4.966779      1.754      1.743    29.9773    1537.71  1018.3908 260.414630 0.0000e+00
    28.7391   4.966562      1.709      1.698    29.9766    1537.70  1018.3904 260.421574 0.0000e+00
    28.6524   4.918635      1.680      1.669    29.7071    1537.23  1018.2167 260.428519 0.0000e+00
    28.5163   4.848304      1.640      1.630    29.3160    1536.52  1017.9678 260.435463 0.0000e+00
    28.5803   4.839219      1.606      1.596    29.2154    1536.56  1017.8715 260.442407 0.0000e+00
    28.5437   4.817724      1.571      1.561    29.0927    1536.35  1017.7914 260.449352 0.0000e+00
    28.6734   4.916765      1.532      1.523    29.6814    1537.25  1018.1900 260.456296 0.0000e+00
    28.6826   4.919360      1.493      1.484    29.6932    1537.28  1018.1957 260.463241 0.0000e+00
    28.6748   4.905459      1.449      1.440    29.6042    1537.17  1018.1313 260.470185 0.0000e+00
    28.6902   4.983195      1.410      1.401    30.1199    1537.74  1018.5125 260.477130 0.0000e+00
    28.6454   4.962046      1.374      1.366    30.0051    1537.52  1018.4409 260.484074 0.0000e+00
    28.5642   4.912311      1.355      1.347    29.7193    1537.04  1018.2532 260.491019 0.0000e+00
    28.5344   4.882811      1.332      1.324    29.5382    1536.79  1018.1271 260.497963 0.0000e+00
    28.5784   4.940950      1.303      1.295    29.9043    1537.27  1018.3869 260.504907 0.0000e+00
    28.5748   4.929717      1.279      1.271    29.8305    1537.18  1018.3327 260.511852 0.0000e+00
    28.5729   4.883645      1.250      1.242    29.5201    1536.85  1018.1006 260.518796 0.0000e+00
    28.5687   4.813486      1.224      1.216    29.0490    1536.35  1017.7490 260.525741 0.0000e+00
    28.5989   4.767811      1.195      1.187    28.7230    1536.08  1017.4950 260.532685 0.0000e+00
    28.6039   4.702608      1.167      1.160    28.2817    1535.62  1017.1630 260.539630 0.0000e+00
    28.6059   4.667659      1.143      1.136    28.0461    1535.38  1016.9858 260.546574 0.0000e+00
    28.5832   4.629387      1.120      1.113    27.8028    1535.08  1016.8110 260.553519 0.0000e+00
    28.5771   4.605761      1.102      1.095    27.6481    1534.90  1016.6971 260.560463 0.0000e+00
    28.5777   4.571862      1.073      1.066    27.4210    1534.66  1016.5268 260.567407 0.0000e+00
    28.5898   4.555164      1.043      1.037    27.3024    1534.57  1016.4341 260.574352 0.0000e+00
    28.5992   4.542585      1.015      1.009    27.2130    1534.49  1016.3640 260.581296 0.0000e+00
    28.6343   4.528411      0.998      0.992    27.0985    1534.45  1016.2670 260.588241 0.0000e+00
    28.6521   4.497781      0.987      0.981    26.8843    1534.27  1016.1010 260.595185 0.0000e+00
    28.6715   4.488214      0.967      0.961    26.8098    1534.23  1016.0389 260.602130 0.0000e+00
    28.6823   4.462289      0.957      0.951    26.6313    1534.07  1015.9019 260.609074 0.0000e+00
    28.6947   4.455517      0.953      0.947    26.5794    1534.04  1015.8591 260.616019 0.0000e+00
    28.6906   4.443008      0.949      0.943    26.4986    1533.95  1015.7999 260.622963 0.0000e+00
    28.6751   4.429078      0.947      0.941    26.4146    1533.83  1015.7421 260.629907 0.0000e+00
    28.6864   4.431387      0.951      0.945    26.4237    1533.86  1015.7454 260.636852 0.0000e+00
    28.7127   4.434298      0.959      0.953    26.4285    1533.92  1015.7405 260.643796 0.0000e+00
    28.7464   4.439433      0.972      0.966    26.4439    1534.02  1015.7412 260.650741 0.0000e+00
    28.7609   4.440962      0.998      0.992    26.4461    1534.05  1015.7382 260.657685 0.0000e+00
    28.7861   4.435586      1.029      1.023    26.3965    1534.05  1015.6932 260.664630 0.0000e+00
    28.7634   4.440388      1.070      1.063    26.4409    1534.05  1015.7339 260.671574 0.0000e+00
    28.8231   4.441730      1.112      1.105    26.4168    1534.16  1015.6968 260.678519 0.0000e+00
    28.7932   4.457630      1.159      1.151    26.5387    1534.22  1015.7978 260.685463 0.0000e+00
    28.8070   4.463995      1.182      1.175    26.5733    1534.29  1015.8193 260.692407 0.0000e+00
    28.8341   4.483751      1.226      1.218    26.6892    1534.47  1015.8973 260.699352 0.0000e+00
    28.8447   4.483026      1.282      1.274    26.6785    1534.48  1015.8862 260.706296 0.0000e+00
    28.8568   4.488910      1.338      1.330    26.7107    1534.54  1015.9066 260.713241 0.0000e+00
    28.8633   4.489299      1.384      1.376    26.7097    1534.56  1015.9040 260.720185 0.0000e+00
    28.8452   4.471195      1.412      1.404    26.5998    1534.40  1015.8277 260.727130 0.0000e+00
    28.8249   4.450901      1.445      1.436    26.4765    1534.23  1015.7423 260.734074 0.0000e+00
    28.8466   4.449998      1.482      1.473    26.4585    1534.26  1015.7220 260.741019 0.0000e+00
    28.8274   4.445472      1.519      1.509    26.4392    1534.20  1015.7139 260.747963 0.0000e+00
    28.8082   4.445392      1.557      1.548    26.4493    1534.17  1015.7278 260.754907 0.0000e+00
    28.8133   4.462831      1.599      1.589    26.5620    1534.30  1015.8106 260.761852 0.0000e+00
    28.8446   4.487528      1.627      1.617    26.7083    1534.52  1015.9100 260.768796 0.0000e+00
    28.8466   4.521877      1.658      1.647    26.9350    1534.76  1016.0790 260.775741 0.0000e+00
    28.8411   4.523372      1.687      1.676    26.9481    1534.76  1016.0907 260.782685 0.0000e+00
    28.8393   4.547008      1.709      1.698    27.1061    1534.92  1016.2095 260.789630 0.0000e+00
    28.8425   4.581568      1.718      1.708    27.3340    1535.17  1016.3789 260.796574 0.0000e+00
    28.8374   4.606200      1.726      1.716    27.5008    1535.33  1016.5054 260.803519 0.0000e+00
    28.8341   4.641397      1.741      1.730    27.7372    1535.57  1016.6834 260.810463 0.0000e+00
    28.8277   4.680278      1.758      1.747    28.0004    1535.83  1016.8824 260.817407 0.0000e+00
    28.8198   4.736821      1.792      1.780    28.3830    1536.22  1017.1714 260.824352 0.0000e+00
    28.8067   4.782998      1.811      1.800    28.7000    1536.52  1017.4130 260.831296 0.0000e+00
    28.7969   4.824091      1.863      1.851    28.9816    1536.79  1017.6272 260.838241 0.0000e+00
    28.7900   4.856166      1.876      1.864    29.2012    1537.01  1017.7939 260.845185 0.0000e+00
    28.7885   4.893905      1.861      1.849    29.4560    1537.27  1017.9851 260.852130 0.0000e+00
    28.7885   4.900742      1.869      1.857    29.5020    1537.32  1018.0196 260.859074 0.0000e+00
    28.7911   4.893870      1.879      1.867    29.4541    1537.27  1017.9829 260.866019 0.0000e+00
    28.7856   4.896557      1.888      1.876    29.4756    1537.29  1018.0009 260.872963 0.0000e+00
    28.7926   4.913006      1.889      1.877    29.5820    1537.41  1018.0782 260.879907 0.0000e+00
    28.7948   4.923698      1.868      1.857    29.6527    1537.49  1018.1303 260.886852 0.0000e+00
    28.7913   4.939892      1.853      1.842    29.7640    1537.60  1018.2148 260.893796 0.0000e+00
    28.7876   4.934115      1.838      1.827    29.7273    1537.55  1018.1885 260.900741 0.0000e+00
    28.7631   4.952772      1.827      1.815    29.8684    1537.65  1018.3021 260.907685 0.0000e+00
    28.7878   4.990000      1.813      1.802    30.1043    1537.95  1018.4706 260.914630 0.0000e+00
    28.7740   4.980698      1.787      1.776    30.0501    1537.86  1018.4345 260.921574 0.0000e+00
    28.7794   4.997899      1.758      1.747    30.1629    1537.99  1018.5170 260.928519 0.0000e+00
    28.7765   4.999683      1.727      1.717    30.1768    1538.00  1018.5283 260.935463 0.0000e+00
    28.7766   5.002029      1.679      1.668    30.1926    1538.01  1018.5398 260.942407 0.0000e+00
    28.6518   4.907103      1.637      1.627    29.6296    1537.15  1018.1587 260.949352 0.0000e+00
    28.6333   4.860351      1.602      1.592    29.3254    1536.79  1017.9368 260.956296 0.0000e+00
