tests/resources/orca-test-data/SBE37SM/SBE37SM-RS232_03711722_2015_11_18/SBE37SM-RS232_03711722_2015_11_18.cnv
* Sea-Bird SBE37SM-RS232  Data File:
* FileName = C:\Users\Ho\Documents\Shark River\2015_11_18\SR\SBE37SM-RS232_03711722_2015_11_18.cnv
* Software version 1.00l
* Temperature SN = 11722
* Conductivity SN = 11722
* System UpLoad Time = Nov 18 2015 18:18:25
* <ApplicationData>
* <Seaterm232>
# nquan = 9
# nvalues = 17858
# units = specified
# name 0 = t090C: Temperature [ITS-90, deg C]
# name 1 = c0S/m: Conductivity [S/m]
# name 2 = prM: Pressure [db]
# name 3 = depSM: Depth [salt water, m], lat = 22
# name 4 = sal00: Salinity [PSU]
# name 5 = svCM: Sound Velocity [Chen-Millero, m/s]
# name 6 = density00: Density [density, Kg/m^3]
# name 7 = timeJ: Julian Days
# name 8 = flag: Flag
# span 0 =     25.5283,    33.0007
# span 1 =    0.017401,   5.721554
# span 2 =       0.743,      2.370
# span 3 =       0.738,      2.355
# span 4 =      0.0770,    34.3750
# span 5 =     1506.06,    1546.65
# span 6 =    994.7748,  1021.5620
# span 7 =  198.741019, 322.756331
# span 8 =  0.0000e+00, 0.0000e+00
# interval = seconds: 600.000000
# start_time = Jul 17 2015 17:47:04
# bad_flag = -9.990e-29
*END*
[from data line 801]
    31.3851   0.026699      1.477      1.468     0.1151    1512.42   995.3153 204.303519 0.0000e+00
    31.4006   0.026745      1.491      1.482     0.1153    1512.46   995.3106 204.310463 0.0000e+00
    31.3927   0.026779      1.518      1.509     0.1155    1512.44   995.3133 204.317407 0.0000e+00
    31.3812   0.026828      1.540      1.531     0.1157    1512.42   995.3172 204.324352 0.0000e+00
    31.3720   0.026900      1.571      1.562     0.1160    1512.40   995.3205 204.331296 0.0000e+00
    31.3531   0.026975      1.599      1.589     0.1163    1512.36   995.3268 204.338241 0.0000e+00
    31.3651   0.027131      1.628      1.618     0.1170    1512.38   995.3236 204.345185 0.0000e+00
    31.3728   0.027307      1.650      1.639     0.1177    1512.40   995.3218 204.352130 0.0000e+00
    31.3492   0.027437      1.669      1.659     0.1183    1512.35   995.3298 204.359074 0.0000e+00
    31.3150   0.027598      1.693      1.682     0.1190    1512.28   995.3412 204.366019 0.0000e+00
    31.3194   0.027858      1.721      1.710     0.1201    1512.29   995.3407 204.372963 0.0000e+00
    31.3238   0.028057      1.745      1.734     0.1209    1512.30   995.3401 204.379907 0.0000e+00
    31.3104   0.028161      1.763      1.752     0.1214    1512.27   995.3447 204.386852 0.0000e+00
    31.2950   0.028276      1.786      1.775     0.1219    1512.24   995.3500 204.393796 0.0000e+00
    31.2816   0.028394      1.801      1.790     0.1224    1512.21   995.3547 204.400741 0.0000e+00
    31.2755   0.028530      1.821      1.810     0.1230    1512.20   995.3571 204.407685 0.0000e+00
    31.2763   0.028651      1.840      1.829     0.1235    1512.20   995.3573 204.414630 0.0000e+00
    31.2862   0.028766      1.854      1.843     0.1239    1512.22   995.3546 204.421574 0.0000e+00
    31.2842   0.028853      1.870      1.859     0.1243    1512.22   995.3556 204.428519 0.0000e+00
    31.2710   0.028922      1.878      1.867     0.1246    1512.19   995.3600 204.435463 0.0000e+00
    31.2499   0.029012      1.891      1.879     0.1250    1512.14   995.3669 204.442407 0.0000e+00
    31.2223   0.029069      1.896      1.884     0.1253    1512.08   995.3758 204.449352 0.0000e+00
    31.1992   0.029130      1.904      1.892     0.1256    1512.03   995.3833 204.456296 0.0000e+00
    31.1892   0.029202      1.904      1.892     0.1260    1512.01   995.3867 204.463241 0.0000e+00
    31.1715   0.029234      1.905      1.893     0.1261    1511.97   995.3923 204.470185 0.0000e+00
    31.1547   0.029245      1.900      1.888     0.1262    1511.93   995.3976 204.477130 0.0000e+00
    31.1404   0.029234      1.896      1.884     0.1262    1511.90   995.4020 204.484074 0.0000e+00
    31.1291   0.029239      1.890      1.878     0.1262    1511.87   995.4056 204.491019 0.0000e+00
    31.1232   0.029228      1.878      1.866     0.1262    1511.86   995.4073 204.497963 0.0000e+00
    31.1125   0.029162      1.857      1.846     0.1260    1511.84   995.4104 204.504907 0.0000e+00
    31.0631   0.029086      1.836      1.824     0.1258    1511.73   995.4255 204.511852 0.0000e+00
    31.0747   0.029020      1.815      1.803     0.1254    1511.75   995.4216 204.518796 0.0000e+00
    31.0386   0.028890      1.783      1.772     0.1250    1511.67   995.4323 204.525741 0.0000e+00
    31.0221   0.028726      1.745      1.734     0.1243    1511.63   995.4368 204.532685 0.0000e+00
    31.0626   0.028590      1.712      1.701     0.1237    1511.72   995.4236 204.539630 0.0000e+00
    31.0650   0.028440      1.688      1.677     0.1230    1511.72   995.4223 204.546574 0.0000e+00
    31.0990   0.028267      1.658      1.648     0.1222    1511.80   995.4109 204.553519 0.0000e+00
    31.1154   0.028077      1.631      1.621     0.1214    1511.83   995.4051 204.560463 0.0000e+00
    31.1156   0.027872      1.606      1.596     0.1206    1511.83   995.4043 204.567407 0.0000e+00
    31.1479   0.027604      1.571      1.561     0.1194    1511.90   995.3931 204.574352 0.0000e+00
    31.1401   0.027379      1.545      1.535     0.1184    1511.88   995.3948 204.581296 0.0000e+00
    31.1406   0.027232      1.517      1.507     0.1178    1511.88   995.3940 204.588241 0.0000e+00
    31.1640   0.027151      1.492      1.483     0.1175    1511.94   995.3863 204.595185 0.0000e+00
    31.1629   0.027030      1.463      1.454     0.1169    1511.93   995.3862 204.602130 0.0000e+00
    31.1286   0.026917      1.436      1.427     0.1165    1511.86   995.3965 204.609074 0.0000e+00
    31.1412   0.026851      1.415      1.406     0.1162    1511.88   995.3922 204.616019 0.0000e+00
    31.1608   0.026794      1.395      1.387     0.1160    1511.93   995.3858 204.622963 0.0000e+00
    31.2140   0.026779      1.379      1.371     0.1158    1512.04   995.3690 204.629907 0.0000e+00
    31.2243   0.026739      1.361      1.353     0.1156    1512.07   995.3656 204.636852 0.0000e+00
    31.2834   0.026739      1.341      1.332     0.1155    1512.20   995.3469 204.643796 0.0000e+00
    31.4211   0.026771      1.318      1.310     0.1154    1512.50   995.3035 204.650741 0.0000e+00
    31.4170   0.026745      1.295      1.287     0.1153    1512.49   995.3046 204.657685 0.0000e+00
    31.5071   0.026759      1.273      1.265     0.1152    1512.69   995.2760 204.664630 0.0000e+00
    31.4938   0.026716      1.252      1.244     0.1150    1512.66   995.2800 204.671574 0.0000e+00
    31.5360   0.026707      1.229      1.222     0.1149    1512.75   995.2665 204.678519 0.0000e+00
    31.5930   0.026702      1.209      1.201     0.1148    1512.88   995.2484 204.685463 0.0000e+00
    31.5968   0.026673      1.190      1.183     0.1146    1512.88   995.2470 204.692407 0.0000e+00
    31.6652   0.026684      1.172      1.165     0.1145    1513.03   995.2252 204.699352 0.0000e+00
    31.7264   0.026690      1.156      1.149     0.1144    1513.17   995.2057 204.706296 0.0000e+00
    31.8137   0.026711      1.142      1.135     0.1144    1513.36   995.1778 204.713241 0.0000e+00
    31.8910   0.026722      1.130      1.123     0.1143    1513.53   995.1532 204.720185 0.0000e+00
    31.9614   0.026731      1.115      1.109     0.1142    1513.68   995.1306 204.727130 0.0000e+00
    32.0356   0.026742      1.111      1.104     0.1141    1513.84   995.1068 204.734074 0.0000e+00
    32.1273   0.026766      1.099      1.092     0.1140    1514.04   995.0773 204.741019 0.0000e+00
    32.1409   0.026754      1.106      1.099     0.1139    1514.07   995.0730 204.747963 0.0000e+00
    32.1202   0.026722      1.107      1.100     0.1138    1514.02   995.0795 204.754907 0.0000e+00
    32.1158   0.026702      1.107      1.100     0.1138    1514.01   995.0809 204.761852 0.0000e+00
    32.1112   0.026682      1.107      1.100     0.1137    1514.00   995.0823 204.768796 0.0000e+00
    32.1183   0.026670      1.108      1.101     0.1136    1514.02   995.0800 204.775741 0.0000e+00
    32.1275   0.026662      1.116      1.109     0.1136    1514.04   995.0770 204.782685 0.0000e+00
    32.1385   0.026659      1.138      1.131     0.1135    1514.06   995.0736 204.789630 0.0000e+00
    32.1754   0.026673      1.174      1.166     0.1135    1514.14   995.0619 204.796574 0.0000e+00
    32.1733   0.026670      1.213      1.205     0.1135    1514.14   995.0627 204.803519 0.0000e+00
    32.1801   0.026679      1.248      1.240     0.1135    1514.15   995.0607 204.810463 0.0000e+00
    32.1869   0.026688      1.283      1.275     0.1136    1514.17   995.0587 204.817407 0.0000e+00
    32.1835   0.026694      1.323      1.314     0.1136    1514.16   995.0600 204.824352 0.0000e+00
    32.1827   0.026705      1.362      1.354     0.1136    1514.16   995.0605 204.831296 0.0000e+00
    32.1953   0.026725      1.399      1.391     0.1137    1514.19   995.0567 204.838241 0.0000e+00
    32.1893   0.026743      1.428      1.419     0.1138    1514.18   995.0588 204.845185 0.0000e+00
    32.1689   0.026751      1.460      1.451     0.1139    1514.13   995.0655 204.852130 0.0000e+00
    32.1638   0.026780      1.482      1.473     0.1140    1514.12   995.0673 204.859074 0.0000e+00
    32.1465   0.026806      1.505      1.496     0.1141    1514.09   995.0731 204.866019 0.0000e+00
    32.1514   0.026843      1.529      1.520     0.1143    1514.10   995.0717 204.872963 0.0000e+00
    32.1412   0.026887      1.555      1.545     0.1145    1514.08   995.0753 204.879907 0.0000e+00
    32.1175   0.026921      1.570      1.560     0.1146    1514.03   995.0831 204.886852 0.0000e+00
    32.1094   0.026976      1.590      1.580     0.1149    1514.01   995.0859 204.893796 0.0000e+00
    32.1373   0.027065      1.610      1.600     0.1152    1514.07   995.0773 204.900741 0.0000e+00
    32.1611   0.027137      1.626      1.616     0.1154    1514.12   995.0699 204.907685 0.0000e+00
    32.1502   0.027204      1.638      1.628     0.1157    1514.10   995.0737 204.914630 0.0000e+00
    32.0904   0.027284      1.655      1.645     0.1162    1513.97   995.0933 204.921574 0.0000e+00
    32.0579   0.027469      1.679      1.669     0.1170    1513.90   995.1044 204.928519 0.0000e+00
    32.0682   0.027599      1.693      1.683     0.1175    1513.92   995.1015 204.935463 0.0000e+00
    32.0667   0.027723      1.707      1.696     0.1180    1513.92   995.1025 204.942407 0.0000e+00
    32.0380   0.027861      1.725      1.715     0.1187    1513.86   995.1122 204.949352 0.0000e+00
    31.9899   0.028002      1.738      1.728     0.1193    1513.76   995.1281 204.956296 0.0000e+00
    31.9695   0.028083      1.747      1.736     0.1197    1513.71   995.1349 204.963241 0.0000e+00
    31.9362   0.028124      1.754      1.743     0.1199    1513.64   995.1458 204.970185 0.0000e+00
    31.9058   0.028158      1.757      1.746     0.1201    1513.58   995.1556 204.977130 0.0000e+00
    31.8725   0.028187      1.765      1.754     0.1203    1513.50   995.1664 204.984074 0.0000e+00
    31.8610   0.028216      1.763      1.752     0.1205    1513.48   995.1702 204.991019 0.0000e+00
    31.8660   0.028233      1.763      1.752     0.1205    1513.49   995.1686 204.997963 0.0000e+00
    31.8271   0.028213      1.757      1.746     0.1205    1513.40   995.1809 205.004907 0.0000e+00
    31.8370   0.028178      1.738      1.727     0.1204    1513.43   995.1776 205.011852 0.0000e+00
    31.8136   0.028123      1.727      1.716     0.1202    1513.37   995.1849 205.018796 0.0000e+00
    31.8092   0.028051      1.713      1.702     0.1199    1513.36   995.1860 205.025741 0.0000e+00
    31.7898   0.027947      1.688      1.677     0.1195    1513.32   995.1917 205.032685 0.0000e+00
    31.7913   0.027838      1.661      1.651     0.1190    1513.32   995.1908 205.039630 0.0000e+00
    31.7885   0.027714      1.643      1.633     0.1185    1513.32   995.1912 205.046574 0.0000e+00
    31.7945   0.027573      1.623      1.613     0.1179    1513.33   995.1888 205.053519 0.0000e+00
    31.8111   0.027353      1.595      1.585     0.1170    1513.36   995.1827 205.060463 0.0000e+00
    31.8221   0.027221      1.572      1.562     0.1164    1513.39   995.1787 205.067407 0.0000e+00
    31.8209   0.027120      1.551      1.541     0.1160    1513.38   995.1786 205.074352 0.0000e+00
    31.8206   0.027036      1.527      1.517     0.1157    1513.38   995.1784 205.081296 0.0000e+00
    31.7960   0.026958      1.509      1.499     0.1154    1513.33   995.1859 205.088241 0.0000e+00
    31.7805   0.026889      1.493      1.484     0.1152    1513.29   995.1906 205.095185 0.0000e+00
    31.7873   0.026826      1.473      1.463     0.1149    1513.31   995.1881 205.102130 0.0000e+00
    31.7705   0.026759      1.455      1.446     0.1146    1513.27   995.1932 205.109074 0.0000e+00
    31.8266   0.026734      1.439      1.430     0.1144    1513.39   995.1751 205.116019 0.0000e+00
    31.8260   0.026673      1.422      1.413     0.1142    1513.39   995.1751 205.122963 0.0000e+00
    31.8102   0.026621      1.403      1.395     0.1140    1513.35   995.1799 205.129907 0.0000e+00
    31.7689   0.026563      1.385      1.376     0.1138    1513.26   995.1928 205.136852 0.0000e+00
    31.7469   0.026523      1.374      1.365     0.1137    1513.22   995.1996 205.143796 0.0000e+00
    31.7276   0.026477      1.349      1.341     0.1136    1513.17   995.2055 205.150741 0.0000e+00
    31.7546   0.026465      1.334      1.325     0.1135    1513.23   995.1968 205.157685 0.0000e+00
    31.7239   0.026428      1.319      1.310     0.1134    1513.16   995.2064 205.164630 0.0000e+00
    31.7043   0.026402      1.300      1.292     0.1133    1513.12   995.2125 205.171574 0.0000e+00
    31.6803   0.026365      1.285      1.277     0.1132    1513.07   995.2199 205.178519 0.0000e+00
    31.6976   0.026347      1.268      1.260     0.1131    1513.11   995.2143 205.185463 0.0000e+00
    31.6805   0.026313      1.252      1.245     0.1130    1513.07   995.2196 205.192407 0.0000e+00
    31.6429   0.026272      1.239      1.231     0.1129    1512.98   995.2313 205.199352 0.0000e+00
    31.6424   0.026249      1.229      1.221     0.1128    1512.98   995.2314 205.206296 0.0000e+00
    31.6263   0.026220      1.216      1.208     0.1127    1512.95   995.2363 205.213241 0.0000e+00
    31.6149   0.026194      1.196      1.189     0.1126    1512.92   995.2398 205.220185 0.0000e+00
    31.6024   0.026163      1.189      1.181     0.1125    1512.89   995.2436 205.227130 0.0000e+00
    31.6109   0.026157      1.183      1.175     0.1125    1512.91   995.2409 205.234074 0.0000e+00
    31.6404   0.026145      1.173      1.166     0.1124    1512.98   995.2314 205.241019 0.0000e+00
    31.6172   0.026117      1.171      1.164     0.1123    1512.93   995.2387 205.247963 0.0000e+00
    31.6170   0.026105      1.168      1.161     0.1122    1512.93   995.2387 205.254907 0.0000e+00
    31.6135   0.026088      1.174      1.167     0.1122    1512.92   995.2398 205.261852 0.0000e+00
    31.5989   0.026071      1.176      1.168     0.1121    1512.89   995.2444 205.268796 0.0000e+00
    31.6023   0.026062      1.182      1.174     0.1121    1512.89   995.2433 205.275741 0.0000e+00
    31.6026   0.026053      1.205      1.198     0.1121    1512.89   995.2433 205.282685 0.0000e+00
    31.6024   0.026053      1.234      1.226     0.1121    1512.89   995.2435 205.289630 0.0000e+00
    31.6056   0.026050      1.264      1.256     0.1120    1512.90   995.2426 205.296574 0.0000e+00
    31.6044   0.026062      1.304      1.296     0.1121    1512.90   995.2432 205.303519 0.0000e+00
    31.6271   0.026085      1.336      1.327     0.1121    1512.95   995.2362 205.310463 0.0000e+00
    31.6407   0.026102      1.359      1.351     0.1122    1512.98   995.2320 205.317407 0.0000e+00
    31.6480   0.026125      1.382      1.374     0.1123    1513.00   995.2299 205.324352 0.0000e+00
    31.5569   0.026096      1.403      1.394     0.1123    1512.80   995.2588 205.331296 0.0000e+00
    31.5799   0.026128      1.434      1.425     0.1124    1512.85   995.2517 205.338241 0.0000e+00
    31.6172   0.026189      1.466      1.457     0.1126    1512.93   995.2402 205.345185 0.0000e+00
    31.5898   0.026232      1.499      1.490     0.1128    1512.87   995.2492 205.352130 0.0000e+00
    31.5761   0.026301      1.525      1.515     0.1131    1512.84   995.2539 205.359074 0.0000e+00
    31.5769   0.026359      1.537      1.527     0.1134    1512.85   995.2539 205.366019 0.0000e+00
    31.5777   0.026439      1.561      1.551     0.1137    1512.85   995.2539 205.372963 0.0000e+00
    31.5704   0.026578      1.589      1.579     0.1143    1512.83   995.2568 205.379907 0.0000e+00
    31.5686   0.026722      1.608      1.598     0.1149    1512.83   995.2579 205.386852 0.0000e+00
    31.5652   0.026941      1.629      1.618     0.1158    1512.82   995.2598 205.393796 0.0000e+00
    31.5610   0.027085      1.647      1.637     0.1164    1512.82   995.2616 205.400741 0.0000e+00
