tests/resources/orca-test-data/SBE37SM/SBE37SM-RS232_03711722_2015_11_18/SBE37SM-RS232_03711722_2015_11_18.cnv
* Sea-Bird SBE37SM-RS232  Data File:
* FileName = C:\Users\Ho\Documents\Shark River\2015_11_18\SR\SBE37SM-RS232_03711722_2015_11_18.cnv
* Software version 1.00l
* Temperature SN = 11722
* Conductivity SN = 11722
* System UpLoad Time = Nov 18 2015 18:18:25
* <ApplicationData>
* <Seaterm232>
# nquan = 9
# nvalues = 17858
# units = specified
# name 0 = t090C: Temperature [ITS-90, deg C]
# name 1 = c0S/m: Conductivity [S/m]
# name 2 = prM: Pressure [db]
# name 3 = depSM: Depth [salt water, m], lat = 22
# name 4 = sal00: Salinity [PSU]
# name 5 = svCM: Sound Velocity [Chen-Millero, m/s]
# name 6 = density00: Density [density, Kg/m^3]
# name 7 = timeJ: Julian Days
# name 8 = flag: Flag
# span 0 =     25.5283,    33.0007
# span 1 =    0.017401,   5.721554
# span 2 =       0.743,      2.370
# span 3 =       0.738,      2.355
# span 4 =      0.0770,    34.3750
# span 5 =     1506.06,    1546.65
# span 6 =    994.7748,  1021.5620
# span 7 =  198.741019, 322.756331
# span 8 =  0.0000e+00, 0.0000e+00
# interval = seconds: 600.000000
# start_time = Jul 17 2015 17:47:04
# bad_flag = -9.990e-29
*END*
[from data line 161]
    30.2408   0.031560      1.940      1.928     0.1381    1509.88   995.6884 199.859074 0.0000e+00
    30.1965   0.031347      1.910      1.898     0.1373    1509.78   995.7011 199.866019 0.0000e+00
    30.1906   0.031124      1.871      1.859     0.1364    1509.76   995.7020 199.872963 0.0000e+00
    30.2274   0.030988      1.834      1.823     0.1357    1509.85   995.6902 199.879907 0.0000e+00
    30.2439   0.030850      1.803      1.792     0.1351    1509.88   995.6845 199.886852 0.0000e+00
    30.2216   0.030700      1.764      1.753     0.1345    1509.83   995.6907 199.893796 0.0000e+00
    30.2263   0.030593      1.731      1.721     0.1340    1509.84   995.6888 199.900741 0.0000e+00
    30.2780   0.030541      1.691      1.681     0.1337    1509.96   995.6726 199.907685 0.0000e+00
    30.2948   0.030480      1.649      1.639     0.1334    1510.00   995.6671 199.914630 0.0000e+00
    30.2993   0.030443      1.605      1.595     0.1332    1510.00   995.6654 199.921574 0.0000e+00
    30.3034   0.030402      1.570      1.560     0.1330    1510.01   995.6638 199.928519 0.0000e+00
    30.3641   0.030396      1.526      1.516     0.1329    1510.15   995.6450 199.935463 0.0000e+00
    30.3578   0.030342      1.491      1.482     0.1326    1510.14   995.6466 199.942407 0.0000e+00
    30.2504   0.030217      1.457      1.447     0.1324    1509.89   995.6790 199.949352 0.0000e+00
    30.2073   0.030145      1.416      1.407     0.1322    1509.79   995.6917 199.956296 0.0000e+00
    30.1379   0.030058      1.386      1.377     0.1319    1509.63   995.7125 199.963241 0.0000e+00
    30.1381   0.030018      1.355      1.347     0.1318    1509.63   995.7122 199.970185 0.0000e+00
    30.1373   0.029978      1.326      1.318     0.1316    1509.63   995.7122 199.977130 0.0000e+00
    30.1435   0.029946      1.299      1.291     0.1314    1509.64   995.7100 199.984074 0.0000e+00
    30.1546   0.029914      1.268      1.260     0.1313    1509.67   995.7064 199.991019 0.0000e+00
    30.1541   0.029879      1.234      1.226     0.1311    1509.66   995.7063 199.997963 0.0000e+00
    30.1320   0.029827      1.203      1.195     0.1310    1509.61   995.7128 200.004907 0.0000e+00
    30.1189   0.029787      1.170      1.163     0.1308    1509.58   995.7165 200.011852 0.0000e+00
    30.1037   0.029744      1.140      1.133     0.1307    1509.55   995.7208 200.018796 0.0000e+00
    30.0956   0.029712      1.110      1.104     0.1306    1509.53   995.7231 200.025741 0.0000e+00
    30.0969   0.029683      1.084      1.077     0.1304    1509.53   995.7225 200.032685 0.0000e+00
    30.0960   0.029654      1.053      1.046     0.1303    1509.53   995.7225 200.039630 0.0000e+00
    30.0930   0.029625      1.026      1.020     0.1302    1509.52   995.7232 200.046574 0.0000e+00
    30.0955   0.029599      1.002      0.996     0.1301    1509.52   995.7223 200.053519 0.0000e+00
    30.0969   0.029576      0.980      0.974     0.1300    1509.53   995.7217 200.060463 0.0000e+00
    30.0911   0.029550      0.958      0.952     0.1299    1509.51   995.7232 200.067407 0.0000e+00
    30.0918   0.029527      0.933      0.927     0.1298    1509.51   995.7229 200.074352 0.0000e+00
    30.0972   0.029504      0.913      0.908     0.1297    1509.53   995.7210 200.081296 0.0000e+00
    30.0960   0.029478      0.892      0.887     0.1296    1509.52   995.7212 200.088241 0.0000e+00
    30.0930   0.029455      0.873      0.868     0.1295    1509.51   995.7220 200.095185 0.0000e+00
    30.0739   0.029420      0.857      0.852     0.1294    1509.47   995.7276 200.102130 0.0000e+00
    30.0628   0.029389      0.844      0.839     0.1292    1509.44   995.7308 200.109074 0.0000e+00
    30.0544   0.029366      0.833      0.827     0.1292    1509.42   995.7333 200.116019 0.0000e+00
    30.0465   0.029340      0.826      0.821     0.1291    1509.41   995.7356 200.122963 0.0000e+00
    30.0308   0.029311      0.817      0.812     0.1290    1509.37   995.7402 200.129907 0.0000e+00
    30.0345   0.029290      0.813      0.808     0.1289    1509.38   995.7390 200.136852 0.0000e+00
    30.0203   0.029264      0.812      0.807     0.1288    1509.35   995.7432 200.143796 0.0000e+00
    30.0112   0.029239      0.819      0.814     0.1287    1509.32   995.7459 200.150741 0.0000e+00
    30.0067   0.029218      0.836      0.831     0.1286    1509.31   995.7473 200.157685 0.0000e+00
    30.0067   0.029201      0.878      0.873     0.1286    1509.32   995.7474 200.164630 0.0000e+00
    29.9996   0.029187      0.920      0.914     0.1285    1509.30   995.7497 200.171574 0.0000e+00
    29.9850   0.029161      0.964      0.958     0.1284    1509.27   995.7543 200.178519 0.0000e+00
    29.9656   0.029129      1.014      1.007     0.1284    1509.22   995.7603 200.185463 0.0000e+00
    29.9701   0.029120      1.070      1.063     0.1283    1509.23   995.7592 200.192407 0.0000e+00
    29.9928   0.029117      1.134      1.127     0.1282    1509.29   995.7525 200.199352 0.0000e+00
    29.9903   0.029109      1.186      1.178     0.1282    1509.28   995.7535 200.206296 0.0000e+00
    29.9821   0.029100      1.254      1.246     0.1282    1509.26   995.7563 200.213241 0.0000e+00
    29.9775   0.029106      1.309      1.301     0.1282    1509.25   995.7579 200.220185 0.0000e+00
    29.9782   0.029120      1.352      1.343     0.1283    1509.26   995.7579 200.227130 0.0000e+00
    29.9463   0.029106      1.400      1.391     0.1283    1509.18   995.7678 200.234074 0.0000e+00
    29.9366   0.029120      1.440      1.431     0.1284    1509.16   995.7710 200.241019 0.0000e+00
    29.9410   0.029137      1.486      1.476     0.1284    1509.17   995.7699 200.247963 0.0000e+00
    29.9531   0.029163      1.527      1.517     0.1285    1509.20   995.7665 200.254907 0.0000e+00
    29.9693   0.029195      1.570      1.560     0.1286    1509.24   995.7619 200.261852 0.0000e+00
    29.9366   0.029201      1.608      1.598     0.1287    1509.17   995.7720 200.268796 0.0000e+00
    29.9338   0.029236      1.648      1.638     0.1289    1509.16   995.7731 200.275741 0.0000e+00
    29.9184   0.029270      1.683      1.673     0.1291    1509.13   995.7781 200.282685 0.0000e+00
    29.9168   0.029334      1.721      1.710     0.1293    1509.12   995.7789 200.289630 0.0000e+00
    29.9148   0.029409      1.756      1.745     0.1297    1509.12   995.7799 200.296574 0.0000e+00
    29.9139   0.029492      1.787      1.776     0.1300    1509.12   995.7806 200.303519 0.0000e+00
    29.9096   0.029536      1.813      1.802     0.1302    1509.11   995.7821 200.310463 0.0000e+00
    29.8976   0.029677      1.839      1.828     0.1309    1509.08   995.7864 200.317407 0.0000e+00
    29.8988   0.029853      1.854      1.843     0.1316    1509.09   995.7866 200.324352 0.0000e+00
    29.9011   0.029980      1.869      1.858     0.1322    1509.09   995.7864 200.331296 0.0000e+00
    29.8851   0.030102      1.905      1.893     0.1327    1509.06   995.7918 200.338241 0.0000e+00
    29.8502   0.030428      1.921      1.909     0.1342    1508.98   995.8035 200.345185 0.0000e+00
    29.8406   0.030558      1.923      1.911     0.1348    1508.96   995.8068 200.352130 0.0000e+00
    29.8359   0.030564      1.942      1.930     0.1348    1508.95   995.8083 200.359074 0.0000e+00
    29.8350   0.030578      1.946      1.934     0.1349    1508.94   995.8087 200.366019 0.0000e+00
    29.8257   0.030555      1.943      1.931     0.1348    1508.92   995.8114 200.372963 0.0000e+00
    29.8146   0.030509      1.937      1.925     0.1346    1508.90   995.8146 200.379907 0.0000e+00
    29.8062   0.030451      1.926      1.914     0.1344    1508.88   995.8169 200.386852 0.0000e+00
    29.7685   0.030367      1.907      1.895     0.1341    1508.79   995.8279 200.393796 0.0000e+00
    29.7630   0.030260      1.893      1.881     0.1337    1508.77   995.8292 200.400741 0.0000e+00
    29.7037   0.030104      1.865      1.853     0.1332    1508.63   995.8464 200.407685 0.0000e+00
    29.6030   0.029896      1.831      1.819     0.1325    1508.40   995.8759 200.414630 0.0000e+00
    29.5141   0.029512      1.771      1.760     0.1310    1508.19   995.9011 200.421574 0.0000e+00
    29.5977   0.029342      1.734      1.724     0.1301    1508.38   995.8753 200.428519 0.0000e+00
    29.5986   0.029201      1.685      1.675     0.1295    1508.38   995.8743 200.435463 0.0000e+00
    29.6392   0.029100      1.649      1.639     0.1290    1508.48   995.8616 200.442407 0.0000e+00
    29.6331   0.028978      1.609      1.599     0.1285    1508.46   995.8629 200.449352 0.0000e+00
    29.6316   0.028912      1.571      1.562     0.1282    1508.46   995.8630 200.456296 0.0000e+00
    29.6520   0.028895      1.536      1.527     0.1281    1508.50   995.8566 200.463241 0.0000e+00
    29.6648   0.028863      1.495      1.485     0.1279    1508.53   995.8525 200.470185 0.0000e+00
    29.6202   0.028811      1.465      1.456     0.1278    1508.43   995.8656 200.477130 0.0000e+00
    29.6502   0.028785      1.439      1.430     0.1276    1508.50   995.8564 200.484074 0.0000e+00
    29.5438   0.028675      1.403      1.394     0.1273    1508.25   995.8878 200.491019 0.0000e+00
    29.5014   0.028618      1.371      1.363     0.1272    1508.15   995.9002 200.497963 0.0000e+00
    29.5174   0.028597      1.347      1.338     0.1271    1508.18   995.8952 200.504907 0.0000e+00
    29.5399   0.028577      1.325      1.317     0.1269    1508.24   995.8883 200.511852 0.0000e+00
    29.5499   0.028546      1.301      1.293     0.1268    1508.26   995.8851 200.518796 0.0000e+00
    29.5608   0.028520      1.281      1.273     0.1266    1508.28   995.8817 200.525741 0.0000e+00
    29.5901   0.028505      1.264      1.256     0.1265    1508.35   995.8727 200.532685 0.0000e+00
    29.6111   0.028491      1.238      1.230     0.1264    1508.40   995.8663 200.539630 0.0000e+00
    29.6053   0.028459      1.212      1.204     0.1263    1508.39   995.8678 200.546574 0.0000e+00
    29.6132   0.028433      1.182      1.175     0.1261    1508.40   995.8652 200.553519 0.0000e+00
    29.6228   0.028410      1.162      1.155     0.1260    1508.43   995.8622 200.560463 0.0000e+00
    29.6337   0.028390      1.145      1.137     0.1259    1508.45   995.8587 200.567407 0.0000e+00
    29.6692   0.028384      1.132      1.125     0.1258    1508.53   995.8480 200.574352 0.0000e+00
    29.6919   0.028375      1.116      1.109     0.1257    1508.59   995.8410 200.581296 0.0000e+00
    29.7165   0.028370      1.101      1.094     0.1256    1508.64   995.8336 200.588241 0.0000e+00
    29.7575   0.028373      1.092      1.085     0.1256    1508.74   995.8212 200.595185 0.0000e+00
    29.7792   0.028364      1.078      1.072     0.1255    1508.79   995.8145 200.602130 0.0000e+00
    29.8493   0.028393      1.071      1.064     0.1255    1508.95   995.7934 200.609074 0.0000e+00
    29.8419   0.028358      1.073      1.067     0.1253    1508.93   995.7955 200.616019 0.0000e+00
    29.8761   0.028361      1.073      1.066     0.1253    1509.01   995.7852 200.622963 0.0000e+00
    29.9435   0.028381      1.078      1.072     0.1252    1509.17   995.7649 200.629907 0.0000e+00
    29.9500   0.028373      1.091      1.084     0.1251    1509.18   995.7629 200.636852 0.0000e+00
    29.9724   0.028373      1.135      1.127     0.1251    1509.24   995.7563 200.643796 0.0000e+00
    29.9983   0.028379      1.196      1.188     0.1251    1509.30   995.7488 200.650741 0.0000e+00
    30.0253   0.028393      1.238      1.230     0.1251    1509.36   995.7408 200.657685 0.0000e+00
    30.0593   0.028416      1.296      1.288     0.1251    1509.44   995.7308 200.664630 0.0000e+00
    30.0890   0.028436      1.336      1.328     0.1251    1509.51   995.7220 200.671574 0.0000e+00
    30.1326   0.028474      1.374      1.366     0.1252    1509.61   995.7090 200.678519 0.0000e+00
    30.1667   0.028506      1.426      1.417     0.1252    1509.69   995.6989 200.685463 0.0000e+00
    30.2741   0.028613      1.469      1.460     0.1255    1509.94   995.6666 200.692407 0.0000e+00
    30.1849   0.028549      1.506      1.497     0.1254    1509.73   995.6938 200.699352 0.0000e+00
    30.1854   0.028595      1.548      1.538     0.1256    1509.73   995.6940 200.706296 0.0000e+00
    30.1510   0.028575      1.589      1.579     0.1256    1509.66   995.7047 200.713241 0.0000e+00
    30.1642   0.028621      1.621      1.611     0.1257    1509.69   995.7009 200.720185 0.0000e+00
    30.2286   0.028688      1.663      1.652     0.1259    1509.84   995.6816 200.727130 0.0000e+00
    30.3863   0.028849      1.691      1.680     0.1262    1510.20   995.6340 200.734074 0.0000e+00
    30.3951   0.028942      1.726      1.715     0.1266    1510.22   995.6317 200.741019 0.0000e+00
    30.4080   0.029011      1.758      1.747     0.1269    1510.25   995.6281 200.747963 0.0000e+00
    30.4405   0.029129      1.788      1.777     0.1273    1510.32   995.6186 200.754907 0.0000e+00
    30.4622   0.029201      1.817      1.806     0.1276    1510.37   995.6123 200.761852 0.0000e+00
    30.4703   0.029325      1.840      1.829     0.1281    1510.39   995.6103 200.768796 0.0000e+00
    30.5063   0.029519      1.863      1.852     0.1288    1510.48   995.6000 200.775741 0.0000e+00
    30.5875   0.029718      1.887      1.876     0.1295    1510.66   995.5756 200.782685 0.0000e+00
    30.6843   0.029915      1.913      1.901     0.1301    1510.88   995.5464 200.789630 0.0000e+00
    30.7664   0.030174      1.934      1.922     0.1310    1511.07   995.5219 200.796574 0.0000e+00
    30.7971   0.030313      1.960      1.948     0.1315    1511.14   995.5129 200.803519 0.0000e+00
    30.8193   0.030434      1.971      1.959     0.1320    1511.19   995.5064 200.810463 0.0000e+00
    30.8386   0.030501      1.979      1.966     0.1322    1511.23   995.5007 200.817407 0.0000e+00
    30.8747   0.030561      1.988      1.976     0.1324    1511.31   995.4897 200.824352 0.0000e+00
    30.8951   0.030599      1.998      1.985     0.1325    1511.36   995.4835 200.831296 0.0000e+00
    30.9319   0.030611      1.999      1.986     0.1325    1511.44   995.4720 200.838241 0.0000e+00
    30.9224   0.030611      2.001      1.989     0.1325    1511.42   995.4750 200.845185 0.0000e+00
    30.9414   0.030619      1.991      1.979     0.1325    1511.46   995.4691 200.852130 0.0000e+00
    30.9451   0.030544      1.982      1.970     0.1321    1511.47   995.4676 200.859074 0.0000e+00
    30.9376   0.030510      1.967      1.954     0.1320    1511.45   995.4698 200.866019 0.0000e+00
    30.9150   0.030420      1.955      1.942     0.1317    1511.40   995.4765 200.872963 0.0000e+00
    30.9821   0.030406      1.936      1.924     0.1315    1511.55   995.4555 200.879907 0.0000e+00
    30.9385   0.030255      1.914      1.902     0.1309    1511.45   995.4685 200.886852 0.0000e+00
    30.9361   0.030120      1.892      1.880     0.1304    1511.45   995.4687 200.893796 0.0000e+00
    30.9229   0.029935      1.858      1.846     0.1296    1511.42   995.4721 200.900741 0.0000e+00
    30.9240   0.029664      1.819      1.808     0.1285    1511.42   995.4707 200.907685 0.0000e+00
    30.9509   0.029502      1.782      1.771     0.1277    1511.48   995.4616 200.914630 0.0000e+00
    30.9274   0.029346      1.744      1.734     0.1271    1511.42   995.4683 200.921574 0.0000e+00
    30.9498   0.029251      1.717      1.706     0.1267    1511.47   995.4609 200.928519 0.0000e+00
    30.9664   0.029164      1.689      1.679     0.1263    1511.51   995.4553 200.935463 0.0000e+00
    30.9677   0.029060      1.646      1.636     0.1258    1511.51   995.4544 200.942407 0.0000e+00
    30.9755   0.029011      1.614      1.604     0.1256    1511.53   995.4517 200.949352 0.0000e+00
    31.0050   0.028988      1.584      1.574     0.1255    1511.59   995.4423 200.956296 0.0000e+00
