sbs/tests/resources/orca-test-data/SBE19plusV2/E8001/E8001DowncastOnlyBinAvgPressNoInterp4.cnv
* Sea-Bird SBE19plus Data File:
* FileName = D:\2016\Estaciones\E8001.hex
* Software Version 1.59
* Temperature SN =  6130
* Conductivity SN =  6130
* System UpLoad Time = Dec 12 2016 13:25:15
** Ship: Aldebaranaldebaran
** Longitud:5212.47
** Latitud:3510.15
** Estacion:E8
** z:
** observaciones:
# nquan = 8
# nvalues = 56                          
# units = specified
# name 0 = tv290C: Temperature [ITS-90, deg C]
# name 1 = c0S/m: Conductivity [S/m]
# name 2 = prdM: Pressure, Strain Gauge [db]
# name 3 = f0: Frequency 0
# name 4 = f1: Frequency 1
# name 5 = f2: Frequency 2
# name 6 = nbin: number of scans per bin
# name 7 = flag: flag
# span 0 =    18.9848,    21.9867       
# span 1 =   3.190064,   5.036290       
# span 2 =      2.317,    222.470       
# span 3 =     304215,     341321       
# span 4 =   5164.219,   6391.077       
# span 5 =     535815,     742530       
# span 6 =          5,        296       
# span 7 = 0.0000e+00, 0.0000e+00       
# interval = decibars: 4                
# start_time = Dec 10 2016 06:16:51 [Instrument's time stamp, header]
# bad_flag = -9.990e-29
*END*
    20.9687   3.190064      2.317     316391   5164.219     535815        296 0.0000e+00
    20.9590   4.667351      8.365     316503   6194.529     541498         18 0.0000e+00
    20.9888   4.614501     11.928     316141   6165.848     544847         13 0.0000e+00
    21.0476   4.613428     15.759     315428   6165.265     548447         18 0.0000e+00
    21.1743   4.647973     20.418     313894   6184.029     552824         19 0.0000e+00
    21.2973   4.680402     23.970     312412   6201.597     556161         11 0.0000e+00
    21.4068   4.707983     27.653     311097   6216.493     559622         19 0.0000e+00
    21.5348   4.751982     32.292     309566   6240.182     563981         19 0.0000e+00
    21.7360   4.881025     35.975     307174   6309.064     567441         16 0.0000e+00
    21.9867   5.036290     39.748     304215   6391.077     570986         18 0.0000e+00
    21.8008   4.903676     44.205     306408   6321.104     575173         21 0.0000e+00
    21.6027   4.841791     47.993     308756   6288.251     578731         16 0.0000e+00
    21.7045   4.933425     51.669     307548   6336.894     582185         16 0.0000e+00
    21.8281   4.965964     55.460     306084   6354.097     585746         23 0.0000e+00
    21.8110   4.922780     60.481     306286   6331.280     590462         19 0.0000e+00
    21.8050   4.947810     64.199     306356   6344.511     593955         16 0.0000e+00
    21.8414   4.970325     67.425     305926   6356.398     596984         19 0.0000e+00
    21.8444   4.948456     72.087     305891   6344.856     601364         19 0.0000e+00
    21.8500   4.969005     76.162     305825   6355.700     605191         20 0.0000e+00
    21.8595   4.960015     79.943     305712   6350.957     608742         19 0.0000e+00
    21.8600   4.967182     83.934     305707   6354.737     612491         20 0.0000e+00
    21.8659   4.965424     87.911     305637   6353.809     616226         22 0.0000e+00
    21.8618   4.968108     92.271     305685   6355.224     620320         21 0.0000e+00
    21.8539   4.966041     96.090     305779   6354.132     623906         20 0.0000e+00
    21.8386   4.966370     99.802     305959   6354.305     627392         20 0.0000e+00
    21.8182   4.964021    103.883     306201   6353.065     631224         23 0.0000e+00
    21.7919   4.962637    107.676     306512   6352.334     634787         21 0.0000e+00
    21.7625   4.959314    111.999     306860   6350.579     638845         22 0.0000e+00
    21.7263   4.956852    115.925     307289   6349.278     642532         24 0.0000e+00
    21.6854   4.952460    119.939     307774   6346.958     646301         21 0.0000e+00
    21.6391   4.948590    123.874     308324   6344.913     649996         26 0.0000e+00
    21.5843   4.943182    128.442     308976   6342.054     654284         24 0.0000e+00
    21.5265   4.937689    131.948     309665   6339.149     657575         22 0.0000e+00
    21.4656   4.931715    136.140     310393   6335.988     661512         22 0.0000e+00
    21.3978   4.925102    139.841     311205   6332.487     664986         24 0.0000e+00
    21.3335   4.918806    144.346     311976   6329.152     669214         18 0.0000e+00
    21.2579   4.911371    147.918     312885   6325.212     672568         25 0.0000e+00
    21.1730   4.902824    152.402     313910   6320.679     676777         21 0.0000e+00
    21.0833   4.894073    156.214     314995   6316.035     680355         24 0.0000e+00
    20.9921   4.884899    160.156     316101   6311.162     684055         23 0.0000e+00
    20.8981   4.875578    163.825     317245   6306.208     687499         21 0.0000e+00
    20.7958   4.865410    167.920     318494   6300.798     691343         28 0.0000e+00
    20.6876   4.854516    171.922     319820   6294.998     695099         20 0.0000e+00
    20.5773   4.843692    175.600     321176   6289.229     698551         30 0.0000e+00
    20.4451   4.830418    179.958     322808   6282.146     702641         28 0.0000e+00
    20.3074   4.816729    184.318     324516   6274.834     706733         33 0.0000e+00
    20.1685   4.802880    188.387     326247   6267.428     710551         27 0.0000e+00
    20.0453   4.790610    191.999     327789   6260.858     713941         25 0.0000e+00
    19.9131   4.777422    195.716     329450   6253.789     717428         31 0.0000e+00
    19.7626   4.762417    200.495     331349   6245.736     721913         34 0.0000e+00
    19.6283   4.749087    204.222     333053   6238.573     725410         23 0.0000e+00
    19.4941   4.735945    208.039     334763   6231.503     728991         32 0.0000e+00
    19.3559   4.722176    212.356     336532   6224.086     733042         28 0.0000e+00
    19.2294   4.709594    215.367     338157   6217.302     735867         26 0.0000e+00
    19.0820   4.694952    219.632     340060   6209.396     739868         37 0.0000e+00
    18.9848   4.685332    222.470     341321   6204.196     742530          5 0.0000e+00
