sbs/tests/resources/orca-test-data/SBE19plusV2/E8001/E8001DowncastOnlyBinAvgPressInterp4Surface.cnv
* Sea-Bird SBE19plus Data File:
* FileName = D:\2016\Estaciones\E8001.hex
* Software Version 1.59
* Temperature SN =  6130
* Conductivity SN =  6130
* System UpLoad Time = Dec 12 2016 13:25:15
** Ship: Aldebaranaldebaran
** Longitud:5212.47
** Latitud:3510.15
** Estacion:E8
** z:
** observaciones:
# nquan = 8
# nvalues = 57                          
# units = specified
# name 0 = tv290C: Temperature [ITS-90, deg C]
# name 1 = c0S/m: Conductivity [S/m]
# name 2 = prdM: Pressure, Strain Gauge [db]
# name 3 = f0: Frequency 0
# name 4 = f1: Frequency 1
# name 5 = f2: Frequency 2
# name 6 = nbin: number of scans per bin
# name 7 = flag: flag
# span 0 =    18.9323,    28.6168       
# span 1 =   4.578290,  45.309545       
# span 2 =      4.000,    224.000       
# span 3 =     222558,     342001       
# span 4 =   6132.414,  38592.608       
# span 5 =     537397,     743966       
# span 6 =          5,        296       
# span 7 = 0.0000e+00, 0.0000e+00       
# interval = decibars: 4                
# start_time = Dec 10 2016 06:16:51 [Instrument's time stamp, header]
# bad_flag = -9.990e-29
*END*
    28.6168  45.309545     20.000     222558  38592.608     552434         10 0.0000e+00
    21.6967   7.199504      4.000     307459   8346.336     537397        296 0.0000e+00
    20.9596   4.578290      8.000     316496   6132.414     541156         18 0.0000e+00
    20.9894   4.613441     12.000     316134   6165.272     544914         13 0.0000e+00
    21.0513   4.613361     16.000     315383   6165.228     548673         18 0.0000e+00
    21.1630   4.644874     20.000     314031   6182.346     552431         19 0.0000e+00
    21.2983   4.680680     24.000     312399   6201.747     556190         11 0.0000e+00
    21.4172   4.710584     28.000     310973   6217.898     559948         19 0.0000e+00
    21.5268   4.749208     32.000     309663   6238.689     563706         19 0.0000e+00
    21.7374   4.881886     36.000     307158   6309.523     567464         16 0.0000e+00
    22.0034   5.046647     40.000     304018   6396.548     571223         18 0.0000e+00
    21.8094   4.909783     44.000     306307   6324.326     574980         21 0.0000e+00
    21.6024   4.841675     48.000     308761   6288.190     578738         16 0.0000e+00
    21.7136   4.941676     52.000     307439   6341.274     582496         16 0.0000e+00
    21.8457   4.970599     56.000     305876   6356.547     586253         23 0.0000e+00
    21.8126   4.926917     60.000     306266   6333.466     590010         19 0.0000e+00
    21.8054   4.946468     64.000     306352   6343.801     593768         16 0.0000e+00
    21.8479   4.974342     68.000     305850   6358.519     597525         19 0.0000e+00
    21.8443   4.948865     72.000     305892   6345.072     601282         19 0.0000e+00
    21.8498   4.968190     76.000     305828   6355.270     605039         20 0.0000e+00
    21.8597   4.959879     80.000     305711   6350.886     608796         19 0.0000e+00
    21.8600   4.967301     84.000     305707   6354.800     612553         20 0.0000e+00
    21.8660   4.965385     88.000     305635   6353.788     616309         22 0.0000e+00
    21.8621   4.967942     92.000     305682   6355.136     620066         21 0.0000e+00
    21.8541   4.966089     96.000     305777   6354.158     623822         20 0.0000e+00
    21.8378   4.966388    100.000     305969   6354.314     627578         20 0.0000e+00
    21.8176   4.963954    104.000     306208   6353.029     631334         23 0.0000e+00
    21.7896   4.962519    108.000     306538   6352.271     635090         21 0.0000e+00
    21.7625   4.959313    112.000     306860   6350.578     638846         22 0.0000e+00
    21.7256   4.956805    116.000     307297   6349.253     642602         24 0.0000e+00
    21.6848   4.952393    120.000     307781   6346.923     646358         21 0.0000e+00
    21.6376   4.948466    124.000     308342   6344.847     650113         26 0.0000e+00
    21.5896   4.943705    128.000     308913   6342.330     653869         24 0.0000e+00
    21.5257   4.937607    132.000     309675   6339.105     657624         22 0.0000e+00
    21.4676   4.931915    136.000     310368   6336.093     661380         22 0.0000e+00
    21.3949   4.924817    140.000     311240   6332.336     665135         24 0.0000e+00
    21.3384   4.919289    144.000     311917   6329.408     668890         18 0.0000e+00
    21.2562   4.911201    148.000     312906   6325.122     672645         25 0.0000e+00
    21.1806   4.903590    152.000     313818   6321.085     676400         21 0.0000e+00
    21.0883   4.894564    156.000     314934   6316.295     680154         24 0.0000e+00
    20.9957   4.885263    160.000     316058   6311.355     683909         23 0.0000e+00
    20.8936   4.875133    164.000     317299   6305.971     687663         21 0.0000e+00
    20.7938   4.865211    168.000     318519   6300.692     691418         28 0.0000e+00
    20.6855   4.854304    172.000     319845   6294.885     695172         20 0.0000e+00
    20.5653   4.842515    176.000     321324   6288.601     698926         30 0.0000e+00
    20.4439   4.830290    180.000     322824   6282.078     702680         28 0.0000e+00
    20.3175   4.817728    184.000     324391   6275.368     706434         33 0.0000e+00
    20.1817   4.804198    188.000     326082   6268.133     710188         27 0.0000e+00
    20.0452   4.790608    192.000     327789   6260.857     713941         25 0.0000e+00
    19.9030   4.776414    196.000     329576   6253.249     717695         31 0.0000e+00
    19.7782   4.763972    200.000     331153   6246.570     721448         34 0.0000e+00
    19.6363   4.749883    204.000     332952   6239.001     725202         23 0.0000e+00
    19.4955   4.736078    208.000     334746   6231.575     728955         32 0.0000e+00
    19.3673   4.723311    212.000     336386   6224.698     732708         28 0.0000e+00
    19.2029   4.706951    216.000     338498   6215.877     736461         26 0.0000e+00
    19.0693   4.693688    220.000     340225   6208.713     740213         37 0.0000e+00
    18.9323   4.680143    224.000     342001   6201.392     743966          5 0.0000e+00
