sbs/tests/resources/orca-test-data/SBE19plusV2/E8001/E8001_window_filter_triangle_5.cnv
* Sea-Bird SBE19plus Data File:
* FileName = D:\2016\Estaciones\E8001.hex
* Software Version 1.59
* Temperature SN =  6130
* Conductivity SN =  6130
* System UpLoad Time = Dec 12 2016 13:25:15
** Ship: Aldebaranaldebaran
** Longitud:5212.47
** Latitud:3510.15
** Estacion:E8
** z:
** observaciones:
# nquan = 8
# nvalues = 51                          
# units = specified
# name 0 = tv290C: Temperature [ITS-90, deg C]
# name 1 = c0S/m: Conductivity [S/m]
# name 2 = prdM: Pressure, Strain Gauge [db]
# name 3 = f0: Frequency 0
# name 4 = f1: Frequency 1
# name 5 = f2: Frequency 2
# name 6 = sal00: Salinity, Practical [PSU]
# name 7 = flag:  0.000e+00
# span 0 =    20.9483,    21.1360       
# span 1 =   4.607261,   4.687531       
# span 2 =      7.405,     19.418       
# span 3 =     314356,     316633       
# span 4 =   6161.909,   6205.453       
# span 5 =     540596,     551885       
# span 6 =    32.7027,    33.3884       
# span 7 = 0.0000e+00, 0.0000e+00       
# interval = seconds: 0.25
# start_time = Dec 10 2016 06:16:51 [Instrument's time stamp, header]
# bad_flag = -9.990e-29
*END*
    20.9483   4.687531      7.405     316633   6205.453     540596    33.3884 0.0000e+00
    20.9490   4.683275      7.722     316625   6203.152     540894    33.3538 0.0000e+00
    20.9504   4.680188      7.951     316608   6201.482     541110    33.3280 0.0000e+00
    20.9515   4.676560      8.173     316594   6199.520     541318    33.2981 0.0000e+00
    20.9529   4.672561      8.358     316577   6197.356     541492    33.2651 0.0000e+00
    20.9547   4.668415      8.515     316556   6195.111     541640    33.2306 0.0000e+00
    20.9569   4.664587      8.651     316528   6193.039     541768    33.1983 -9.990e-29
    20.9595   4.661321      8.770     316497   6191.270     541879    33.1702 0.0000e+00
    20.9621   4.658297      8.879     316465   6189.631     541982    33.1440 0.0000e+00
    20.9647   4.655246      8.989     316434   6187.978     542085    33.1177 -9.990e-29
    20.9672   4.652208      9.113     316404   6186.330     542202    33.0915 0.0000e+00
    20.9695   4.649251      9.259     316376   6184.726     542339    33.0661 0.0000e+00
    20.9715   4.646163      9.428     316351   6183.051     542498    33.0399 0.0000e+00
    20.9733   4.642416      9.619     316329   6181.018     542677    33.0086 0.0000e+00
    20.9750   4.637875      9.831     316309   6178.552     542876    32.9711 0.0000e+00
    20.9765   4.632883     10.066     316291   6175.842     543097    32.9302 0.0000e+00
    20.9779   4.628039     10.327     316273   6173.210     543342    32.8904 0.0000e+00
    20.9795   4.623591     10.615     316254   6170.793     543613    32.8537 0.0000e+00
    20.9812   4.619677     10.926     316234   6168.664     543905    32.8212 0.0000e+00
    20.9830   4.616311     11.169     316211   6166.834     544212    32.7929 0.0000e+00
    20.9851   4.613510     11.491     316186   6165.310     544527    32.7689 0.0000e+00
    20.9873   4.611222     11.928     316160   6164.065     544846    32.7489 -9.990e-29
    20.9896   4.609428     12.269     316132   6163.089     545166    32.7328 0.0000e+00
    20.9922   4.608219     12.605     316099   6162.430     545483    32.7210 0.0000e+00
    20.9953   4.607530     12.926     316062   6162.055     545790    32.7131 -9.990e-29
    20.9988   4.607261     13.327     316019   6161.909     546082    32.7082 0.0000e+00
    21.0026   4.607288     13.604     315973   6161.923     546353    32.7053 0.0000e+00
    21.0066   4.607472     13.797     315924   6162.024     546603    32.7037 0.0000e+00
    21.0107   4.607792     14.040     315875   6162.198     546832    32.7030 0.0000e+00
    21.0150   4.608178     14.263     315823   6162.408     547041    32.7027 0.0000e+00
    21.0195   4.608656     14.468     315767   6162.668     547233    32.7030 0.0000e+00
    21.0242   4.609155     14.658     315711   6162.940     547412    32.7033 0.0000e+00
    21.0286   4.609660     14.839     315658   6163.214     547582    32.7039 0.0000e+00
    21.0323   4.610176     15.016     315613   6163.495     547749    32.7051 0.0000e+00
    21.0356   4.610721     15.194     315573   6163.792     547916    32.7068 0.0000e+00
    21.0391   4.611314     15.375     315530   6164.115     548086    32.7088 0.0000e+00
    21.0434   4.611943     15.562     315478   6164.457     548261    32.7105 0.0000e+00
    21.0485   4.612646     15.757     315416   6164.840     548445    32.7121 0.0000e+00
    21.0536   4.613524     15.907     315354   6165.317     548638    32.7151 0.0000e+00
    21.0582   4.614613     16.116     315299   6165.910     548843    32.7202 0.0000e+00
    21.0620   4.615827     16.414     315253   6166.570     549060    32.7268 0.0000e+00
    21.0659   4.617001     16.651     315205   6167.209     549289    32.7330 0.0000e+00
    21.0707   4.618133     16.909     315148   6167.825     549531    32.7383 0.0000e+00
    21.0767   4.619443     17.187     315075   6168.537     549785    32.7440 0.0000e+00
    21.0838   4.621184     17.551     314989   6169.484     550052    32.7522 0.0000e+00
    21.0919   4.623632     17.840     314891   6170.815     550332    32.7654 0.0000e+00
    21.1007   4.626563     18.078     314784   6172.407     550625    32.7818 0.0000e+00
    21.1099   4.629664     18.403     314673   6174.093     550931    32.7992 0.0000e+00
    21.1190   4.632364     18.738     314562   6175.560     551246    32.8136 0.0000e+00
    21.1284   4.634699     19.080     314449   6176.828     551567    32.8248 0.0000e+00
    21.1360   4.636677     19.418     314356   6177.902     551885    32.8344 0.0000e+00
