sbs/tests/resources/orca-test-data/SBE19plusV2/E8001/E8001_window_filter_boxcar_5_excluded.cnv
* Sea-Bird SBE19plus Data File:
* FileName = D:\2016\Estaciones\E8001.hex
* Software Version 1.59
* Temperature SN =  6130
* Conductivity SN =  6130
* System UpLoad Time = Dec 12 2016 13:25:15
** Ship: Aldebaranaldebaran
** Longitud:5212.47
** Latitud:3510.15
** Estacion:E8
** z:
** observaciones:
# nquan = 8
# nvalues = 51                          
# units = specified
# name 0 = tv290C: Temperature [ITS-90, deg C]
# name 1 = c0S/m: Conductivity [S/m]
# name 2 = prdM: Pressure, Strain Gauge [db]
# name 3 = f0: Frequency 0
# name 4 = f1: Frequency 1
# name 5 = f2: Frequency 2
# name 6 = sal00: Salinity, Practical [PSU]
# name 7 = flag:  0.000e+00
# span 0 =    20.9483,    21.1360       
# span 1 =   4.607343,   4.687531       
# span 2 =      7.405,     19.418       
# span 3 =     314356,     316633       
# span 4 =   6161.953,   6205.453       
# span 5 =     540596,     551885       
# span 6 =    32.7028,    33.3884       
# span 7 = 0.0000e+00, 0.0000e+00       
# interval = seconds: 0.25
# start_time = Dec 10 2016 06:16:51 [Instrument's time stamp, header]
# bad_flag = -9.990e-29
*END*
    20.9483   4.687531      7.405     316633   6205.453     540596    33.3884 0.0000e+00
    20.9490   4.683275      7.722     316625   6203.152     540894    33.3538 0.0000e+00
    20.9504   4.680234      7.936     316608   6201.507     541095    33.3284 0.0000e+00
    20.9515   4.676286      8.161     316594   6199.371     541307    33.2959 0.0000e+00
    20.9522   4.674538      8.270     316586   6198.426     541410    33.2814 0.0000e+00
    20.9544   4.669945      8.470     316559   6195.940     541598    33.2430 0.0000e+00
    20.9571   4.665246      8.640     316526   6193.396     541758    33.2034 -9.990e-29
    20.9586   4.662624      8.729     316508   6191.975     541841    33.1813 0.0000e+00
    20.9630   4.657464      8.918     316454   6189.180     542018    33.1367 0.0000e+00
    20.9647   4.655319      8.999     316434   6188.017     542095    33.1183 -9.990e-29
    20.9678   4.651563      9.158     316397   6185.981     542244    33.0859 0.0000e+00
    20.9705   4.647881      9.339     316363   6183.983     542414    33.0543 0.0000e+00
    20.9714   4.645932      9.435     316352   6182.926     542504    33.0381 0.0000e+00
    20.9733   4.641911      9.625     316330   6180.744     542683    33.0046 0.0000e+00
    20.9749   4.637732      9.838     316310   6178.475     542883    32.9700 0.0000e+00
    20.9764   4.633082     10.075     316291   6175.949     543105    32.9318 0.0000e+00
    20.9780   4.628163     10.337     316273   6173.277     543352    32.8914 0.0000e+00
    20.9795   4.623701     10.623     316254   6170.852     543620    32.8546 0.0000e+00
    20.9812   4.619929     10.931     316233   6168.802     543910    32.8231 0.0000e+00
    20.9821   4.617914     11.088     316223   6167.706     544057    32.8064 0.0000e+00
    20.9846   4.614263     11.504     316193   6165.720     544449    32.7753 0.0000e+00
    20.9873   4.611471     11.929     316159   6164.200     544847    32.7509 -9.990e-29
    20.9888   4.610019     12.156     316141   6163.410     545061    32.7381 0.0000e+00
    20.9933   4.607876     12.712     316087   6162.244     545583    32.7175 0.0000e+00
    20.9956   4.607725     12.921     316058   6162.161     545779    32.7144 -9.990e-29
    21.0000   4.607397     13.308     316005   6161.983     546144    32.7083 0.0000e+00
    21.0046   4.607343     13.667     315949   6161.953     546481    32.7043 0.0000e+00
    21.0066   4.607473     13.789     315924   6162.024     546595    32.7037 0.0000e+00
    21.0108   4.607839     14.034     315874   6162.224     546826    32.7033 0.0000e+00
    21.0151   4.608221     14.257     315821   6162.431     547036    32.7030 0.0000e+00
    21.0196   4.608646     14.462     315766   6162.663     547228    32.7028 0.0000e+00
    21.0241   4.609147     14.655     315712   6162.935     547409    32.7033 0.0000e+00
    21.0283   4.609679     14.838     315662   6163.225     547582    32.7043 0.0000e+00
    21.0321   4.610172     15.016     315616   6163.493     547749    32.7053 0.0000e+00
    21.0357   4.610741     15.195     315572   6163.803     547916    32.7070 0.0000e+00
    21.0395   4.611344     15.377     315525   6164.131     548088    32.7087 0.0000e+00
    21.0438   4.611930     15.564     315473   6164.450     548264    32.7101 0.0000e+00
    21.0485   4.612694     15.760     315416   6164.866     548448    32.7124 0.0000e+00
    21.0533   4.613660     15.858     315358   6165.392     548643    32.7164 0.0000e+00
    21.0578   4.614668     16.130     315304   6165.940     548847    32.7209 0.0000e+00
    21.0619   4.615762     16.418     315253   6166.535     549064    32.7263 0.0000e+00
    21.0664   4.616959     16.573     315199   6167.186     549294    32.7323 0.0000e+00
    21.0711   4.618177     17.002     315142   6167.848     549535    32.7382 0.0000e+00
    21.0770   4.619610     17.191     315072   6168.628     549789    32.7451 0.0000e+00
    21.0842   4.621430     17.546     314984   6169.617     550057    32.7539 0.0000e+00
    21.0922   4.623907     17.919     314887   6170.964     550337    32.7673 0.0000e+00
    21.1008   4.626620     18.083     314783   6172.438     550630    32.7822 0.0000e+00
    21.1099   4.629446     18.407     314673   6173.974     550935    32.7975 0.0000e+00
    21.1188   4.632139     18.739     314564   6175.437     551247    32.8119 0.0000e+00
    21.1284   4.634699     19.080     314449   6176.828     551567    32.8248 0.0000e+00
    21.1360   4.636677     19.418     314356   6177.902     551885    32.8344 0.0000e+00
