sbs/tests/resources/orca-test-data/SBE19plusV2/E8001/E8001_window_filter_cosine_5.cnv
* Sea-Bird SBE19plus Data File:
* FileName = D:\2016\Estaciones\E8001.hex
* Software Version 1.59
* Temperature SN =  6130
* Conductivity SN =  6130
* System UpLoad Time = Dec 12 2016 13:25:15
** Ship: Aldebaranaldebaran
** Longitud:5212.47
** Latitud:3510.15
** Estacion:E8
** z:
** observaciones:
# nquan = 8
# nvalues = 51                          
# units = specified
# name 0 = tv290C: Temperature [ITS-90, deg C]
# name 1 = c0S/m: Conductivity [S/m]
# name 2 = prdM: Pressure, Strain Gauge [db]
# name 3 = f0: Frequency 0
# name 4 = f1: Frequency 1
# name 5 = f2: Frequency 2
# name 6 = sal00: Salinity, Practical [PSU]
# name 7 = flag:  0.000e+00
# span 0 =    20.9483,    21.1360       
# span 1 =   4.607298,   4.687531       
# span 2 =      7.405,     19.418       
# span 3 =     314356,     316633       
# span 4 =   6161.929,   6205.453       
# span 5 =     540596,     551885       
# span 6 =    32.7029,    33.3884       
# span 7 = 0.0000e+00, 0.0000e+00       
# interval = seconds: 0.25
# start_time = Dec 10 2016 06:16:51 [Instrument's time stamp, header]
# bad_flag = -9.990e-29
*END*
    20.9483   4.687531      7.405     316633   6205.453     540596    33.3884 0.0000e+00
    20.9490   4.683275      7.722     316625   6203.152     540894    33.3538 0.0000e+00
    20.9504   4.680208      7.947     316608   6201.493     541105    33.3282 0.0000e+00
    20.9515   4.676468      8.169     316594   6199.470     541314    33.2973 0.0000e+00
    20.9530   4.672490      8.355     316577   6197.317     541490    33.2644 0.0000e+00
    20.9547   4.668501      8.513     316555   6195.158     541638    33.2312 0.0000e+00
    20.9570   4.664707      8.649     316528   6193.104     541766    33.1992 -9.990e-29
    20.9595   4.661300      8.768     316497   6191.259     541878    33.1700 0.0000e+00
    20.9621   4.658272      8.879     316465   6189.618     541982    33.1438 0.0000e+00
    20.9647   4.655262      8.991     316434   6187.986     542087    33.1178 -9.990e-29
    20.9672   4.652211      9.116     316404   6186.332     542204    33.0915 0.0000e+00
    20.9694   4.649285      9.261     316376   6184.745     542341    33.0664 0.0000e+00
    20.9715   4.646095      9.430     316351   6183.014     542500    33.0393 0.0000e+00
    20.9733   4.642244      9.621     316329   6180.924     542679    33.0072 0.0000e+00
    20.9749   4.637833      9.833     316310   6178.530     542878    32.9708 0.0000e+00
    20.9764   4.632961     10.068     316291   6175.884     543099    32.9308 0.0000e+00
    20.9779   4.628064     10.330     316273   6173.224     543345    32.8906 0.0000e+00
    20.9795   4.623626     10.617     316254   6170.812     543615    32.8540 0.0000e+00
    20.9812   4.619756     10.927     316234   6168.707     543907    32.8218 0.0000e+00
    20.9831   4.616381     11.150     316211   6166.872     544213    32.7934 0.0000e+00
    20.9851   4.613539     11.486     316186   6165.326     544527    32.7691 0.0000e+00
    20.9873   4.611264     11.928     316160   6164.088     544846    32.7493 -9.990e-29
    20.9896   4.609516     12.250     316131   6163.136     545166    32.7334 0.0000e+00
    20.9923   4.608265     12.622     316099   6162.456     545481    32.7214 0.0000e+00
    20.9954   4.607563     12.925     316061   6162.073     545788    32.7133 -9.990e-29
    20.9989   4.607304     13.329     316019   6161.932     546080    32.7085 0.0000e+00
    21.0026   4.607298     13.619     315973   6161.929     546351    32.7054 0.0000e+00
    21.0066   4.607475     13.794     315924   6162.025     546601    32.7037 0.0000e+00
    21.0107   4.607803     14.038     315874   6162.204     546830    32.7031 0.0000e+00
    21.0150   4.608197     14.261     315822   6162.418     547039    32.7029 0.0000e+00
    21.0196   4.608648     14.466     315767   6162.664     547232    32.7029 0.0000e+00
    21.0242   4.609152     14.657     315711   6162.938     547411    32.7033 0.0000e+00
    21.0285   4.609670     14.839     315659   6163.220     547582    32.7041 0.0000e+00
    21.0322   4.610170     15.016     315614   6163.492     547749    32.7051 0.0000e+00
    21.0356   4.610729     15.194     315573   6163.796     547916    32.7069 0.0000e+00
    21.0393   4.611326     15.376     315528   6164.122     548086    32.7088 0.0000e+00
    21.0435   4.611935     15.563     315476   6164.453     548262    32.7103 0.0000e+00
    21.0485   4.612660     15.758     315416   6164.847     548446    32.7122 0.0000e+00
    21.0535   4.613569     15.896     315355   6165.342     548640    32.7155 0.0000e+00
    21.0580   4.614632     16.114     315301   6165.920     548845    32.7204 0.0000e+00
    21.0620   4.615802     16.415     315253   6166.557     549061    32.7266 0.0000e+00
    21.0661   4.616989     16.639     315203   6167.203     549291    32.7328 0.0000e+00
    21.0708   4.618147     16.925     315146   6167.832     549532    32.7383 0.0000e+00
    21.0767   4.619491     17.188     315074   6168.563     549786    32.7443 0.0000e+00
    21.0839   4.621267     17.558     314987   6169.529     550054    32.7528 0.0000e+00
    21.0920   4.623708     17.859     314889   6170.856     550334    32.7659 0.0000e+00
    21.1007   4.626598     18.079     314784   6172.426     550627    32.7820 0.0000e+00
    21.1099   4.629578     18.404     314672   6174.046     550932    32.7985 0.0000e+00
    21.1190   4.632301     18.738     314563   6175.526     551246    32.8131 0.0000e+00
    21.1284   4.634699     19.080     314449   6176.828     551567    32.8248 0.0000e+00
    21.1360   4.636677     19.418     314356   6177.902     551885    32.8344 0.0000e+00
