tests/resources/orca-test-data/SBE19/CAST0002/CAST0002.cnv
* Sea-Bird SBE 19 Data File:
* FileName =
* Software Version 4.234
* Temperature SN = 2835
* Conductivity SN = 2835
* System UpLoad Time = Wed Jan 19 11:48:56 2005

** Ship: ORCA
** Cruise: Mooring
** Station: Carr Inlet
** Latitude: 47 16.67 N
** Longitude: 122 43.39 W
# nquan = 4
# nvalues = 911                                   
# units = specified
# name 0 = t090C: Temperature [ITS-90, deg C]
# name 1 = c0S/m: Conductivity [S/m]
# name 2 = prSM: Pressure, Strain Gauge [db]
# name 3 = flag:  0.000e+00
# span 0 =     7.6099,    11.0981                 
# span 1 =   2.246650,   3.473804                 
# span 2 =      0.996,     29.672                 
# span 3 = 0.0000e+00, 0.0000e+00                 
# interval = seconds: 0.5
# start_time = Aug 16 2022 14:48:19 [DatCnv date, localtime]
# bad_flag = -9.990e-29
*END*
[from data line 712]
    11.0679   3.455889     24.972  0.000e+00
    11.0707   3.455728     25.062  0.000e+00
    11.0661   3.455891     25.196  0.000e+00
    11.0716   3.456055     25.330  0.000e+00
    11.0698   3.455894     25.420  0.000e+00
    11.0716   3.456057     25.509  0.000e+00
    11.0680   3.456059     25.643  0.000e+00
    11.0689   3.456384     25.733  0.000e+00
    11.0698   3.456223     25.822  0.000e+00
    11.0698   3.456062     25.957  0.000e+00
    11.0689   3.456388     26.046  0.000e+00
    11.0680   3.456714     26.270  0.000e+00
    11.0705   3.456768     26.360  0.000e+00
    11.0729   3.456822     26.494  0.000e+00
    11.0753   3.456874     26.583  0.000e+00
    11.0735   3.456386     26.673  0.000e+00
    11.0698   3.456709     26.762  0.000e+00
    11.0680   3.457519     26.852  0.000e+00
    11.0689   3.457193     26.941  0.000e+00
    11.0661   3.457353     27.031  0.000e+00
    11.0661   3.457352     27.165  0.000e+00
    11.0680   3.456701     27.255  0.000e+00
    11.0643   3.457187     27.344  0.000e+00
    11.0652   3.457185     27.478  0.000e+00
    11.0670   3.457670     27.523  0.000e+00
    11.0670   3.457507     27.657  0.000e+00
    11.0634   3.457343     27.792  0.000e+00
    11.0652   3.457503     27.881  0.000e+00
    11.0606   3.457664     27.971  0.000e+00
    11.0597   3.457987     28.105  0.000e+00
    11.0615   3.458473     28.195  0.000e+00
    11.0606   3.458633     28.284  0.000e+00
    11.0615   3.459119     28.374  0.000e+00
    11.0624   3.457981     28.508  0.000e+00
    11.0624   3.458629     28.597  0.000e+00
    11.0615   3.458952     28.687  0.000e+00
    11.0615   3.458788     28.821  0.000e+00
    11.0605   3.458949     28.911  0.000e+00
    11.0569   3.459434     29.045  0.000e+00
    11.0624   3.459595     29.179  0.000e+00
    11.0605   3.459431     29.313  0.000e+00
    11.0605   3.460078     29.358  0.000e+00
    11.0587   3.460077     29.493  0.000e+00
    11.0642   3.459589     29.582  0.000e+00
    11.0642   3.459587     29.582  0.000e+00
    11.0660   3.459423     29.627  0.000e+00
    11.0614   3.458448     29.627  0.000e+00
    11.0678   3.458933     29.627  0.000e+00
    11.0660   3.459094     29.627  0.000e+00
    11.0669   3.459904     29.627  0.000e+00
    11.0632   3.459415     29.627  0.000e+00
    11.0641   3.459089     29.627  0.000e+00
    11.0650   3.459250     29.627  0.000e+00
    11.0659   3.459573     29.627  0.000e+00
    11.0604   3.458111     29.627  0.000e+00
    11.0687   3.460543     29.627  0.000e+00
    11.0568   3.459731     29.627  0.000e+00
    11.0632   3.460378     29.627  0.000e+00
    11.0586   3.460863     29.672  0.000e+00
    11.0604   3.461348     29.627  0.000e+00
    11.0604   3.460698     29.627  0.000e+00
    11.0622   3.460209     29.627  0.000e+00
    11.0567   3.459883     29.627  0.000e+00
    11.0595   3.459882     29.627  0.000e+00
    11.0586   3.459880     29.627  0.000e+00
    11.0613   3.459554     29.627  0.000e+00
    11.0595   3.460364     29.627  0.000e+00
    11.0659   3.460362     29.627  0.000e+00
    11.0622   3.458413     29.627  0.000e+00
    11.0686   3.458574     29.627  0.000e+00
    11.0659   3.459222     29.627  0.000e+00
    11.0631   3.460031     29.627  0.000e+00
    11.0603   3.459381     29.627  0.000e+00
    11.0622   3.459217     29.627  0.000e+00
    11.0631   3.459540     29.627  0.000e+00
    11.0622   3.459701     29.627  0.000e+00
    11.0612   3.461160     29.627  0.000e+00
    11.0594   3.459860     29.627  0.000e+00
    11.0585   3.459371     29.627  0.000e+00
    11.0585   3.460019     29.627  0.000e+00
    11.0612   3.460180     29.627  0.000e+00
    11.0603   3.459691     29.627  0.000e+00
    11.0612   3.459203     29.627  0.000e+00
    11.0658   3.459201     29.627  0.000e+00
    11.0630   3.473804     29.627  0.000e+00
    11.0493   3.456277     29.582  0.000e+00
    11.0557   3.460170     29.493  0.000e+00
    11.0566   3.460006     29.403  0.000e+00
    11.0584   3.459031     29.313  0.000e+00
    11.0584   3.459030     29.269  0.000e+00
    11.0593   3.459028     29.134  0.000e+00
    11.0602   3.459189     29.000  0.000e+00
    11.0630   3.459025     28.911  0.000e+00
    11.0648   3.458861     28.821  0.000e+00
    11.0611   3.459184     28.732  0.000e+00
    11.0593   3.458533     28.597  0.000e+00
    11.0611   3.458856     28.553  0.000e+00
    11.0611   3.458854     28.463  0.000e+00
    11.0611   3.458366     28.374  0.000e+00
    11.0602   3.458851     28.284  0.000e+00
    11.0602   3.458201     28.195  0.000e+00
    11.0620   3.458523     28.105  0.000e+00
    11.0611   3.458846     28.060  0.000e+00
    11.0620   3.458196     27.971  0.000e+00
    11.0592   3.458194     27.881  0.000e+00
    11.0620   3.458355     27.792  0.000e+00
    11.0620   3.458191     27.657  0.000e+00
    11.0629   3.457703     27.613  0.000e+00
    11.0601   3.456890     27.523  0.000e+00
    11.0656   3.457537     27.434  0.000e+00
    11.0647   3.457860     27.344  0.000e+00
    11.0638   3.457696     27.255  0.000e+00
    11.0638   3.457370     27.165  0.000e+00
    11.0638   3.458018     27.076  0.000e+00
    11.0638   3.457691     27.031  0.000e+00
    11.0638   3.457528     26.897  0.000e+00
    11.0638   3.458013     26.807  0.000e+00
    11.0619   3.458660     26.718  0.000e+00
    11.0619   3.458821     26.628  0.000e+00
    11.0610   3.457197     26.583  0.000e+00
    11.0647   3.456870     26.494  0.000e+00
    11.0656   3.456544     26.404  0.000e+00
    11.0683   3.456380     26.315  0.000e+00
    11.0701   3.455730     26.180  0.000e+00
    11.0720   3.455890     26.046  0.000e+00
    11.0674   3.456376     26.001  0.000e+00
    11.0665   3.456374     25.867  0.000e+00
    11.0683   3.456859     25.822  0.000e+00
    11.0646   3.456695     25.688  0.000e+00
    11.0674   3.456207     25.599  0.000e+00
    11.0683   3.455881     25.509  0.000e+00
    11.0683   3.456366     25.420  0.000e+00
    11.0692   3.456365     25.330  0.000e+00
    11.0701   3.456365     25.241  0.000e+00
    11.0710   3.456364     25.151  0.000e+00
    11.0719   3.456040     25.062  0.000e+00
    11.0701   3.456364     24.972  0.000e+00
    11.0683   3.456202     24.838  0.000e+00
    11.0683   3.455715     24.793  0.000e+00
    11.0710   3.454904     24.659  0.000e+00
    11.0710   3.455877     24.569  0.000e+00
    11.0701   3.455391     24.480  0.000e+00
    11.0673   3.454741     24.390  0.000e+00
    11.0683   3.454255     24.301  0.000e+00
    11.0701   3.454417     24.211  0.000e+00
    11.0692   3.455066     24.122  0.000e+00
    11.0692   3.454092     24.032  0.000e+00
    11.0701   3.454092     23.943  0.000e+00
    11.0683   3.454579     23.853  0.000e+00
    11.0692   3.454417     23.764  0.000e+00
    11.0701   3.453281     23.674  0.000e+00
    11.0701   3.453443     23.585  0.000e+00
    11.0683   3.453281     23.495  0.000e+00
    11.0683   3.454417     23.406  0.000e+00
    11.0673   3.453281     23.227  0.000e+00
    11.0747   3.452632     23.137  0.000e+00
    11.0673   3.453443     23.048  0.000e+00
    11.0692   3.452632     22.958  0.000e+00
    11.0692   3.453281     22.824  0.000e+00
    11.0673   3.452956     22.779  0.000e+00
    11.0673   3.453281     22.645  0.000e+00
    11.0683   3.452794     22.600  0.000e+00
    11.0683   3.452469     22.466  0.000e+00
    11.0692   3.452794     22.511  0.000e+00
    11.0673   3.451820     22.377  0.000e+00
    11.0692   3.451495     22.287  0.000e+00
    11.0692   3.451820     22.198  0.000e+00
    11.0692   3.451982     22.063  0.000e+00
    11.0683   3.451982     21.974  0.000e+00
    11.0683   3.451982     21.929  0.000e+00
    11.0719   3.452307     21.795  0.000e+00
    11.0683   3.452631     21.705  0.000e+00
    11.0673   3.450684     21.661  0.000e+00
    11.0655   3.450846     21.526  0.000e+00
    11.0637   3.450846     21.437  0.000e+00
    11.0637   3.450846     21.347  0.000e+00
    11.0637   3.450846     21.258  0.000e+00
    11.0600   3.450197     21.168  0.000e+00
    11.0618   3.449061     21.079  0.000e+00
    11.0609   3.448737     20.990  0.000e+00
    11.0609   3.449710     20.900  0.000e+00
    11.0618   3.448412     20.811  0.000e+00
    11.0582   3.449548     20.721  0.000e+00
    11.0609   3.450684     20.632  0.000e+00
    11.0637   3.448250     20.497  0.000e+00
    11.0618   3.447925     20.318  0.000e+00
    11.0554   3.447114     20.274  0.000e+00
    11.0554   3.447438     20.184  0.000e+00
    11.0563   3.447438     20.050  0.000e+00
    11.0609   3.447438     19.960  0.000e+00
    11.0609   3.446627     19.871  0.000e+00
    11.0563   3.445653     19.781  0.000e+00
    11.0563   3.445816     19.692  0.000e+00
    11.0527   3.445816     19.558  0.000e+00
    11.0536   3.444355     19.513  0.000e+00
    11.0554   3.445329     19.379  0.000e+00
    11.0554   3.445653     19.289  0.000e+00
    11.0517   3.444842     19.200  0.000e+00
    11.0527   3.443219     19.110  0.000e+00
