tests/resources/orca-test-data/SBE19/CAST0002/CAST0002.cnv
* Sea-Bird SBE 19 Data File:
* FileName =
* Software Version 4.234
* Temperature SN = 2835
* Conductivity SN = 2835
* System UpLoad Time = Wed Jan 19 11:48:56 2005

** Ship: ORCA
** Cruise: Mooring
** Station: Carr Inlet
** Latitude: 47 16.67 N
** Longitude: 122 43.39 W
# nquan = 4
# nvalues = 911                                   
# units = specified
# name 0 = t090C: Temperature [ITS-90, deg C]
# name 1 = c0S/m: Conductivity [S/m]
# name 2 = prSM: Pressure, Strain Gauge [db]
# name 3 = flag:  0.000e+00
# span 0 =     7.6099,    11.0981                 
# span 1 =   2.246650,   3.473804                 
# span 2 =      0.996,     29.672                 
# span 3 = 0.0000e+00, 0.0000e+00                 
# interval = seconds: 0.5
# start_time = Aug 16 2022 14:48:19 [DatCnv date, localtime]
# bad_flag = -9.990e-29
*END*
    11.0560   3.445353     18.887  0.000e+00
    11.0597   3.444866     18.931  0.000e+00
    11.0679   3.444379     18.887  0.000e+00
    11.0661   3.445028     18.931  0.000e+00
    11.0618   3.445082     18.931  0.000e+00
    11.0575   3.445145     18.931  0.000e+00
    11.0532   3.445218     18.976  0.000e+00
    11.0606   3.445069     18.887  0.000e+00
    11.0642   3.445083     18.931  0.000e+00
    11.0652   3.445096     18.887  0.000e+00
    11.0642   3.444948     18.931  0.000e+00
    11.0652   3.445286     18.931  0.000e+00
    11.0642   3.445137     18.931  0.000e+00
    11.0642   3.445151     18.931  0.000e+00
    11.0633   3.445327     18.931  0.000e+00
    11.0652   3.444205     18.931  0.000e+00
    11.0652   3.444705     18.931  0.000e+00
    11.0652   3.444719     18.931  0.000e+00
    11.0652   3.445219     18.887  0.000e+00
    11.0661   3.444908     18.931  0.000e+00
    11.0633   3.445571     18.931  0.000e+00
    11.0652   3.446396     18.931  0.000e+00
    11.0606   3.445436     18.887  0.000e+00
    11.0652   3.444801     18.931  0.000e+00
    11.0642   3.445301     18.931  0.000e+00
    11.0633   3.446288     18.931  0.000e+00
    11.0606   3.445328     18.887  0.000e+00
    11.0633   3.446478     18.931  0.000e+00
    11.0615   3.446816     18.931  0.000e+00
    11.0587   3.446992     18.887  0.000e+00
    11.0606   3.445383     18.931  0.000e+00
    11.0624   3.446857     18.887  0.000e+00
    11.0578   3.446059     18.931  0.000e+00
    11.0606   3.445748     18.931  0.000e+00
    11.0606   3.445600     18.931  0.000e+00
    11.0578   3.445938     18.887  0.000e+00
    11.0587   3.446438     18.887  0.000e+00
    11.0606   3.445965     18.887  0.000e+00
    11.0661   3.445330     18.931  0.000e+00
    11.0670   3.444695     18.887  0.000e+00
    11.0651   3.445520     18.931  0.000e+00
    11.0633   3.445695     18.931  0.000e+00
    11.0615   3.445709     18.887  0.000e+00
    11.0624   3.445723     18.931  0.000e+00
    11.0615   3.446710     18.931  0.000e+00
    11.0606   3.446399     18.887  0.000e+00
    11.0615   3.446737     18.931  0.000e+00
    11.0615   3.447075     18.887  0.000e+00
    11.0615   3.447089     18.887  0.000e+00
    11.0587   3.446616     18.931  0.000e+00
    11.0578   3.447278     18.887  0.000e+00
    11.0578   3.446157     18.887  0.000e+00
    11.0596   3.446332     18.887  0.000e+00
    11.0615   3.446022     18.887  0.000e+00
    11.0651   3.445386     18.887  0.000e+00
    11.0661   3.445562     18.887  0.000e+00
    11.0660   3.446225     18.887  0.000e+00
    11.0660   3.446076     18.931  0.000e+00
    11.0624   3.445441     18.931  0.000e+00
    11.0633   3.446428     18.887  0.000e+00
    11.0596   3.446766     18.931  0.000e+00
    11.0605   3.445969     18.887  0.000e+00
    11.0605   3.446144     18.887  0.000e+00
    11.0615   3.447456     18.887  0.000e+00
    11.0587   3.447632     18.887  0.000e+00
    11.0560   3.447483     18.887  0.000e+00
    11.0550   3.447010     18.887  0.000e+00
    11.0596   3.446699     18.887  0.000e+00
    11.0587   3.446551     18.887  0.000e+00
    11.0569   3.446565     18.887  0.000e+00
    11.0615   3.445929     18.887  0.000e+00
    11.0642   3.445943     18.887  0.000e+00
    11.0633   3.446606     18.931  0.000e+00
    11.0651   3.446457     18.931  0.000e+00
    11.0651   3.445822     18.887  0.000e+00
    11.0642   3.445835     18.931  0.000e+00
    11.0615   3.446498     18.931  0.000e+00
    11.0615   3.446187     18.887  0.000e+00
    11.0605   3.447174     18.887  0.000e+00
    11.0596   3.447512     18.931  0.000e+00
    11.0596   3.447851     18.887  0.000e+00
    11.0560   3.448027     18.931  0.000e+00
    11.0596   3.446580     18.887  0.000e+00
    11.0605   3.447567     18.887  0.000e+00
    11.0587   3.428598     18.887  0.000e+00
    11.0981   3.443376     18.931  0.000e+00
    11.0688   3.438847     18.931  0.000e+00
    11.0651   3.438860     18.931  0.000e+00
    11.0642   3.438549     18.931  0.000e+00
    11.0669   3.438401     18.931  0.000e+00
    11.0706   3.437928     18.887  0.000e+00
    11.0715   3.437455     18.931  0.000e+00
    11.0697   3.438928     18.887  0.000e+00
    11.0660   3.438455     18.931  0.000e+00
    11.0642   3.438631     18.887  0.000e+00
    11.0651   3.438969     18.931  0.000e+00
    11.0633   3.439470     18.887  0.000e+00
    11.0624   3.440132     18.931  0.000e+00
    11.0605   3.439822     18.931  0.000e+00
    11.0642   3.440484     18.931  0.000e+00
    11.0633   3.440173     18.887  0.000e+00
    11.0578   3.439538     18.887  0.000e+00
    11.0605   3.439389     18.887  0.000e+00
    11.0624   3.439241     18.887  0.000e+00
    11.0596   3.439417     18.931  0.000e+00
    11.0614   3.439430     18.887  0.000e+00
    11.0651   3.439768     18.887  0.000e+00
    11.0633   3.439295     18.887  0.000e+00
    11.0669   3.438011     18.887  0.000e+00
    11.0679   3.438836     18.887  0.000e+00
    11.0651   3.438849     18.931  0.000e+00
    11.0633   3.438701     18.887  0.000e+00
    11.0633   3.439850     18.887  0.000e+00
    11.0614   3.440351     18.887  0.000e+00
    11.0587   3.439715     18.931  0.000e+00
    11.0642   3.441027     18.887  0.000e+00
    11.0596   3.441365     18.887  0.000e+00
    11.0596   3.440892     18.887  0.000e+00
    11.0559   3.440743     18.887  0.000e+00
    11.0559   3.440270     18.887  0.000e+00
    11.0587   3.441582     18.887  0.000e+00
    11.0568   3.440784     18.887  0.000e+00
    11.0623   3.440149     18.887  0.000e+00
    11.0651   3.439676     18.887  0.000e+00
    11.0626   3.440059     18.887  0.000e+00
    11.0602   3.440444     18.931  0.000e+00
    11.0578   3.440832     18.931  0.000e+00
    11.0569   3.439538     18.887  0.000e+00
    11.0633   3.441002     18.887  0.000e+00
    11.0615   3.441492     18.887  0.000e+00
    11.0579   3.440035     18.887  0.000e+00
    11.0615   3.440364     18.887  0.000e+00
    11.0579   3.441665     18.887  0.000e+00
    11.0588   3.441831     18.887  0.000e+00
    11.0543   3.441673     18.887  0.000e+00
    11.0579   3.441027     18.887  0.000e+00
    11.0589   3.441031     18.887  0.000e+00
    11.0580   3.440872     18.887  0.000e+00
    11.0562   3.440876     18.887  0.000e+00
    11.0608   3.440717     18.887  0.000e+00
    11.0626   3.440234     18.887  0.000e+00
    11.0617   3.441049     18.887  0.000e+00
    11.0636   3.440890     18.887  0.000e+00
    11.0636   3.440731     18.931  0.000e+00
    11.0608   3.440086     18.887  0.000e+00
    11.0609   3.440252     18.887  0.000e+00
    11.0572   3.440418     18.887  0.000e+00
    11.0581   3.440421     18.887  0.000e+00
    11.0591   3.441074     18.887  0.000e+00
    11.0573   3.441889     18.887  0.000e+00
    11.0591   3.440270     18.887  0.000e+00
    11.0573   3.440923     18.887  0.000e+00
    11.0601   3.441251     18.887  0.000e+00
    11.0592   3.440930     18.887  0.000e+00
    11.0573   3.440933     18.887  0.000e+00
    11.0610   3.441424     18.887  0.000e+00
    11.0555   3.439805     18.887  0.000e+00
    11.0583   3.441431     18.887  0.000e+00
    11.0620   3.440623     18.887  0.000e+00
    11.0629   3.440465     18.887  0.000e+00
    11.0602   3.440631     18.887  0.000e+00
    11.0630   3.440472     18.887  0.000e+00
    11.0602   3.441125     18.887  0.000e+00
    11.0566   3.441128     18.931  0.000e+00
    11.0566   3.440158     18.931  0.000e+00
    11.0603   3.440811     18.887  0.000e+00
    11.0585   3.441301     18.887  0.000e+00
    11.0594   3.442279     18.887  0.000e+00
    11.0548   3.442120     18.887  0.000e+00
    11.0512   3.441961     18.887  0.000e+00
    11.0530   3.441316     18.931  0.000e+00
    11.0567   3.441319     18.887  0.000e+00
    11.0576   3.440674     18.887  0.000e+00
    11.0567   3.440840     18.887  0.000e+00
    11.0604   3.440357     18.887  0.000e+00
    11.0641   3.440036     18.931  0.000e+00
    11.0651   3.441013     18.931  0.000e+00
    11.0596   3.440367     18.887  0.000e+00
    11.0605   3.440046     18.887  0.000e+00
    11.0624   3.440375     18.887  0.000e+00
    11.0596   3.441027     18.887  0.000e+00
    11.0606   3.440382     18.887  0.000e+00
    11.0606   3.440385     18.887  0.000e+00
    11.0588   3.442336     18.887  0.000e+00
    11.0579   3.442178     18.887  0.000e+00
    11.0551   3.442506     18.887  0.000e+00
    11.0515   3.441698     18.887  0.000e+00
    11.0570   3.442026     18.887  0.000e+00
    11.0570   3.441543     18.887  0.000e+00
    11.0543   3.441384     18.887  0.000e+00
    11.0598   3.440901     18.887  0.000e+00
    11.0552   3.441392     18.887  0.000e+00
    11.0580   3.441558     18.887  0.000e+00
    11.0617   3.441399     18.887  0.000e+00
    11.0654   3.440591     18.887  0.000e+00
    11.0663   3.439783     18.931  0.000e+00
    11.0617   3.440598     18.887  0.000e+00
    11.0572   3.440764     18.887  0.000e+00
    11.0599   3.440605     18.887  0.000e+00
    11.0590   3.441583     18.887  0.000e+00
    11.0581   3.442073     18.887  0.000e+00
    11.0563   3.442077     18.887  0.000e+00
    11.0582   3.441431     18.887  0.000e+00
    11.0573   3.442571     18.887  0.000e+00
    11.0609   3.442088     18.887  0.000e+00
    11.0564   3.441118     18.887  0.000e+00
    11.0573   3.441284     18.887  0.000e+00
    11.0564   3.441936     18.931  0.000e+00
    11.0528   3.441940     18.887  0.000e+00
    11.0546   3.441781     18.887  0.000e+00
    11.0610   3.441136     18.931  0.000e+00
    11.0647   3.440166     18.887  0.000e+00
    11.0638   3.441143     18.887  0.000e+00
    11.0620   3.441146     18.931  0.000e+00
    11.0611   3.440988     18.887  0.000e+00
    11.0593   3.441316     18.887  0.000e+00
    11.0593   3.441969     18.887  0.000e+00
    11.0575   3.442622     18.931  0.000e+00
    11.0575   3.442301     18.887  0.000e+00
    11.0548   3.442304     18.887  0.000e+00
    11.0566   3.442632     18.887  0.000e+00
    11.0539   3.441987     18.931  0.000e+00
    11.0530   3.441504     18.887  0.000e+00
    11.0567   3.442319     18.887  0.000e+00
    11.0558   3.441673     18.887  0.000e+00
    11.0558   3.441677     18.887  0.000e+00
    11.0613   3.441680     18.887  0.000e+00
    11.0622   3.440710     18.887  0.000e+00
    11.0613   3.440227     18.887  0.000e+00
    11.0659   3.441529     18.887  0.000e+00
    11.0614   3.441370     18.931  0.000e+00
    11.0614   3.440400     18.887  0.000e+00
    11.0605   3.441540     18.887  0.000e+00
    11.0559   3.442355     18.887  0.000e+00
    11.0578   3.441222     18.887  0.000e+00
    11.0578   3.441875     18.887  0.000e+00
    11.0560   3.443177     18.887  0.000e+00
    11.0569   3.443343     18.887  0.000e+00
    11.0514   3.442211     18.887  0.000e+00
    11.0524   3.442539     18.887  0.000e+00
    11.0551   3.441569     18.931  0.000e+00
    11.0561   3.441897     18.931  0.000e+00
    11.0588   3.441738     18.887  0.000e+00
    11.0598   3.441417     18.931  0.000e+00
    11.0634   3.441418     18.887  0.000e+00
    11.0671   3.441416     18.931  0.000e+00
    11.0708   3.441412     18.931  0.000e+00
    11.0533   3.441894     18.887  0.000e+00
    11.0625   3.441727     18.887  0.000e+00
    11.0597   3.442047     18.887  0.000e+00
    11.0615   3.441880     18.887  0.000e+00
    11.0588   3.441551     18.887  0.000e+00
    11.0578   3.441871     18.887  0.000e+00
    11.0597   3.441704     18.931  0.000e+00
    11.0596   3.441862     18.931  0.000e+00
    11.0596   3.441208     18.887  0.000e+00
    11.0605   3.441366     18.887  0.000e+00
    11.0541   3.443147     18.931  0.000e+00
    11.0568   3.442006     18.887  0.000e+00
    11.0541   3.442002     18.887  0.000e+00
    11.0522   3.441835     18.887  0.000e+00
    11.0577   3.441830     18.887  0.000e+00
    11.0623   3.440527     18.887  0.000e+00
    11.0641   3.441496     18.887  0.000e+00
    11.0632   3.441492     18.931  0.000e+00
    11.0595   3.441812     18.887  0.000e+00
    11.0576   3.441158     18.887  0.000e+00
    11.0558   3.441965     18.887  0.000e+00
    11.0585   3.441636     18.887  0.000e+00
    11.0567   3.441794     18.887  0.000e+00
    11.0576   3.441951     18.887  0.000e+00
    11.0576   3.443083     18.887  0.000e+00
    11.0539   3.442916     18.887  0.000e+00
    11.0520   3.442425     18.931  0.000e+00
    11.0557   3.441771     18.931  0.000e+00
    11.0511   3.441929     18.887  0.000e+00
    11.0538   3.441762     18.887  0.000e+00
    11.0566   3.441919     18.887  0.000e+00
    11.0602   3.440779     18.887  0.000e+00
    11.0620   3.441586     18.887  0.000e+00
    11.0593   3.441581     18.887  0.000e+00
    11.0620   3.441577     18.887  0.000e+00
    11.0602   3.440761     18.887  0.000e+00
    11.0592   3.441567     18.931  0.000e+00
    11.0565   3.441563     18.887  0.000e+00
    11.0601   3.441396     18.887  0.000e+00
    11.0592   3.442365     18.887  0.000e+00
    11.0592   3.458102     18.931  0.000e+00
    11.0463   3.437975     18.887  0.000e+00
    11.0527   3.440891     18.797  0.000e+00
    11.0527   3.441049     18.708  0.000e+00
    11.0564   3.440395     18.618  0.000e+00
    11.0527   3.441689     18.529  0.000e+00
    11.0509   3.441359     18.439  0.000e+00
    11.0518   3.441517     18.350  0.000e+00
    11.0527   3.441026     18.260  0.000e+00
    11.0526   3.441021     18.126  0.000e+00
    11.0517   3.441666     18.036  0.000e+00
    11.0508   3.441012     17.947  0.000e+00
    11.0517   3.441656     17.858  0.000e+00
    11.0517   3.441327     17.768  0.000e+00
    11.0517   3.440511     17.679  0.000e+00
    11.0526   3.440344     17.500  0.000e+00
    11.0525   3.441151     17.410  0.000e+00
    11.0516   3.440335     17.321  0.000e+00
    11.0516   3.440168     17.231  0.000e+00
    11.0516   3.440002     17.142  0.000e+00
    11.0497   3.439997     17.052  0.000e+00
    11.0516   3.439830     16.963  0.000e+00
    11.0506   3.439663     16.873  0.000e+00
    11.0497   3.439659     16.739  0.000e+00
    11.0506   3.439654     16.650  0.000e+00
    11.0497   3.440299     16.560  0.000e+00
    11.0487   3.440132     16.471  0.000e+00
    11.0496   3.438342     16.426  0.000e+00
    11.0505   3.439311     16.292  0.000e+00
    11.0487   3.438982     16.202  0.000e+00
    11.0487   3.439464     16.113  0.000e+00
    11.0505   3.439460     16.023  0.000e+00
    11.0514   3.439617     15.889  0.000e+00
    11.0514   3.439126     15.800  0.000e+00
    11.0459   3.438472     15.710  0.000e+00
    11.0495   3.437981     15.621  0.000e+00
    11.0504   3.437652     15.531  0.000e+00
    11.0495   3.437647     15.442  0.000e+00
    11.0495   3.437967     15.352  0.000e+00
    11.0504   3.437638     15.263  0.000e+00
    11.0495   3.437958     15.173  0.000e+00
    11.0485   3.438278     15.039  0.000e+00
    11.0504   3.437462     14.994  0.000e+00
    11.0503   3.438269     14.860  0.000e+00
    11.0512   3.437290     14.860  0.000e+00
    11.0466   3.438260     14.636  0.000e+00
    11.0485   3.437768     14.547  0.000e+00
    11.0466   3.439062     14.457  0.000e+00
    11.0475   3.437759     14.368  0.000e+00
    11.0484   3.437917     14.279  0.000e+00
    11.0493   3.437425     14.234  0.000e+00
    11.0493   3.438232     14.100  0.000e+00
    11.0475   3.437741     14.055  0.000e+00
    11.0475   3.437249     13.965  0.000e+00
    11.0484   3.437407     13.876  0.000e+00
    11.0483   3.437727     13.786  0.000e+00
    11.0465   3.437073     13.652  0.000e+00
    11.0483   3.437231     13.608  0.000e+00
    11.0501   3.435604     13.518  0.000e+00
    11.0520   3.435599     13.429  0.000e+00
    11.0547   3.434621     13.339  0.000e+00
    11.0556   3.434616     13.250  0.000e+00
    11.0556   3.433638     13.160  0.000e+00
    11.0537   3.433633     13.071  0.000e+00
    11.0546   3.433629     12.981  0.000e+00
    11.0528   3.433949     12.892  0.000e+00
    11.0546   3.433782     12.802  0.000e+00
    11.0528   3.433291     12.713  0.000e+00
