tests/resources/orca-test-data/SBE19/CAST0002/CAST0002_pd_mod_filt.cnv
* Sea-Bird SBE 19 Data File:
* FileName =
* Software Version 4.234
* Temperature SN = 2835
* Conductivity SN = 2835
* System UpLoad Time = Wed Jan 19 11:48:56 2005

** Ship: ORCA
** Cruise: Mooring
** Station: Carr Inlet
** Latitude: 47 16.67 N
** Longitude: 122 43.39 W
# nquan = 5
# nvalues = 911                         
# units = specified
# name 0 = t090C: Temperature [ITS-90, deg C]
# name 1 = c0S/m: Conductivity [S/m]
# name 2 = prSM: Pressure, Strain Gauge [db]
# name 3 = depSM: Depth [salt water, m], lat = 47.28
# name 4 = flag:  0.000e+00
# span 0 =     7.6099,    11.0981       
# span 1 =   2.246650,   3.473804       
# span 2 =     -0.364,     29.627       
# span 3 =     -0.361,      9.297       
# span 4 = 0.0000e+00, 0.0000e+00       
# interval = seconds: 0.5
# start_time = Aug 16 2022 15:34:17 [DatCnv date, localtime]
# bad_flag = -9.990e-29
*END*
[from data line 572]
    11.0023   3.415661      8.866      8.482 0.0000e+00
    11.0005   3.416955      9.001      8.528 0.0000e+00
    11.0041   3.417924      9.141      8.552 0.0000e+00
    11.0096   3.418406      9.282      8.545 0.0000e+00
    11.0096   3.419375      9.424      8.498 0.0000e+00
    11.0096   3.419208      9.569      8.400 0.0000e+00
    11.0087   3.419204      9.718      8.237 0.0000e+00
    11.0133   3.419037      9.872      7.989 0.0000e+00
    11.0132   3.420168     10.033      7.634 0.0000e+00
    11.0132   3.420650     10.203      7.156 0.0000e+00
    11.0160   3.421295     10.383      6.644 0.0000e+00
    11.0187   3.422101     10.578      6.188 0.0000e+00
    11.0196   3.423233     10.791      5.712 0.0000e+00
    11.0242   3.424202     11.030      5.233 0.0000e+00
    11.0269   3.424197     11.284      4.865 0.0000e+00
    11.0333   3.425328     11.531      4.631 0.0000e+00
    11.0343   3.425973     11.761      4.548 0.0000e+00
    11.0361   3.426779     11.982      4.580 0.0000e+00
    11.0388   3.427099     12.201      4.695 0.0000e+00
    11.0379   3.428068     12.426      4.855 0.0000e+00
    11.0406   3.427902     12.662      5.038 0.0000e+00
    11.0415   3.428059     12.917      5.318 0.0000e+00
    11.0415   3.428055     13.183      5.618 0.0000e+00
    11.0388   3.428212     13.436      5.767 0.0000e+00
    11.0397   3.427883     13.668      5.727 0.0000e+00
    11.0387   3.427879     13.887      5.622 0.0000e+00
    11.0378   3.428199     14.095      5.588 0.0000e+00
    11.0396   3.428194     14.299      5.592 0.0000e+00
    11.0405   3.428676     14.506      5.585 0.0000e+00
    11.0405   3.428996     14.721      5.537 0.0000e+00
    11.0405   3.428829     14.935      5.331 0.0000e+00
    11.0414   3.429798     15.124      4.989 0.0000e+00
    11.0442   3.430662     15.275      4.613 0.0000e+00
    11.0469   3.431527     15.390      4.245 0.0000e+00
    11.0497   3.432392     15.469      3.988 0.0000e+00
    11.0543   3.432394     15.509      3.936 0.0000e+00
    11.0497   3.433206     15.506      4.055 0.0000e+00
    11.0524   3.432883     15.455      4.241 0.0000e+00
    11.0525   3.433209     15.360      4.379 0.0000e+00
    11.0543   3.433210     15.239      4.350 0.0000e+00
    11.0516   3.433373     15.095      4.106 0.0000e+00
    11.0561   3.434673     14.912      3.757 0.0000e+00
    11.0543   3.435161     14.688      3.487 0.0000e+00
    11.0562   3.435162     14.449      3.392 0.0000e+00
    11.0562   3.434838     14.221      3.496 0.0000e+00
    11.0562   3.435813     14.001      3.759 0.0000e+00
    11.0516   3.436788     13.782      4.086 0.0000e+00
    11.0516   3.436952     13.576      4.402 0.0000e+00
    11.0489   3.437115     13.379      4.617 0.0000e+00
    11.0516   3.436305     13.170      4.696 0.0000e+00
    11.0461   3.437604     12.947      4.693 0.0000e+00
    11.0471   3.436957     12.717      4.734 0.0000e+00
    11.0452   3.437282     12.488      4.853 0.0000e+00
    11.0462   3.436959     12.272      4.851 0.0000e+00
    11.0471   3.436960     12.080      4.681 0.0000e+00
    11.0434   3.437611     11.925      4.539 0.0000e+00
    11.0453   3.437450     11.806      4.478 0.0000e+00
    11.0453   3.437451     11.707      4.464 0.0000e+00
    11.0462   3.437452     11.630      4.527 0.0000e+00
    11.0462   3.437291     11.592      4.639 0.0000e+00
    11.0444   3.437779     11.602      4.712 0.0000e+00
    11.0453   3.437780     11.652      4.640 0.0000e+00
    11.0462   3.437619     11.738      4.450 0.0000e+00
    11.0462   3.438107     11.859      4.320 0.0000e+00
    11.0462   3.438433     12.015      4.275 0.0000e+00
    11.0481   3.438596     12.209      4.278 0.0000e+00
    11.0435   3.438760     12.428      4.394 0.0000e+00
    11.0490   3.438599     12.646      4.599 0.0000e+00
    11.0472   3.439574     12.856      4.778 0.0000e+00
    11.0472   3.438764     13.062      4.832 0.0000e+00
    11.0472   3.439252     13.270      4.812 0.0000e+00
    11.0481   3.439091     13.487      4.828 0.0000e+00
    11.0463   3.440228     13.718      4.848 0.0000e+00
    11.0472   3.440391     13.972      4.844 0.0000e+00
    11.0472   3.440230     14.240      4.765 0.0000e+00
    11.0472   3.440394     14.498      4.577 0.0000e+00
    11.0463   3.440882     14.736      4.409 0.0000e+00
    11.0473   3.440883     14.964      4.378 0.0000e+00
    11.0454   3.440722     15.189      4.435 0.0000e+00
    11.0491   3.440399     15.419      4.472 0.0000e+00
    11.0464   3.440562     15.662      4.459 0.0000e+00
    11.0482   3.441212     15.927      4.428 0.0000e+00
    11.0473   3.441051     16.205      4.425 0.0000e+00
    11.0491   3.441864     16.475      4.496 0.0000e+00
    11.0464   3.441541     16.733      4.598 0.0000e+00
    11.0492   3.442029     16.988      4.611 0.0000e+00
    11.0473   3.442192     17.248      4.568 0.0000e+00
    11.0501   3.442031     17.524      4.672 0.0000e+00
    11.0492   3.442032     17.809      4.993 0.0000e+00
    11.0519   3.442196     18.082      5.362 0.0000e+00
    11.0501   3.442035     18.337      5.594 0.0000e+00
    11.0492   3.442360     18.584      5.658 0.0000e+00
    11.0492   3.442524     18.831      5.669 0.0000e+00
    11.0520   3.442687     19.088      5.754 0.0000e+00
    11.0501   3.442689     19.346      5.886 0.0000e+00
    11.0520   3.443014     19.583      6.028 0.0000e+00
    11.0483   3.442691     19.793      6.155 0.0000e+00
    11.0520   3.442855     19.982      6.165 0.0000e+00
    11.0493   3.443667     20.155      6.010 0.0000e+00
    11.0511   3.443506     20.317      5.730 0.0000e+00
    11.0520   3.443832     20.467      5.369 0.0000e+00
    11.0520   3.444807     20.606      5.031 0.0000e+00
    11.0502   3.444646     20.737      4.870 0.0000e+00
    11.0520   3.444647     20.862      4.891 0.0000e+00
    11.0521   3.445297     20.983      4.984 0.0000e+00
    11.0539   3.447895     21.101      5.124 0.0000e+00
    11.0493   3.445787     21.216      5.272 0.0000e+00
    11.0530   3.446112     21.330      5.326 0.0000e+00
    11.0548   3.447574     21.442      5.258 0.0000e+00
    11.0548   3.447088     21.555      5.174 0.0000e+00
    11.0567   3.447576     21.666      5.197 0.0000e+00
    11.0558   3.448389     21.775      5.296 0.0000e+00
    11.0585   3.448552     21.882      5.350 0.0000e+00
    11.0576   3.449203     21.988      5.315 0.0000e+00
    11.0604   3.449042     22.093      5.221 0.0000e+00
    11.0586   3.448881     22.198      5.013 0.0000e+00
    11.0576   3.450180     22.303      4.632 0.0000e+00
    11.0650   3.450343     22.409      4.180 0.0000e+00
    11.0622   3.450345     22.514      3.835 0.0000e+00
    11.0650   3.450833     22.620      3.686 0.0000e+00
    11.0641   3.450509     22.727      3.755 0.0000e+00
    11.0669   3.451322     22.835      3.999 0.0000e+00
    11.0641   3.451810     22.945      4.306 0.0000e+00
    11.0678   3.452136     23.056      4.569 0.0000e+00
    11.0669   3.452137     23.169      4.693 0.0000e+00
    11.0687   3.453112     23.283      4.656 0.0000e+00
    11.0669   3.452789     23.400      4.485 0.0000e+00
    11.0687   3.452627     23.517      4.297 0.0000e+00
    11.0697   3.452791     23.632      4.224 0.0000e+00
    11.0706   3.453117     23.746      4.228 0.0000e+00
    11.0733   3.453442     23.858      4.263 0.0000e+00
    11.0706   3.453119     23.971      4.282 0.0000e+00
    11.0706   3.453283     24.082      4.161 0.0000e+00
    11.0706   3.453933     24.194      3.938 0.0000e+00
    11.0697   3.454746     24.304      3.807 0.0000e+00
    11.0697   3.455071     24.416      3.871 0.0000e+00
    11.0679   3.454424     24.528      4.085 0.0000e+00
    11.0688   3.455236     24.640      4.256 0.0000e+00
    11.0679   3.455400     24.751      4.206 0.0000e+00
    11.0688   3.455725     24.863      3.978 0.0000e+00
    11.0679   3.455889     24.973      3.748 0.0000e+00
    11.0707   3.455728     25.084      3.614 0.0000e+00
    11.0661   3.455891     25.195      3.519 0.0000e+00
    11.0716   3.456055     25.306      3.425 0.0000e+00
    11.0698   3.455894     25.417      3.453 0.0000e+00
    11.0716   3.456057     25.527      3.558 0.0000e+00
    11.0680   3.456059     25.637      3.555 0.0000e+00
    11.0689   3.456384     25.748      3.493 0.0000e+00
    11.0698   3.456223     25.860      3.477 0.0000e+00
    11.0698   3.456062     25.974      3.460 0.0000e+00
    11.0689   3.456388     26.090      3.313 0.0000e+00
    11.0680   3.456714     26.206      3.076 0.0000e+00
    11.0705   3.456768     26.320      2.938 0.0000e+00
    11.0729   3.456822     26.431      2.923 0.0000e+00
    11.0753   3.456874     26.538      2.920 0.0000e+00
    11.0735   3.456386     26.643      2.895 0.0000e+00
    11.0698   3.456709     26.745      2.880 0.0000e+00
    11.0680   3.457519     26.847      2.904 0.0000e+00
    11.0689   3.457193     26.949      3.002 0.0000e+00
    11.0661   3.457353     27.050      3.211 0.0000e+00
    11.0661   3.457352     27.153      3.498 0.0000e+00
    11.0680   3.456701     27.255      3.752 0.0000e+00
    11.0643   3.457187     27.357      3.942 0.0000e+00
    11.0652   3.457185     27.460      4.050 0.0000e+00
    11.0670   3.457670     27.563      4.050 0.0000e+00
    11.0670   3.457507     27.666      3.973 0.0000e+00
    11.0634   3.457343     27.771      3.848 0.0000e+00
    11.0652   3.457503     27.875      3.776 0.0000e+00
    11.0606   3.457664     27.978      3.864 0.0000e+00
    11.0597   3.457987     28.081      4.071 0.0000e+00
    11.0615   3.458473     28.184      4.283 0.0000e+00
    11.0606   3.458633     28.285      4.465 0.0000e+00
    11.0615   3.459119     28.387      4.660 0.0000e+00
    11.0624   3.457981     28.489      4.834 0.0000e+00
    11.0624   3.458629     28.591      4.886 0.0000e+00
    11.0615   3.458952     28.692      4.788 0.0000e+00
    11.0615   3.458788     28.792      4.645 0.0000e+00
    11.0605   3.458949     28.892      4.638 0.0000e+00
    11.0569   3.459434     28.990      4.798 0.0000e+00
    11.0624   3.459595     29.084      4.946 0.0000e+00
    11.0605   3.459431     29.172      4.995 0.0000e+00
    11.0605   3.460078     29.252      4.996 0.0000e+00
    11.0587   3.460077     29.324      4.965 0.0000e+00
    11.0642   3.459589     29.387      4.996 0.0000e+00
    11.0642   3.459587     29.438      5.201 0.0000e+00
    11.0660   3.459423     29.479      5.529 0.0000e+00
    11.0614   3.458448     29.512      5.844 0.0000e+00
    11.0678   3.458933     29.538      6.085 0.0000e+00
    11.0660   3.459094     29.558      6.268 0.0000e+00
    11.0669   3.459904     29.574      6.404 0.0000e+00
    11.0632   3.459415     29.586      6.503 0.0000e+00
    11.0641   3.459089     29.595      6.570 0.0000e+00
    11.0650   3.459250     29.603      6.610 0.0000e+00
    11.0659   3.459573     29.609      6.625 0.0000e+00
    11.0604   3.458111     29.614      6.616 0.0000e+00
    11.0687   3.460543     29.618      6.583 0.0000e+00
    11.0568   3.459731     29.621      6.523 0.0000e+00
    11.0632   3.460378     29.624      6.433 0.0000e+00
    11.0586   3.460863     29.626      6.387 0.0000e+00
    11.0604   3.461348     29.627      6.460 0.0000e+00
    11.0604   3.460698     29.627      6.578 0.0000e+00
    11.0622   3.460209     29.626      6.670 0.0000e+00
    11.0567   3.459883     29.626      6.740 0.0000e+00
    11.0595   3.459882     29.626      6.795 0.0000e+00
    11.0586   3.459880     29.626      6.836 0.0000e+00
    11.0613   3.459554     29.626      6.866 0.0000e+00
    11.0595   3.460364     29.625      6.889 0.0000e+00
    11.0659   3.460362     29.625      6.904 0.0000e+00
    11.0622   3.458413     29.624      6.913 0.0000e+00
    11.0686   3.458574     29.623      6.917 0.0000e+00
    11.0659   3.459222     29.622      6.915 0.0000e+00
    11.0631   3.460031     29.621      6.908 0.0000e+00
    11.0603   3.459381     29.619      6.895 0.0000e+00
    11.0622   3.459217     29.617      6.875 0.0000e+00
    11.0631   3.459540     29.614      6.848 0.0000e+00
    11.0622   3.459701     29.610      6.811 0.0000e+00
    11.0612   3.461160     29.605      6.761 0.0000e+00
    11.0594   3.459860     29.599      6.697 0.0000e+00
    11.0585   3.459371     29.591      6.614 0.0000e+00
    11.0585   3.460019     29.581      6.505 0.0000e+00
    11.0612   3.460180     29.568      6.366 0.0000e+00
    11.0603   3.459691     29.551      6.186 0.0000e+00
    11.0612   3.459203     29.529      5.954 0.0000e+00
    11.0658   3.459201     29.501      5.656 0.0000e+00
    11.0630   3.473804     29.465      5.273 0.0000e+00
    11.0493   3.456277     29.419      4.860 0.0000e+00
    11.0557   3.460170     29.364      4.532 0.0000e+00
    11.0566   3.460006     29.300      4.318 0.0000e+00
    11.0584   3.459031     29.230      4.188 0.0000e+00
    11.0584   3.459030     29.154      4.038 0.0000e+00
    11.0593   3.459028     29.072      3.747 0.0000e+00
    11.0602   3.459189     28.986      3.425 0.0000e+00
    11.0630   3.459025     28.899      3.240 0.0000e+00
    11.0648   3.458861     28.811      3.214 0.0000e+00
    11.0611   3.459184     28.722      3.312 0.0000e+00
    11.0593   3.458533     28.633      3.430 0.0000e+00
    11.0611   3.458856     28.544      3.464 0.0000e+00
    11.0611   3.458854     28.457      3.465 0.0000e+00
    11.0611   3.458366     28.368      3.479 0.0000e+00
    11.0602   3.458851     28.280      3.476 0.0000e+00
    11.0602   3.458201     28.191      3.423 0.0000e+00
    11.0620   3.458523     28.101      3.287 0.0000e+00
    11.0611   3.458846     28.011      3.120 0.0000e+00
    11.0620   3.458196     27.919      3.057 0.0000e+00
    11.0592   3.458194     27.823      3.141 0.0000e+00
    11.0620   3.458355     27.723      3.344 0.0000e+00
    11.0620   3.458191     27.620      3.569 0.0000e+00
    11.0629   3.457703     27.514      3.719 0.0000e+00
    11.0601   3.456890     27.401      3.851 0.0000e+00
    11.0656   3.457537     27.281      4.022 0.0000e+00
    11.0647   3.457860     27.151      4.210 0.0000e+00
    11.0638   3.457696     27.008      4.395 0.0000e+00
    11.0638   3.457370     26.851      4.558 0.0000e+00
    11.0638   3.458018     26.673      4.676 0.0000e+00
    11.0638   3.457691     26.469      4.806 0.0000e+00
    11.0638   3.457528     26.230      5.003 0.0000e+00
    11.0638   3.458013     25.964      5.169 0.0000e+00
    11.0619   3.458660     25.693      5.202 0.0000e+00
    11.0619   3.458821     25.419      5.074 0.0000e+00
    11.0610   3.457197     25.132      4.839 0.0000e+00
    11.0647   3.456870     24.833      4.626 0.0000e+00
    11.0656   3.456544     24.539      4.468 0.0000e+00
    11.0683   3.456380     24.254      4.324 0.0000e+00
    11.0701   3.455730     23.966      4.233 0.0000e+00
    11.0720   3.455890     23.680      4.235 0.0000e+00
    11.0674   3.456376     23.418      4.300 0.0000e+00
    11.0665   3.456374     23.183      4.400 0.0000e+00
    11.0683   3.456859     22.966      4.510 0.0000e+00
    11.0646   3.456695     22.777      4.605 0.0000e+00
    11.0674   3.456207     22.639      4.563 0.0000e+00
    11.0683   3.455881     22.568      4.255 0.0000e+00
    11.0683   3.456366     22.564      3.789 0.0000e+00
    11.0692   3.456365     22.617      3.421 0.0000e+00
    11.0701   3.456365     22.704      3.254 0.0000e+00
    11.0710   3.456364     22.821      3.246 0.0000e+00
    11.0719   3.456040     22.980      3.365 0.0000e+00
    11.0701   3.456364     23.181      3.586 0.0000e+00
    11.0683   3.456202     23.396      3.813 0.0000e+00
    11.0683   3.455715     23.598      3.948 0.0000e+00
    11.0710   3.454904     23.789      3.969 0.0000e+00
    11.0710   3.455877     23.971      3.766 0.0000e+00
    11.0701   3.455391     24.131      3.373 0.0000e+00
    11.0673   3.454741     24.269      3.052 0.0000e+00
    11.0683   3.454255     24.400      2.909 0.0000e+00
    11.0701   3.454417     24.537      2.902 0.0000e+00
