tests/resources/orca-test-data/SBE19/CAST0002/CAST0002_pd_mod_filt.cnv
* Sea-Bird SBE 19 Data File:
* FileName =
* Software Version 4.234
* Temperature SN = 2835
* Conductivity SN = 2835
* System UpLoad Time = Wed Jan 19 11:48:56 2005

** Ship: ORCA
** Cruise: Mooring
** Station: Carr Inlet
** Latitude: 47 16.67 N
** Longitude: 122 43.39 W
# nquan = 5
# nvalues = 911                         
# units = specified
# name 0 = t090C: Temperature [ITS-90, deg C]
# name 1 = c0S/m: Conductivity [S/m]
# name 2 = prSM: Pressure, Strain Gauge [db]
# name 3 = depSM: Depth [salt water, m], lat = 47.28
# name 4 = flag:  0.000e+00
# span 0 =     7.6099,    11.0981       
# span 1 =   2.246650,   3.473804       
# span 2 =     -0.364,     29.627       
# span 3 =     -0.361,      9.297       
# span 4 = 0.0000e+00, 0.0000e+00       
# interval = seconds: 0.5
# start_time = Aug 16 2022 15:34:17 [DatCnv date, localtime]
# bad_flag = -9.990e-29
*END*
    11.0560   3.445353      3.853      3.820 0.0000e+00
    11.0597   3.444866      3.842      3.810 0.0000e+00
    11.0679   3.444379      3.827      3.795 0.0000e+00
    11.0661   3.445028      3.807      3.775 0.0000e+00
    11.0618   3.445082      3.780      3.748 0.0000e+00
    11.0575   3.445145      3.743      3.712 0.0000e+00
    11.0532   3.445218      3.693      3.662 0.0000e+00
    11.0606   3.445069      3.628      3.598 0.0000e+00
    11.0642   3.445083      3.544      3.515 0.0000e+00
    11.0652   3.445096      3.437      3.409 0.0000e+00
    11.0642   3.444948      3.316      3.288 0.0000e+00
    11.0652   3.445286      3.204      3.177 0.0000e+00
    11.0642   3.445137      3.110      3.084 0.0000e+00
    11.0642   3.445151      3.026      3.001 0.0000e+00
    11.0633   3.445327      2.949      2.925 0.0000e+00
    11.0652   3.444205      2.873      2.849 0.0000e+00
    11.0652   3.444705      2.794      2.771 0.0000e+00
    11.0652   3.444719      2.705      2.683 0.0000e+00
    11.0652   3.445219      2.603      2.582 0.0000e+00
    11.0661   3.444908      2.482      2.462 0.0000e+00
    11.0633   3.445571      2.349      2.329 0.0000e+00
    11.0652   3.446396      2.226      2.208 0.0000e+00
    11.0606   3.445436      2.123      2.105 0.0000e+00
    11.0652   3.444801      2.034      2.017 0.0000e+00
    11.0642   3.445301      1.951      1.935 0.0000e+00
    11.0633   3.446288      1.870      1.855 0.0000e+00
    11.0606   3.445328      1.786      1.771 0.0000e+00
    11.0633   3.446478      1.694      1.680 0.0000e+00
    11.0615   3.446816      1.587      1.574 0.0000e+00
    11.0587   3.446992      1.460      1.448 0.0000e+00
    11.0606   3.445383      1.320      1.309 0.0000e+00
    11.0624   3.446857      1.190      1.180 0.0000e+00
    11.0578   3.446059      1.078      1.069 0.0000e+00
    11.0606   3.445748      0.975      0.967 0.0000e+00
    11.0606   3.445600      0.876      0.869 0.0000e+00
    11.0578   3.445938      0.774      0.768 0.0000e+00
    11.0587   3.446438      0.664      0.658 0.0000e+00
    11.0606   3.445965      0.540      0.535 0.0000e+00
    11.0661   3.445330      0.393      0.390 0.0000e+00
    11.0670   3.444695      0.213      0.211 0.0000e+00
    11.0651   3.445520      0.019      0.019 0.0000e+00
    11.0633   3.445695     -0.144     -0.143 0.0000e+00
    11.0615   3.445709     -0.257     -0.255 0.0000e+00
    11.0624   3.445723     -0.330     -0.327 0.0000e+00
    11.0615   3.446710     -0.364     -0.361 0.0000e+00
    11.0606   3.446399     -0.364     -0.361 0.0000e+00
    11.0615   3.446737     -0.328     -0.326 0.0000e+00
    11.0615   3.447075     -0.256     -0.254 0.0000e+00
    11.0615   3.447089     -0.143     -0.142 0.0000e+00
    11.0587   3.446616      0.018      0.018 0.0000e+00
    11.0578   3.447278      0.209      0.207 0.0000e+00
    11.0578   3.446157      0.387      0.383 0.0000e+00
    11.0596   3.446332      0.532      0.528 0.0000e+00
    11.0615   3.446022      0.655      0.650 0.0000e+00
    11.0651   3.445386      0.763      0.757 0.0000e+00
    11.0661   3.445562      0.864      0.857 0.0000e+00
    11.0660   3.446225      0.963      0.955 0.0000e+00
    11.0660   3.446076      1.066      1.057 0.0000e+00
    11.0624   3.445441      1.179      1.169 0.0000e+00
    11.0633   3.446428      1.307      1.296 0.0000e+00
    11.0596   3.446766      1.446      1.433 0.0000e+00
    11.0605   3.445969      1.570      1.557 0.0000e+00
    11.0605   3.446144      1.674      1.660 0.0000e+00
    11.0615   3.447456      1.764      1.750 0.0000e+00
    11.0587   3.447632      1.847      1.832 0.0000e+00
    11.0560   3.447483      1.927      1.911 0.0000e+00
    11.0550   3.447010      2.009      1.993 0.0000e+00
    11.0596   3.446699      2.100      2.082 0.0000e+00
    11.0587   3.446551      2.204      2.185 0.0000e+00
    11.0569   3.446565      2.327      2.308 0.0000e+00
    11.0615   3.445929      2.463      2.443 0.0000e+00
    11.0642   3.445943      2.588      2.567 0.0000e+00
    11.0633   3.446606      2.694      2.671 0.0000e+00
    11.0651   3.446457      2.784      2.761 0.0000e+00
    11.0651   3.445822      2.867      2.843 0.0000e+00
    11.0642   3.445835      2.946      2.922 0.0000e+00
    11.0615   3.446498      3.028      3.002 0.0000e+00
    11.0615   3.446187      3.116      3.090 0.0000e+00
    11.0605   3.447174      3.218      3.191 0.0000e+00
    11.0596   3.447512      3.340      3.312 0.0000e+00
    11.0596   3.447851      3.474      3.445 0.0000e+00
    11.0560   3.448027      3.596      3.566 0.0000e+00
    11.0596   3.446580      3.698      3.667 0.0000e+00
    11.0605   3.447567      3.787      3.756 0.0000e+00
    11.0587   3.428598      3.870      3.838 0.0000e+00
    11.0981   3.443376      3.952      3.919 0.0000e+00
    11.0688   3.438847      4.035      4.001 0.0000e+00
    11.0651   3.438860      4.125      4.090 0.0000e+00
    11.0642   3.438549      4.227      4.192 0.0000e+00
    11.0669   3.438401      4.348      4.312 0.0000e+00
    11.0706   3.437928      4.480      4.443 0.0000e+00
    11.0715   3.437455      4.601      4.563 0.0000e+00
    11.0697   3.438928      4.702      4.663 0.0000e+00
    11.0660   3.438455      4.791      4.751 0.0000e+00
    11.0642   3.438631      4.872      4.831 0.0000e+00
    11.0651   3.438969      4.950      4.909 0.0000e+00
    11.0633   3.439470      5.031      4.989 0.0000e+00
    11.0624   3.440132      5.120      5.077 0.0000e+00
    11.0605   3.439822      5.221      5.177 0.0000e+00
    11.0642   3.440484      5.341      5.296 0.0000e+00
    11.0633   3.440173      5.471      5.425 0.0000e+00
    11.0578   3.439538      5.591      5.544 0.0000e+00
    11.0605   3.439389      5.691      5.643 0.0000e+00
    11.0624   3.439241      5.779      5.731 0.0000e+00
    11.0596   3.439417      5.860      5.811 0.0000e+00
    11.0614   3.439430      5.937      5.888 0.0000e+00
    11.0651   3.439768      6.017      5.967 0.0000e+00
    11.0633   3.439295      6.105      6.054 0.0000e+00
    11.0669   3.438011      6.207      6.155 0.0000e+00
    11.0679   3.438836      6.330      6.277 0.0000e+00
    11.0651   3.438849      6.463      6.409 0.0000e+00
    11.0633   3.438701      6.585      6.530 0.0000e+00
    11.0633   3.439850      6.686      6.630 0.0000e+00
    11.0614   3.440351      6.775      6.718 0.0000e+00
    11.0587   3.439715      6.856      6.799 0.0000e+00
    11.0642   3.441027      6.934      6.875 0.0000e+00
    11.0596   3.441365      7.014      6.955 0.0000e+00
    11.0596   3.440892      7.102      7.042 0.0000e+00
    11.0559   3.440743      7.203      7.142 0.0000e+00
    11.0559   3.440270      7.325      7.263 0.0000e+00
    11.0587   3.441582      7.459      7.395 0.0000e+00
    11.0568   3.440784      7.581      7.516 0.0000e+00
    11.0623   3.440149      7.684      7.618 0.0000e+00
    11.0651   3.439676      7.773      7.706 0.0000e+00
    11.0626   3.440059      7.856      7.787 0.0000e+00
    11.0602   3.440444      7.936      7.866 0.0000e+00
    11.0578   3.440832      8.017      7.945 0.0000e+00
    11.0569   3.439538      8.104      8.030 0.0000e+00
    11.0633   3.441002      8.205      8.127 0.0000e+00
    11.0615   3.441492      8.325      8.244 0.0000e+00
    11.0579   3.440035      8.458      8.372 0.0000e+00
    11.0615   3.440364      8.579      8.488 0.0000e+00
    11.0579   3.441665      8.680      8.583 0.0000e+00
    11.0588   3.441831      8.769      8.664 0.0000e+00
    11.0543   3.441673      8.850      8.735 0.0000e+00
    11.0579   3.441027      8.928      8.801 0.0000e+00
    11.0589   3.441031      9.009      8.866 0.0000e+00
    11.0580   3.440872      9.098      8.935 0.0000e+00
    11.0562   3.440876      9.200      9.012 0.0000e+00
    11.0608   3.440717      9.323      9.101 0.0000e+00
    11.0626   3.440234      9.457      9.193 0.0000e+00
    11.0617   3.441049      9.579      9.262 0.0000e+00
    11.0636   3.440890      9.682      9.296 0.0000e+00
    11.0636   3.440731      9.772      9.297 0.0000e+00
    11.0608   3.440086      9.852      9.265 0.0000e+00
    11.0609   3.440252      9.930      9.198 0.0000e+00
    11.0572   3.440418     10.010      9.093 0.0000e+00
    11.0581   3.440421     10.099      8.942 0.0000e+00
    11.0591   3.441074     10.200      8.737 0.0000e+00
    11.0573   3.441889     10.322      8.463 0.0000e+00
    11.0591   3.440270     10.455      8.149 0.0000e+00
    11.0573   3.440923     10.577      7.864 0.0000e+00
    11.0601   3.441251     10.679      7.633 0.0000e+00
    11.0592   3.440930     10.768      7.443 0.0000e+00
    11.0573   3.440933     10.849      7.281 0.0000e+00
    11.0610   3.441424     10.928      7.136 0.0000e+00
    11.0555   3.439805     11.010      7.000 0.0000e+00
    11.0583   3.441431     11.099      6.864 0.0000e+00
    11.0620   3.440623     11.202      6.720 0.0000e+00
    11.0629   3.440465     11.325      6.558 0.0000e+00
    11.0602   3.440631     11.459      6.367 0.0000e+00
    11.0630   3.440472     11.583      6.137 0.0000e+00
    11.0602   3.441125     11.687      5.852 0.0000e+00
    11.0566   3.441128     11.777      5.589 0.0000e+00
    11.0566   3.440158     11.859      5.522 0.0000e+00
    11.0603   3.440811     11.937      5.647 0.0000e+00
    11.0585   3.441301     12.017      5.782 0.0000e+00
    11.0594   3.442279     12.105      5.839 0.0000e+00
    11.0548   3.442120     12.207      5.822 0.0000e+00
    11.0512   3.441961     12.330      5.731 0.0000e+00
    11.0530   3.441316     12.464      5.654 0.0000e+00
    11.0567   3.441319     12.585      5.683 0.0000e+00
    11.0576   3.440674     12.687      5.723 0.0000e+00
    11.0567   3.440840     12.776      5.681 0.0000e+00
    11.0604   3.440357     12.858      5.557 0.0000e+00
    11.0641   3.440036     12.938      5.435 0.0000e+00
    11.0651   3.441013     13.019      5.500 0.0000e+00
    11.0596   3.440367     13.105      5.756 0.0000e+00
    11.0605   3.440046     13.205      6.028 0.0000e+00
    11.0624   3.440375     13.326      6.238 0.0000e+00
    11.0596   3.441027     13.458      6.400 0.0000e+00
    11.0606   3.440382     13.579      6.523 0.0000e+00
    11.0606   3.440385     13.681      6.617 0.0000e+00
    11.0588   3.442336     13.769      6.686 0.0000e+00
    11.0579   3.442178     13.850      6.735 0.0000e+00
    11.0551   3.442506     13.928      6.767 0.0000e+00
    11.0515   3.441698     14.009      6.785 0.0000e+00
    11.0570   3.442026     14.098      6.789 0.0000e+00
    11.0570   3.441543     14.200      6.779 0.0000e+00
    11.0543   3.441384     14.322      6.756 0.0000e+00
    11.0598   3.440901     14.456      6.717 0.0000e+00
    11.0552   3.441392     14.578      6.660 0.0000e+00
    11.0580   3.441558     14.681      6.581 0.0000e+00
    11.0617   3.441399     14.770      6.476 0.0000e+00
    11.0654   3.440591     14.853      6.338 0.0000e+00
    11.0663   3.439783     14.932      6.253 0.0000e+00
    11.0617   3.440598     15.012      6.310 0.0000e+00
    11.0572   3.440764     15.100      6.419 0.0000e+00
    11.0599   3.440605     15.202      6.492 0.0000e+00
    11.0590   3.441583     15.324      6.532 0.0000e+00
    11.0581   3.442073     15.457      6.542 0.0000e+00
    11.0563   3.442077     15.579      6.524 0.0000e+00
    11.0582   3.441431     15.682      6.475 0.0000e+00
    11.0573   3.442571     15.771      6.392 0.0000e+00
    11.0609   3.442088     15.853      6.272 0.0000e+00
    11.0564   3.441118     15.933      6.105 0.0000e+00
    11.0573   3.441284     16.016      5.881 0.0000e+00
    11.0564   3.441936     16.106      5.681 0.0000e+00
    11.0528   3.441940     16.209      5.588 0.0000e+00
    11.0546   3.441781     16.331      5.501 0.0000e+00
    11.0610   3.441136     16.465      5.413 0.0000e+00
    11.0647   3.440166     16.587      5.415 0.0000e+00
    11.0638   3.441143     16.689      5.412 0.0000e+00
    11.0620   3.441146     16.778      5.404 0.0000e+00
    11.0611   3.440988     16.858      5.484 0.0000e+00
    11.0593   3.441316     16.936      5.564 0.0000e+00
    11.0593   3.441969     17.017      5.552 0.0000e+00
    11.0575   3.442622     17.105      5.544 0.0000e+00
    11.0575   3.442301     17.206      5.634 0.0000e+00
    11.0548   3.442304     17.326      5.732 0.0000e+00
    11.0566   3.442632     17.459      5.750 0.0000e+00
    11.0539   3.441987     17.579      5.783 0.0000e+00
    11.0530   3.441504     17.679      5.930 0.0000e+00
    11.0567   3.442319     17.764      6.104 0.0000e+00
    11.0558   3.441673     17.842      6.221 0.0000e+00
    11.0558   3.441677     17.917      6.289 0.0000e+00
    11.0613   3.441680     17.994      6.311 0.0000e+00
    11.0622   3.440710     18.078      6.290 0.0000e+00
    11.0613   3.440227     18.174      6.224 0.0000e+00
    11.0659   3.441529     18.288      6.108 0.0000e+00
    11.0614   3.441370     18.411      6.032 0.0000e+00
    11.0614   3.440400     18.518      6.084 0.0000e+00
    11.0605   3.441540     18.601      6.173 0.0000e+00
    11.0559   3.442355     18.665      6.210 0.0000e+00
    11.0578   3.441222     18.716      6.196 0.0000e+00
    11.0578   3.441875     18.756      6.131 0.0000e+00
    11.0560   3.443177     18.787      6.012 0.0000e+00
    11.0569   3.443343     18.812      5.829 0.0000e+00
    11.0514   3.442211     18.833      5.573 0.0000e+00
    11.0524   3.442539     18.850      5.225 0.0000e+00
    11.0551   3.441569     18.864      4.860 0.0000e+00
    11.0561   3.441897     18.874      4.645 0.0000e+00
    11.0588   3.441738     18.881      4.567 0.0000e+00
    11.0598   3.441417     18.887      4.524 0.0000e+00
    11.0634   3.441418     18.891      4.514 0.0000e+00
    11.0671   3.441416     18.894      4.537 0.0000e+00
    11.0708   3.441412     18.895      4.690 0.0000e+00
    11.0533   3.441894     18.895      4.981 0.0000e+00
    11.0625   3.441727     18.895      5.240 0.0000e+00
    11.0597   3.442047     18.895      5.386 0.0000e+00
    11.0615   3.441880     18.895      5.431 0.0000e+00
    11.0588   3.441551     18.896      5.375 0.0000e+00
    11.0578   3.441871     18.898      5.217 0.0000e+00
    11.0597   3.441704     18.900      5.040 0.0000e+00
    11.0596   3.441862     18.900      5.025 0.0000e+00
    11.0596   3.441208     18.900      5.170 0.0000e+00
    11.0605   3.441366     18.899      5.295 0.0000e+00
    11.0541   3.443147     18.898      5.406 0.0000e+00
    11.0568   3.442006     18.897      5.606 0.0000e+00
    11.0541   3.442002     18.895      5.813 0.0000e+00
    11.0522   3.441835     18.894      5.945 0.0000e+00
    11.0577   3.441830     18.894      6.010 0.0000e+00
    11.0623   3.440527     18.894      6.012 0.0000e+00
    11.0641   3.441496     18.894      5.951 0.0000e+00
    11.0632   3.441492     18.894      5.919 0.0000e+00
    11.0595   3.441812     18.894      6.009 0.0000e+00
    11.0576   3.441158     18.892      6.131 0.0000e+00
    11.0558   3.441965     18.892      6.198 0.0000e+00
    11.0585   3.441636     18.891      6.214 0.0000e+00
    11.0567   3.441794     18.891      6.180 0.0000e+00
    11.0576   3.441951     18.892      6.094 0.0000e+00
    11.0576   3.443083     18.892      5.951 0.0000e+00
    11.0539   3.442916     18.893      5.741 0.0000e+00
    11.0520   3.442425     18.893      5.546 0.0000e+00
    11.0557   3.441771     18.892      5.545 0.0000e+00
    11.0511   3.441929     18.889      5.737 0.0000e+00
    11.0538   3.441762     18.886      5.944 0.0000e+00
    11.0566   3.441919     18.882      6.084 0.0000e+00
    11.0602   3.440779     18.878      6.165 0.0000e+00
    11.0620   3.441586     18.874      6.194 0.0000e+00
    11.0593   3.441581     18.868      6.172 0.0000e+00
    11.0620   3.441577     18.862      6.097 0.0000e+00
    11.0602   3.440761     18.853      5.964 0.0000e+00
    11.0592   3.441567     18.842      5.862 0.0000e+00
    11.0565   3.441563     18.827      5.877 0.0000e+00
