tests/resources/orca-test-data/SBE19/CAST0002/CAST0002_pd_mod_filt.cnv
* Sea-Bird SBE 19 Data File:
* FileName =
* Software Version 4.234
* Temperature SN = 2835
* Conductivity SN = 2835
* System UpLoad Time = Wed Jan 19 11:48:56 2005

** Ship: ORCA
** Cruise: Mooring
** Station: Carr Inlet
** Latitude: 47 16.67 N
** Longitude: 122 43.39 W
# nquan = 5
# nvalues = 911                         
# units = specified
# name 0 = t090C: Temperature [ITS-90, deg C]
# name 1 = c0S/m: Conductivity [S/m]
# name 2 = prSM: Pressure, Strain Gauge [db]
# name 3 = depSM: Depth [salt water, m], lat = 47.28
# name 4 = flag:  0.000e+00
# span 0 =     7.6099,    11.0981       
# span 1 =   2.246650,   3.473804       
# span 2 =     -0.364,     29.627       
# span 3 =     -0.361,      9.297       
# span 4 = 0.0000e+00, 0.0000e+00       
# interval = seconds: 0.5
# start_time = Aug 16 2022 15:34:17 [DatCnv date, localtime]
# bad_flag = -9.990e-29
*END*
[from data line 858]
    11.0692   3.454092     24.808      3.179 0.0000e+00
    11.0701   3.454092     24.923      3.416 0.0000e+00
    11.0683   3.454579     25.037      3.696 0.0000e+00
    11.0692   3.454417     25.147      4.003 0.0000e+00
    11.0701   3.453281     25.233      4.327 0.0000e+00
    11.0701   3.453443     25.292      4.656 0.0000e+00
    11.0683   3.453281     25.331      4.978 0.0000e+00
    11.0683   3.454417     25.345      5.284 0.0000e+00
    11.0673   3.453281     25.308      5.543 0.0000e+00
    11.0747   3.452632     25.212      5.727 0.0000e+00
    11.0673   3.453443     25.057      5.813 0.0000e+00
    11.0692   3.452632     24.855      5.777 0.0000e+00
    11.0692   3.453281     24.631      5.663 0.0000e+00
    11.0673   3.452956     24.394      5.512 0.0000e+00
    11.0673   3.453281     24.133      5.282 0.0000e+00
    11.0683   3.452794     23.855      5.086 0.0000e+00
    11.0683   3.452469     23.578      5.038 0.0000e+00
    11.0692   3.452794     23.305      5.103 0.0000e+00
    11.0673   3.451820     23.038      5.255 0.0000e+00
    11.0692   3.451495     22.797      5.391 0.0000e+00
    11.0692   3.451820     22.587      5.409 0.0000e+00
    11.0692   3.451982     22.404      5.358 0.0000e+00
    11.0683   3.451982     22.241      5.361 0.0000e+00
    11.0683   3.451982     22.094      5.387 0.0000e+00
    11.0719   3.452307     21.959      5.327 0.0000e+00
    11.0683   3.452631     21.834      5.224 0.0000e+00
    11.0673   3.450684     21.717      5.198 0.0000e+00
    11.0655   3.450846     21.604      5.296 0.0000e+00
    11.0637   3.450846     21.496      5.414 0.0000e+00
    11.0637   3.450846     21.391      5.446 0.0000e+00
    11.0637   3.450846     21.289      5.364 0.0000e+00
    11.0600   3.450197     21.189      5.130 0.0000e+00
    11.0618   3.449061     21.091      4.698 0.0000e+00
    11.0609   3.448737     20.993      4.151 0.0000e+00
    11.0609   3.449710     20.896      3.726 0.0000e+00
    11.0618   3.448412     20.798      3.521 0.0000e+00
    11.0582   3.449548     20.699      3.492 0.0000e+00
    11.0609   3.450684     20.599      3.605 0.0000e+00
    11.0637   3.448250     20.497      3.757 0.0000e+00
    11.0618   3.447925     20.397      3.766 0.0000e+00
    11.0554   3.447114     20.299      3.586 0.0000e+00
    11.0554   3.447438     20.203      3.316 0.0000e+00
    11.0563   3.447438     20.109      3.066 0.0000e+00
    11.0609   3.447438     20.019      2.948 0.0000e+00
    11.0609   3.446627     19.932      3.000 0.0000e+00
    11.0563   3.445653     19.849      3.195 0.0000e+00
    11.0563   3.445816     19.770      3.514 0.0000e+00
    11.0527   3.445816     19.697      3.850 0.0000e+00
    11.0536   3.444355     19.632      4.097 0.0000e+00
    11.0554   3.445329     19.575      4.239 0.0000e+00
    11.0554   3.445653     19.530      4.173 0.0000e+00
    11.0517   3.444842     19.501      3.944 0.0000e+00
    11.0527   3.443219     19.490      3.823 0.0000e+00
