tests/resources/orca-test-data/SBE19/CAST0002/CAST0002_pd_mod.cnv
* Sea-Bird SBE 19 Data File:
* FileName =
* Software Version 4.234
* Temperature SN = 2835
* Conductivity SN = 2835
* System UpLoad Time = Wed Jan 19 11:48:56 2005

** Ship: ORCA
** Cruise: Mooring
** Station: Carr Inlet
** Latitude: 47 16.67 N
** Longitude: 122 43.39 W
# nquan = 5
# nvalues = 911                                   
# units = specified
# name 0 = t090C: Temperature [ITS-90, deg C]
# name 1 = c0S/m: Conductivity [S/m]
# name 2 = prSM: Pressure, Strain Gauge [db]
# name 3 = depSM: Depth [salt water, m], lat = 47.28
# name 4 = flag:  0.000e+00
# span 0 =     7.6099,    11.0981                 
# span 1 =   2.246650,   3.473804                 
# span 2 =      0.996,     29.672                 
# span 3 =      0.988,     29.422                 
# span 4 = 0.0000e+00, 0.0000e+00                 
# interval = seconds: 0.5
# start_time = Aug 16 2022 15:34:17 [DatCnv date, localtime]
# bad_flag = -9.990e-29
*END*
[from data line 293]
    11.0509   3.441359     	18.439	18.284692  0.000e+00
    11.0518   3.441517     	18.350	18.196440  0.000e+00
    11.0527   3.441026     	18.260	18.107197  0.000e+00
    11.0526   3.441021     	18.126	17.974325  0.000e+00
    11.0517   3.441666     	18.036	17.885082  0.000e+00
    11.0508   3.441012     	17.947	17.796830  0.000e+00
    11.0517   3.441656     	17.858	17.708579  0.000e+00
    11.0517   3.441327     	17.768	17.619336  0.000e+00
    11.0517   3.440511     	17.679	17.531084  0.000e+00
    11.0526   3.440344     	17.500	17.353589  0.000e+00
    11.0525   3.441151     	17.410	17.264346  0.000e+00
    11.0516   3.440335     	17.321	17.176094  0.000e+00
    11.0516   3.440168     	17.231	17.086851  0.000e+00
    11.0516   3.440002     	17.142	16.998599  0.000e+00
    11.0497   3.439997     	17.052	16.909356  0.000e+00
    11.0516   3.439830     	16.963	16.821104  0.000e+00
    11.0506   3.439663     	16.873	16.731860  0.000e+00
    11.0497   3.439659     	16.739	16.598987  0.000e+00
    11.0506   3.439654     	16.650	16.510735  0.000e+00
    11.0497   3.440299     	16.560	16.421491  0.000e+00
    11.0487   3.440132     	16.471	16.333239  0.000e+00
    11.0496   3.438342     	16.426	16.288617  0.000e+00
    11.0505   3.439311     	16.292	16.155743  0.000e+00
    11.0487   3.438982     	16.202	16.066499  0.000e+00
    11.0487   3.439464     	16.113	15.978247  0.000e+00
    11.0505   3.439460     	16.023	15.889003  0.000e+00
    11.0514   3.439617     	15.889	15.756129  0.000e+00
    11.0514   3.439126     	15.800	15.667877  0.000e+00
    11.0459   3.438472     	15.710	15.578633  0.000e+00
    11.0495   3.437981     	15.621	15.490380  0.000e+00
    11.0504   3.437652     	15.531	15.401136  0.000e+00
    11.0495   3.437647     	15.442	15.312884  0.000e+00
    11.0495   3.437967     	15.352	15.223639  0.000e+00
    11.0504   3.437638     	15.263	15.135387  0.000e+00
    11.0495   3.437958     	15.173	15.046143  0.000e+00
    11.0485   3.438278     	15.039	14.913268  0.000e+00
    11.0504   3.437462     	14.994	14.868646  0.000e+00
    11.0503   3.438269     	14.860	14.735771  0.000e+00
    11.0512   3.437290     	14.860	14.735771  0.000e+00
    11.0466   3.438260     	14.636	14.513651  0.000e+00
    11.0485   3.437768     	14.547	14.425398  0.000e+00
    11.0466   3.439062     	14.457	14.336154  0.000e+00
    11.0475   3.437759     	14.368	14.247901  0.000e+00
    11.0484   3.437917     	14.279	14.159648  0.000e+00
    11.0493   3.437425     	14.234	14.115026  0.000e+00
    11.0493   3.438232     	14.100	13.982150  0.000e+00
    11.0475   3.437741     	14.055	13.937528  0.000e+00
    11.0475   3.437249     	13.965	13.848283  0.000e+00
    11.0484   3.437407     	13.876	13.760030  0.000e+00
    11.0483   3.437727     	13.786	13.670785  0.000e+00
    11.0465   3.437073     	13.652	13.537909  0.000e+00
    11.0483   3.437231     	13.608	13.494278  0.000e+00
    11.0501   3.435604     	13.518	13.405034  0.000e+00
    11.0520   3.435599     	13.429	13.316780  0.000e+00
    11.0547   3.434621     	13.339	13.227535  0.000e+00
    11.0556   3.434616     	13.250	13.139282  0.000e+00
    11.0556   3.433638     	13.160	13.050037  0.000e+00
    11.0537   3.433633     	13.071	12.961783  0.000e+00
    11.0546   3.433629     	12.981	12.872538  0.000e+00
    11.0528   3.433949     	12.892	12.784284  0.000e+00
    11.0546   3.433782     	12.802	12.695039  0.000e+00
    11.0528   3.433291     	12.713	12.606785  0.000e+00
    11.0537   3.433935     	12.623	12.517540  0.000e+00
    11.0518   3.433444     	12.534	12.429286  0.000e+00
    11.0546   3.433926     	12.445	12.341032  0.000e+00
    11.0509   3.433110     	12.355	12.251787  0.000e+00
    11.0509   3.432456     	12.221	12.118910  0.000e+00
    11.0499   3.432452     	12.176	12.074288  0.000e+00
    11.0508   3.430987     	12.042	11.941411  0.000e+00
    11.0481   3.431307     	11.952	11.852165  0.000e+00
    11.0462   3.431140     	11.818	11.719288  0.000e+00
    11.0468   3.430922     	11.684	11.586411  0.000e+00
    11.0474   3.430707     	11.639	11.541789  0.000e+00
    11.0481   3.430495     	11.550	11.453534  0.000e+00
    11.0536   3.430499     	11.416	11.320657  0.000e+00
    11.0462   3.429205     	11.282	11.187780  0.000e+00
    11.0444   3.429372     	11.192	11.098534  0.000e+00
    11.0463   3.430025     	11.103	11.010280  0.000e+00
    11.0435   3.429218     	11.058	10.965657  0.000e+00
    11.0454   3.429384     	10.924	10.832779  0.000e+00
    11.0472   3.430200     	10.790	10.699902  0.000e+00
    11.0454   3.429717     	10.745	10.655279  0.000e+00
    11.0472   3.428748     	10.611	10.522401  0.000e+00
    11.0472   3.429239     	10.521	10.433155  0.000e+00
    11.0445   3.428594     	10.432	10.344900  0.000e+00
    11.0454   3.428436     	10.298	10.212022  0.000e+00
    11.0454   3.429414     	10.208	10.122776  0.000e+00
    11.0418   3.429256     	10.119	10.034521  0.000e+00
    11.0436   3.428449     	10.029	9.945274  0.000e+00
    11.0427   3.427641     	9.940	9.857020  0.000e+00
    11.0409   3.426672     	9.850	9.767773  0.000e+00
    11.0381   3.427001     	9.716	9.634895  0.000e+00
    11.0372   3.427005     	9.627	9.546640  0.000e+00
    11.0363   3.427821     	9.537	9.457393  0.000e+00
    11.0354   3.427500     	9.403	9.324515  0.000e+00
    11.0364   3.426206     	9.314	9.236260  0.000e+00
    11.0336   3.425724     	9.224	9.147013  0.000e+00
    11.0327   3.425241     	9.135	9.058758  0.000e+00
    11.0309   3.424596     	8.956	8.881255  0.000e+00
    11.0318   3.425087     	8.866	8.792008  0.000e+00
    11.0318   3.424443     	8.777	8.703753  0.000e+00
    11.0282   3.424934     	8.643	8.570874  0.000e+00
    11.0282   3.422828     	8.553	8.481627  0.000e+00
    11.0263   3.422995     	8.464	8.393372  0.000e+00
    11.0199   3.421701     	8.330	8.260492  0.000e+00
    11.0227   3.420894     	8.285	8.215869  0.000e+00
    11.0190   3.420898     	8.151	8.082989  0.000e+00
    11.0126   3.420740     	8.061	7.993742  0.000e+00
    11.0181   3.421393     	7.972	7.905486  0.000e+00
    11.0163   3.420586     	7.882	7.816239  0.000e+00
    11.0172   3.420428     	7.793	7.727983  0.000e+00
    11.0145   3.419783     	7.659	7.595104  0.000e+00
    11.0173   3.419463     	7.614	7.550480  0.000e+00
    11.0127   3.419629     	7.480	7.417600  0.000e+00
    11.0109   3.418335     	7.390	7.328353  0.000e+00
    11.0081   3.418664     	7.301	7.240097  0.000e+00
    11.0100   3.418344     	7.212	7.151841  0.000e+00
    11.0054   3.417374     	7.122	7.062593  0.000e+00
    11.0063   3.416892     	6.988	6.929713  0.000e+00
    11.0063   3.414300     	6.898	6.840465  0.000e+00
    11.0045   3.413006     	6.809	6.752209  0.000e+00
    10.9990   3.411874     	6.720	6.663953  0.000e+00
    10.9944   3.411229     	6.585	6.530081  0.000e+00
    10.9907   3.410585     	6.496	6.441824  0.000e+00
    10.9880   3.408479     	6.407	6.353568  0.000e+00
    10.9816   3.405400     	6.317	6.264320  0.000e+00
    10.9798   3.405891     	6.272	6.219696  0.000e+00
    10.9706   3.405084     	6.004	5.953935  0.000e+00
    10.9697   3.403466     	5.915	5.865678  0.000e+00
    10.9642   3.403632     	5.825	5.776430  0.000e+00
    10.9651   3.402988     	5.736	5.688173  0.000e+00
    10.9651   3.403154     	5.646	5.598925  0.000e+00
    10.9651   3.402347     	5.557	5.510668  0.000e+00
    10.9642   3.401864     	5.423	5.377787  0.000e+00
    10.9651   3.402842     	5.333	5.288539  0.000e+00
    10.9596   3.400737     	5.244	5.200282  0.000e+00
    10.9597   3.397982     	5.110	5.067400  0.000e+00
    10.9505   3.396039     	5.020	4.978152  0.000e+00
    10.9450   3.392636     	4.931	4.889895  0.000e+00
    10.9367   3.389070     	4.841	4.800646  0.000e+00
    10.9257   3.379177     	4.707	4.667765  0.000e+00
    10.9009   3.375287     	4.618	4.579508  0.000e+00
    10.8687   3.356307     	4.528	4.490259  0.000e+00
    10.8080   3.348848     	4.394	4.357377  0.000e+00
    10.7730   3.343498     	4.305	4.269120  0.000e+00
    10.7519   3.334741     	4.215	4.179871  0.000e+00
    10.7150   3.328093     	4.081	4.046989  0.000e+00
    10.6809   3.314955     	3.992	3.958731  0.000e+00
    10.6339   3.299871     	3.858	3.825849  0.000e+00
    10.5701   3.295333     	3.768	3.736600  0.000e+00
    10.5434   3.288037     	3.679	3.648343  0.000e+00
    10.5175   3.269708     	3.545	3.515460  0.000e+00
    10.4018   3.233860     	3.455	3.426211  0.000e+00
    10.2618   3.205802     	3.321	3.293329  0.000e+00
    10.1550   3.187314     	3.142	3.115822  0.000e+00
    10.0368   3.153904     	3.053	3.027564  0.000e+00
     9.8941   3.109306     	2.963	2.938314  0.000e+00
     9.6182   2.999358     	2.829	2.805432  0.000e+00
     9.2534   2.855551     	2.740	2.717174  0.000e+00
     8.7812   2.787800     	2.650	2.627924  0.000e+00
     8.5424   2.804826     	2.516	2.495041  0.000e+00
     8.5586   2.793969     	2.427	2.406783  0.000e+00
     8.5558   2.804832     	2.337	2.317533  0.000e+00
     8.5805   2.832717     	2.114	2.096392  0.000e+00
     8.6472   2.799003     	2.158	2.140025  0.000e+00
     8.6434   2.755891     	1.980	1.963509  0.000e+00
     8.5386   2.693498     	1.935	1.918884  0.000e+00
     8.3878   2.649748     	1.845	1.829634  0.000e+00
     8.2463   2.539736     	1.756	1.741375  0.000e+00
     8.0343   2.443356     	1.667	1.653117  0.000e+00
     7.8004   2.400926     	1.532	1.519242  0.000e+00
     7.7048   2.381982     	1.488	1.475608  0.000e+00
     7.6700   2.354292     	1.354	1.342725  0.000e+00
     7.6865   2.328709     	1.264	1.253474  0.000e+00
     7.7261   2.317377     	1.175	1.165216  0.000e+00
     7.7647   2.297301     	1.085	1.075965  0.000e+00
     7.8100   2.295037     	1.041	1.032332  0.000e+00
     7.8168   2.296983     	1.041	1.032332  0.000e+00
     7.8110   2.313340     	1.041	1.032332  0.000e+00
     7.7898   2.308971     	1.041	1.032332  0.000e+00
     7.8053   2.280314     	1.041	1.032332  0.000e+00
     7.8650   2.275621     	1.041	1.032332  0.000e+00
     7.8872   2.270767     	1.041	1.032332  0.000e+00
     7.9103   2.256198     	1.041	1.032332  0.000e+00
     7.9353   2.258143     	1.041	1.032332  0.000e+00
     7.9401   2.263489     	1.041	1.032332  0.000e+00
     7.9305   2.261387     	1.041	1.032332  0.000e+00
     7.9305   2.261228     	1.041	1.032332  0.000e+00
     7.9392   2.252326     	1.041	1.032332  0.000e+00
     7.9556   2.251843     	1.041	1.032332  0.000e+00
     7.9575   2.250875     	1.041	1.032332  0.000e+00
     7.9585   2.250822     	1.041	1.032332  0.000e+00
     7.9594   2.250766     	1.085	1.075965  0.000e+00
     7.9604   2.250709     	1.085	1.075965  0.000e+00
     7.9575   2.248925     	1.041	1.032332  0.000e+00
     7.9632   2.247951     	1.041	1.032332  0.000e+00
     7.9613   2.247300     	1.041	1.032332  0.000e+00
     7.9680   2.246650     	1.041	1.032332  0.000e+00
     7.9671   2.247456     	1.041	1.032332  0.000e+00
     7.9622   2.251986     	1.041	1.032332  0.000e+00
     7.9526   2.251497     	1.041	1.032332  0.000e+00
     7.9497   2.250685     	1.041	1.032332  0.000e+00
     7.9545   2.248415     	1.041	1.032332  0.000e+00
     7.9584   2.247765     	1.041	1.032332  0.000e+00
     7.9584   2.247923     	1.041	1.032332  0.000e+00
     7.9603   2.248568     	1.041	1.032332  0.000e+00
     7.9564   2.252774     	0.996	0.987707  0.000e+00
     7.9410   2.252771     	1.041	1.032332  0.000e+00
     7.9429   2.250987     	1.041	1.032332  0.000e+00
     7.9487   2.248394     	1.041	1.032332  0.000e+00
     7.9525   2.247581     	1.041	1.032332  0.000e+00
     7.9593   2.247254     	1.041	1.032332  0.000e+00
     7.9631   2.247089     	1.041	1.032332  0.000e+00
     7.9631   2.247086     	1.041	1.032332  0.000e+00
     7.9612   2.247569     	1.041	1.032332  0.000e+00
     7.9621   2.248213     	1.041	1.032332  0.000e+00
     7.9583   2.248210     	1.041	1.032332  0.000e+00
     7.9496   2.252417     	1.041	1.032332  0.000e+00
     7.9457   2.248043     	1.175	1.165216  0.000e+00
     7.9428   2.253544     	1.264	1.253474  0.000e+00
     7.9207   2.273455     	1.354	1.342725  0.000e+00
     7.8619   2.272481     	1.488	1.475608  0.000e+00
     7.8581   2.281059     	1.577	1.563867  0.000e+00
     7.8320   2.313115     	1.667	1.653117  0.000e+00
     7.7346   2.330762     	1.801	1.786000  0.000e+00
     7.6709   2.326226     	1.935	1.918884  0.000e+00
     7.6593   2.340472     	2.069	2.051767  0.000e+00
     7.6293   2.352290     	2.158	2.140025  0.000e+00
     7.6167   2.371072     	2.248	2.229275  0.000e+00
     7.6099   2.388721     	2.427	2.406783  0.000e+00
     7.6205   2.430502     	2.516	2.495041  0.000e+00
     7.6466   2.497557     	2.606	2.584291  0.000e+00
     7.6843   2.572884     	2.784	2.760807  0.000e+00
     7.7722   2.590216     	2.919	2.894681  0.000e+00
     7.8560   2.676739     	3.053	3.027564  0.000e+00
     8.0974   2.803961     	3.187	3.160446  0.000e+00
     8.4382   2.945806     	3.410	3.381586  0.000e+00
     8.9101   3.048927     	3.545	3.515460  0.000e+00
     9.3474   3.098221     	3.679	3.648343  0.000e+00
     9.5682   3.119623     	3.813	3.781225  0.000e+00
     9.7051   3.136972     	3.947	3.914107  0.000e+00
     9.8005   3.151889     	4.081	4.046989  0.000e+00
     9.8846   3.170213     	4.215	4.179871  0.000e+00
     9.9956   3.203785     	4.349	4.312753  0.000e+00
    10.1064   3.215459     	4.439	4.402001  0.000e+00
    10.1808   3.236704     	4.618	4.579508  0.000e+00
    10.3089   3.269631     	4.752	4.712389  0.000e+00
    10.4303   3.281468     	4.841	4.800646  0.000e+00
    10.4978   3.304501     	4.975	4.933528  0.000e+00
    10.5958   3.329481     	5.110	5.067400  0.000e+00
    10.6954   3.349756     	5.244	5.200282  0.000e+00
    10.7774   3.359486     	5.378	5.333163  0.000e+00
    10.8289   3.368730     	5.467	5.421420  0.000e+00
    10.8657   3.349903     	5.602	5.555292  0.000e+00
    10.8427   3.374724     	5.691	5.643549  0.000e+00
    10.8832   3.357195     	5.825	5.776430  0.000e+00
    10.8491   3.385100     	5.959	5.909311  0.000e+00
    10.8970   3.389800     	6.138	6.086815  0.000e+00
    10.9172   3.387686     	6.317	6.264320  0.000e+00
    10.9254   3.392874     	6.407	6.353568  0.000e+00
    10.9328   3.393680     	6.541	6.486448  0.000e+00
    10.9355   3.395136     	6.675	6.619329  0.000e+00
    10.9392   3.394807     	6.764	6.707585  0.000e+00
    10.9401   3.398697     	6.898	6.840465  0.000e+00
    10.9538   3.401613     	7.033	6.974337  0.000e+00
    10.9603   3.395280     	7.122	7.062593  0.000e+00
    10.9566   3.405823     	7.256	7.195473  0.000e+00
    10.9740   3.408576     	7.390	7.328353  0.000e+00
    10.9813   3.409708     	7.480	7.417600  0.000e+00
    10.9841   3.411163     	7.614	7.550480  0.000e+00
    10.9887   3.412132     	7.748	7.683360  0.000e+00
    10.9914   3.413264     	7.882	7.816239  0.000e+00
    10.9932   3.414233     	7.972	7.905486  0.000e+00
    10.9960   3.414228     	8.106	8.038366  0.000e+00
    10.9960   3.415359     	8.195	8.126622  0.000e+00
    10.9969   3.415355     	8.330	8.260492  0.000e+00
    11.0014   3.415188     	8.464	8.393372  0.000e+00
    11.0014   3.415346     	8.553	8.481627  0.000e+00
    11.0014   3.415341     	8.687	8.614506  0.000e+00
    11.0023   3.415661     	8.822	8.748377  0.000e+00
    11.0005   3.416955     	8.911	8.836632  0.000e+00
    11.0041   3.417924     	9.135	9.058758  0.000e+00
    11.0096   3.418406     	9.269	9.191636  0.000e+00
    11.0096   3.419375     	9.358	9.279891  0.000e+00
    11.0096   3.419208     	9.537	9.457393  0.000e+00
    11.0087   3.419204     	9.627	9.546640  0.000e+00
    11.0133   3.419037     	9.761	9.679518  0.000e+00
    11.0132   3.420168     	9.895	9.812396  0.000e+00
    11.0132   3.420650     	10.029	9.945274  0.000e+00
    11.0160   3.421295     	10.163	10.078152  0.000e+00
    11.0187   3.422101     	10.298	10.212022  0.000e+00
    11.0196   3.423233     	10.387	10.300277  0.000e+00
