tests/resources/orca-test-data/SBE19/CAST0002/CAST0002_pd_mod.cnv
* Sea-Bird SBE 19 Data File:
* FileName =
* Software Version 4.234
* Temperature SN = 2835
* Conductivity SN = 2835
* System UpLoad Time = Wed Jan 19 11:48:56 2005

** Ship: ORCA
** Cruise: Mooring
** Station: Carr Inlet
** Latitude: 47 16.67 N
** Longitude: 122 43.39 W
# nquan = 5
# nvalues = 911                                   
# units = specified
# name 0 = t090C: Temperature [ITS-90, deg C]
# name 1 = c0S/m: Conductivity [S/m]
# name 2 = prSM: Pressure, Strain Gauge [db]
# name 3 = depSM: Depth [salt water, m], lat = 47.28
# name 4 = flag:  0.000e+00
# span 0 =     7.6099,    11.0981                 
# span 1 =   2.246650,   3.473804                 
# span 2 =      0.996,     29.672                 
# span 3 =      0.988,     29.422                 
# span 4 = 0.0000e+00, 0.0000e+00                 
# interval = seconds: 0.5
# start_time = Aug 16 2022 15:34:17 [DatCnv date, localtime]
# bad_flag = -9.990e-29
*END*
[from data line 586]
    11.0269   3.424197     	11.655	11.557654  0.000e+00
    11.0333   3.425328     	11.790	11.691523  0.000e+00
    11.0343   3.425973     	11.924	11.824400  0.000e+00
    11.0361   3.426779     	12.013	11.912654  0.000e+00
    11.0388   3.427099     	12.103	12.001900  0.000e+00
    11.0379   3.428068     	12.237	12.134776  0.000e+00
    11.0406   3.427902     	12.371	12.267653  0.000e+00
    11.0415   3.428059     	12.505	12.400529  0.000e+00
    11.0415   3.428055     	13.639	13.525018  0.000e+00
    11.0388   3.428212     	13.729	13.614263  0.000e+00
    11.0397   3.427883     	13.908	13.791761  0.000e+00
    11.0387   3.427879     	14.042	13.924637  0.000e+00
    11.0378   3.428199     	14.176	14.057512  0.000e+00
    11.0396   3.428194     	14.266	14.146757  0.000e+00
    11.0405   3.428676     	14.355	14.235010  0.000e+00
    11.0405   3.428996     	14.489	14.367885  0.000e+00
    11.0405   3.428829     	15.579	15.448733  0.000e+00
    11.0414   3.429798     	15.713	15.581607  0.000e+00
    11.0442   3.430662     	15.847	15.714482  0.000e+00
    11.0469   3.431527     	15.981	15.847356  0.000e+00
    11.0497   3.432392     	16.071	15.936600  0.000e+00
    11.0543   3.432394     	16.160	16.024852  0.000e+00
    11.0497   3.433206     	16.294	16.157726  0.000e+00
    11.0524   3.432883     	16.384	16.246970  0.000e+00
    11.0525   3.433209     	15.518	15.388245  0.000e+00
    11.0543   3.433210     	15.608	15.477489  0.000e+00
    11.0516   3.433373     	15.697	15.565742  0.000e+00
    11.0561   3.434673     	15.831	15.698616  0.000e+00
    11.0543   3.435161     	14.921	14.796259  0.000e+00
    11.0562   3.435162     	14.010	13.892905  0.000e+00
    11.0562   3.434838     	14.100	13.982150  0.000e+00
    11.0562   3.435813     	14.234	14.115026  0.000e+00
    11.0516   3.436788     	13.323	13.211669  0.000e+00
    11.0516   3.436952     	13.457	13.344545  0.000e+00
    11.0489   3.437115     	13.547	13.433790  0.000e+00
    11.0516   3.436305     	13.636	13.522044  0.000e+00
    11.0461   3.437604     	12.815	12.707930  0.000e+00
    11.0471   3.436957     	12.950	12.841798  0.000e+00
    11.0452   3.437282     	12.039	11.938436  0.000e+00
    11.0462   3.436959     	12.129	12.027682  0.000e+00
    11.0471   3.436960     	11.263	11.168939  0.000e+00
    11.0434   3.437611     	11.352	11.257193  0.000e+00
    11.0453   3.437450     	11.486	11.390071  0.000e+00
    11.0453   3.437451     	11.621	11.523939  0.000e+00
    11.0462   3.437452     	10.755	10.665195  0.000e+00
    11.0462   3.437291     	10.844	10.753449  0.000e+00
    11.0444   3.437779     	10.978	10.886327  0.000e+00
    11.0453   3.437780     	11.068	10.975573  0.000e+00
    11.0462   3.437619     	11.202	11.108450  0.000e+00
    11.0462   3.438107     	11.292	11.197696  0.000e+00
    11.0462   3.438433     	11.426	11.330573  0.000e+00
    11.0481   3.438596     	11.560	11.463451  0.000e+00
    11.0435   3.438760     	12.694	12.587945  0.000e+00
    11.0490   3.438599     	12.784	12.677190  0.000e+00
    11.0472   3.439574     	12.918	12.810066  0.000e+00
    11.0472   3.438764     	13.007	12.898320  0.000e+00
    11.0472   3.439252     	13.142	13.032188  0.000e+00
    11.0481   3.439091     	13.276	13.165064  0.000e+00
    11.0463   3.440228     	13.365	13.253317  0.000e+00
    11.0472   3.440391     	13.455	13.342562  0.000e+00
    11.0472   3.440230     	14.679	14.556290  0.000e+00
    11.0472   3.440394     	14.813	14.689165  0.000e+00
    11.0463   3.440882     	14.902	14.777418  0.000e+00
    11.0473   3.440883     	14.992	14.866662  0.000e+00
    11.0454   3.440722     	15.126	14.999537  0.000e+00
    11.0491   3.440399     	15.215	15.087790  0.000e+00
    11.0464   3.440562     	15.305	15.177034  0.000e+00
    11.0482   3.441212     	15.484	15.354531  0.000e+00
    11.0473   3.441051     	16.573	16.434382  0.000e+00
    11.0491   3.441864     	16.663	16.523625  0.000e+00
    11.0464   3.441541     	16.797	16.656499  0.000e+00
    11.0492   3.442029     	16.887	16.745743  0.000e+00
    11.0473   3.442192     	17.021	16.878616  0.000e+00
    11.0501   3.442031     	17.110	16.966868  0.000e+00
    11.0492   3.442032     	18.244	18.091332  0.000e+00
    11.0519   3.442196     	18.379	18.225196  0.000e+00
    11.0501   3.442035     	18.468	18.313448  0.000e+00
    11.0492   3.442360     	18.558	18.402690  0.000e+00
    11.0492   3.442524     	18.692	18.535563  0.000e+00
    11.0520   3.442687     	18.826	18.668435  0.000e+00
    11.0501   3.442689     	19.916	19.749260  0.000e+00
    11.0520   3.443014     	20.005	19.837511  0.000e+00
    11.0483   3.442691     	20.139	19.970383  0.000e+00
    11.0520   3.442855     	20.229	20.059625  0.000e+00
    11.0493   3.443667     	20.318	20.147875  0.000e+00
    11.0511   3.443506     	20.497	20.325367  0.000e+00
    11.0520   3.443832     	20.676	20.502860  0.000e+00
    11.0520   3.444807     	20.721	20.547481  0.000e+00
    11.0502   3.444646     	20.811	20.636722  0.000e+00
    11.0520   3.444647     	20.945	20.769594  0.000e+00
    11.0521   3.445297     	21.034	20.857844  0.000e+00
    11.0539   3.447895     	21.124	20.947085  0.000e+00
    11.0493   3.445787     	21.258	21.079956  0.000e+00
    11.0530   3.446112     	21.347	21.168206  0.000e+00
    11.0548   3.447574     	21.437	21.257448  0.000e+00
    11.0548   3.447088     	21.571	21.390318  0.000e+00
    11.0567   3.447576     	21.705	21.523189  0.000e+00
    11.0558   3.448389     	21.795	21.612430  0.000e+00
    11.0585   3.448552     	21.929	21.745301  0.000e+00
    11.0576   3.449203     	21.974	21.789922  0.000e+00
    11.0604   3.449042     	22.108	21.922792  0.000e+00
    11.0586   3.448881     	22.198	22.012033  0.000e+00
    11.0576   3.450180     	22.287	22.100283  0.000e+00
    11.0650   3.450343     	22.421	22.233153  0.000e+00
    11.0622   3.450345     	22.511	22.322394  0.000e+00
    11.0650   3.450833     	22.600	22.410643  0.000e+00
    11.0641   3.450509     	22.690	22.499884  0.000e+00
    11.0669   3.451322     	22.824	22.632754  0.000e+00
    11.0641   3.451810     	22.914	22.721995  0.000e+00
    11.0678   3.452136     	23.048	22.854865  0.000e+00
    11.0669   3.452137     	23.137	22.943114  0.000e+00
    11.0687   3.453112     	23.227	23.032355  0.000e+00
    11.0669   3.452789     	23.406	23.209845  0.000e+00
    11.0687   3.452627     	23.540	23.342714  0.000e+00
    11.0697   3.452791     	23.674	23.475584  0.000e+00
    11.0706   3.453117     	23.764	23.564824  0.000e+00
    11.0733   3.453442     	23.853	23.653073  0.000e+00
    11.0706   3.453119     	23.988	23.786934  0.000e+00
    11.0706   3.453283     	24.077	23.875183  0.000e+00
    11.0706   3.453933     	24.211	24.008052  0.000e+00
    11.0697   3.454746     	24.301	24.097292  0.000e+00
    11.0697   3.455071     	24.390	24.185541  0.000e+00
    11.0679   3.454424     	24.525	24.319401  0.000e+00
    11.0688   3.455236     	24.659	24.452270  0.000e+00
    11.0679   3.455400     	24.748	24.540518  0.000e+00
    11.0688   3.455725     	24.883	24.674378  0.000e+00
    11.0679   3.455889     	24.972	24.762627  0.000e+00
    11.0707   3.455728     	25.062	24.851867  0.000e+00
    11.0661   3.455891     	25.196	24.984735  0.000e+00
    11.0716   3.456055     	25.330	25.117603  0.000e+00
    11.0698   3.455894     	25.420	25.206843  0.000e+00
    11.0716   3.456057     	25.509	25.295092  0.000e+00
    11.0680   3.456059     	25.643	25.427960  0.000e+00
    11.0689   3.456384     	25.733	25.517199  0.000e+00
    11.0698   3.456223     	25.822	25.605447  0.000e+00
    11.0698   3.456062     	25.957	25.739307  0.000e+00
    11.0689   3.456388     	26.046	25.827555  0.000e+00
    11.0680   3.456714     	26.270	26.049662  0.000e+00
    11.0705   3.456768     	26.360	26.138901  0.000e+00
    11.0729   3.456822     	26.494	26.271769  0.000e+00
    11.0753   3.456874     	26.583	26.360017  0.000e+00
    11.0735   3.456386     	26.673	26.449256  0.000e+00
    11.0698   3.456709     	26.762	26.537504  0.000e+00
    11.0680   3.457519     	26.852	26.626743  0.000e+00
    11.0689   3.457193     	26.941	26.714990  0.000e+00
    11.0661   3.457353     	27.031	26.804230  0.000e+00
    11.0661   3.457352     	27.165	26.937097  0.000e+00
    11.0680   3.456701     	27.255	27.026336  0.000e+00
    11.0643   3.457187     	27.344	27.114583  0.000e+00
    11.0652   3.457185     	27.478	27.247450  0.000e+00
    11.0670   3.457670     	27.523	27.292069  0.000e+00
    11.0670   3.457507     	27.657	27.424936  0.000e+00
    11.0634   3.457343     	27.792	27.558794  0.000e+00
    11.0652   3.457503     	27.881	27.647042  0.000e+00
    11.0606   3.457664     	27.971	27.736280  0.000e+00
    11.0597   3.457987     	28.105	27.869147  0.000e+00
    11.0615   3.458473     	28.195	27.958385  0.000e+00
    11.0606   3.458633     	28.284	28.046633  0.000e+00
    11.0615   3.459119     	28.374	28.135871  0.000e+00
    11.0624   3.457981     	28.508	28.268737  0.000e+00
    11.0624   3.458629     	28.597	28.356984  0.000e+00
    11.0615   3.458952     	28.687	28.446223  0.000e+00
    11.0615   3.458788     	28.821	28.579089  0.000e+00
    11.0605   3.458949     	28.911	28.668327  0.000e+00
    11.0569   3.459434     	29.045	28.801193  0.000e+00
    11.0624   3.459595     	29.179	28.934059  0.000e+00
    11.0605   3.459431     	29.313	29.066924  0.000e+00
    11.0605   3.460078     	29.358	29.111543  0.000e+00
    11.0587   3.460077     	29.493	29.245400  0.000e+00
    11.0642   3.459589     	29.582	29.333647  0.000e+00
    11.0642   3.459587     	29.582	29.333647  0.000e+00
    11.0660   3.459423     	29.627	29.378266  0.000e+00
    11.0614   3.458448     	29.627	29.378266  0.000e+00
    11.0678   3.458933     	29.627	29.378266  0.000e+00
    11.0660   3.459094     	29.627	29.378266  0.000e+00
    11.0669   3.459904     	29.627	29.378266  0.000e+00
    11.0632   3.459415     	29.627	29.378266  0.000e+00
    11.0641   3.459089     	29.627	29.378266  0.000e+00
    11.0650   3.459250     	29.627	29.378266  0.000e+00
    11.0659   3.459573     	29.627	29.378266  0.000e+00
    11.0604   3.458111     	29.627	29.378266  0.000e+00
    11.0687   3.460543     	29.627	29.378266  0.000e+00
    11.0568   3.459731     	29.627	29.378266  0.000e+00
    11.0632   3.460378     	29.627	29.378266  0.000e+00
    11.0586   3.460863     	29.672	29.422885  0.000e+00
    11.0604   3.461348     	29.627	29.378266  0.000e+00
    11.0604   3.460698     	29.627	29.378266  0.000e+00
    11.0622   3.460209     	29.627	29.378266  0.000e+00
    11.0567   3.459883     	29.627	29.378266  0.000e+00
    11.0595   3.459882     	29.627	29.378266  0.000e+00
    11.0586   3.459880     	29.627	29.378266  0.000e+00
    11.0613   3.459554     	29.627	29.378266  0.000e+00
    11.0595   3.460364     	29.627	29.378266  0.000e+00
    11.0659   3.460362     	29.627	29.378266  0.000e+00
    11.0622   3.458413     	29.627	29.378266  0.000e+00
    11.0686   3.458574     	29.627	29.378266  0.000e+00
    11.0659   3.459222     	29.627	29.378266  0.000e+00
    11.0631   3.460031     	29.627	29.378266  0.000e+00
    11.0603   3.459381     	29.627	29.378266  0.000e+00
    11.0622   3.459217     	29.627	29.378266  0.000e+00
    11.0631   3.459540     	29.627	29.378266  0.000e+00
    11.0622   3.459701     	29.627	29.378266  0.000e+00
    11.0612   3.461160     	29.627	29.378266  0.000e+00
    11.0594   3.459860     	29.627	29.378266  0.000e+00
    11.0585   3.459371     	29.627	29.378266  0.000e+00
    11.0585   3.460019     	29.627	29.378266  0.000e+00
    11.0612   3.460180     	29.627	29.378266  0.000e+00
    11.0603   3.459691     	29.627	29.378266  0.000e+00
    11.0612   3.459203     	29.627	29.378266  0.000e+00
    11.0658   3.459201     	29.627	29.378266  0.000e+00
    11.0630   3.473804     	29.627	29.378266  0.000e+00
    11.0493   3.456277     	29.582	29.333647  0.000e+00
    11.0557   3.460170     	29.493	29.245400  0.000e+00
    11.0566   3.460006     	29.403	29.156162  0.000e+00
    11.0584   3.459031     	29.313	29.066924  0.000e+00
    11.0584   3.459030     	29.269	29.023297  0.000e+00
    11.0593   3.459028     	29.134	28.889439  0.000e+00
    11.0602   3.459189     	29.000	28.756574  0.000e+00
    11.0630   3.459025     	28.911	28.668327  0.000e+00
    11.0648   3.458861     	28.821	28.579089  0.000e+00
    11.0611   3.459184     	28.732	28.490842  0.000e+00
    11.0593   3.458533     	28.597	28.356984  0.000e+00
    11.0611   3.458856     	28.553	28.313357  0.000e+00
    11.0611   3.458854     	28.463	28.224118  0.000e+00
    11.0611   3.458366     	28.374	28.135871  0.000e+00
    11.0602   3.458851     	28.284	28.046633  0.000e+00
    11.0602   3.458201     	28.195	27.958385  0.000e+00
    11.0620   3.458523     	28.105	27.869147  0.000e+00
    11.0611   3.458846     	28.060	27.824528  0.000e+00
    11.0620   3.458196     	27.971	27.736280  0.000e+00
    11.0592   3.458194     	27.881	27.647042  0.000e+00
    11.0620   3.458355     	27.792	27.558794  0.000e+00
    11.0620   3.458191     	27.657	27.424936  0.000e+00
    11.0629   3.457703     	27.613	27.381308  0.000e+00
    11.0601   3.456890     	27.523	27.292069  0.000e+00
    11.0656   3.457537     	27.434	27.203822  0.000e+00
    11.0647   3.457860     	27.344	27.114583  0.000e+00
    11.0638   3.457696     	27.255	27.026336  0.000e+00
    11.0638   3.457370     	27.165	26.937097  0.000e+00
    11.0638   3.458018     	27.076	26.848849  0.000e+00
    11.0638   3.457691     	27.031	26.804230  0.000e+00
    11.0638   3.457528     	26.897	26.671362  0.000e+00
    11.0638   3.458013     	25.807	25.590574  0.000e+00
    11.0619   3.458660     	25.718	25.502326  0.000e+00
    11.0619   3.458821     	25.628	25.413086  0.000e+00
    11.0610   3.457197     	25.583	25.368466  0.000e+00
    11.0647   3.456870     	24.494	24.288663  0.000e+00
    11.0656   3.456544     	24.404	24.199423  0.000e+00
    11.0683   3.456380     	24.315	24.111174  0.000e+00
    11.0701   3.455730     	24.180	23.977313  0.000e+00
    11.0720   3.455890     	23.046	22.852882  0.000e+00
    11.0674   3.456376     	23.001	22.808261  0.000e+00
    11.0665   3.456374     	22.867	22.675392  0.000e+00
    11.0683   3.456859     	22.822	22.630771  0.000e+00
    11.0646   3.456695     	21.688	21.506332  0.000e+00
    11.0674   3.456207     	21.599	21.418083  0.000e+00
    11.0683   3.455881     	21.509	21.328841  0.000e+00
    11.0683   3.456366     	21.420	21.240591  0.000e+00
    11.0692   3.456365     	22.330	22.142920  0.000e+00
    11.0701   3.456365     	22.241	22.054671  0.000e+00
    11.0710   3.456364     	22.151	21.965429  0.000e+00
    11.0719   3.456040     	22.062	21.877180  0.000e+00
    11.0701   3.456364     	22.972	22.779506  0.000e+00
    11.0683   3.456202     	23.838	23.638200  0.000e+00
    11.0683   3.455715     	23.793	23.593579  0.000e+00
    11.0710   3.454904     	23.659	23.460710  0.000e+00
    11.0710   3.455877     	24.569	24.363030  0.000e+00
    11.0701   3.455391     	24.480	24.274781  0.000e+00
    11.0673   3.454741     	24.390	24.185541  0.000e+00
    11.0683   3.454255     	24.301	24.097292  0.000e+00
    11.0701   3.454417     	24.211	24.008052  0.000e+00
    11.0692   3.455066     	25.122	24.911360  0.000e+00
    11.0692   3.454092     	25.032	24.822120  0.000e+00
    11.0701   3.454092     	24.943	24.733872  0.000e+00
    11.0683   3.454579     	24.853	24.644632  0.000e+00
    11.0692   3.454417     	25.764	25.547937  0.000e+00
    11.0701   3.453281     	25.674	25.458698  0.000e+00
    11.0701   3.453443     	25.585	25.370450  0.000e+00
    11.0683   3.453281     	25.495	25.281210  0.000e+00
    11.0683   3.454417     	26.406	26.184513  0.000e+00
    11.0673   3.453281     	26.227	26.007025  0.000e+00
    11.0747   3.452632     	26.137	25.917786  0.000e+00
    11.0673   3.453443     	26.048	25.829538  0.000e+00
    11.0692   3.452632     	24.958	24.748745  0.000e+00
    11.0692   3.453281     	24.824	24.615877  0.000e+00
