tests/resources/orca-test-data/SBE19/CAST0002/CAST0002_pd_mod.cnv
* Sea-Bird SBE 19 Data File:
* FileName =
* Software Version 4.234
* Temperature SN = 2835
* Conductivity SN = 2835
* System UpLoad Time = Wed Jan 19 11:48:56 2005

** Ship: ORCA
** Cruise: Mooring
** Station: Carr Inlet
** Latitude: 47 16.67 N
** Longitude: 122 43.39 W
# nquan = 5
# nvalues = 911                                   
# units = specified
# name 0 = t090C: Temperature [ITS-90, deg C]
# name 1 = c0S/m: Conductivity [S/m]
# name 2 = prSM: Pressure, Strain Gauge [db]
# name 3 = depSM: Depth [salt water, m], lat = 47.28
# name 4 = flag:  0.000e+00
# span 0 =     7.6099,    11.0981                 
# span 1 =   2.246650,   3.473804                 
# span 2 =      0.996,     29.672                 
# span 3 =      0.988,     29.422                 
# span 4 = 0.0000e+00, 0.0000e+00                 
# interval = seconds: 0.5
# start_time = Aug 16 2022 15:34:17 [DatCnv date, localtime]
# bad_flag = -9.990e-29
*END*
    11.0560   3.445353     3.887	3.854607  0.000e+00
    11.0597   3.444866     3.931	3.898240  0.000e+00
    11.0679   3.444379     3.887	3.854607  0.000e+00
    11.0661   3.445028     3.931	3.898240  0.000e+00
    11.0618   3.445082     3.931	3.898240  0.000e+00
    11.0575   3.445145     3.931	3.898240  0.000e+00
    11.0532   3.445218     3.976	3.942865  0.000e+00
    11.0606   3.445069     3.887	3.854607  0.000e+00
    11.0642   3.445083     3.931	3.898240  0.000e+00
    11.0652   3.445096     3.887	3.854607  0.000e+00
    11.0642   3.444948     2.931	2.906581  0.000e+00
    11.0652   3.445286     2.931	2.906581  0.000e+00
    11.0642   3.445137     2.931	2.906581  0.000e+00
    11.0642   3.445151     2.931	2.906581  0.000e+00
    11.0633   3.445327     2.931	2.906581  0.000e+00
    11.0652   3.444205     2.931	2.906581  0.000e+00
    11.0652   3.444705     2.931	2.906581  0.000e+00
    11.0652   3.444719     2.931	2.906581  0.000e+00
    11.0652   3.445219     2.887	2.862948  0.000e+00
    11.0661   3.444908     2.931	2.906581  0.000e+00
    11.0633   3.445571     1.931	1.914917  0.000e+00
    11.0652   3.446396     1.931	1.914917  0.000e+00
    11.0606   3.445436     1.887	1.871284  0.000e+00
    11.0652   3.444801     1.931	1.914917  0.000e+00
    11.0642   3.445301     1.931	1.914917  0.000e+00
    11.0633   3.446288     1.931	1.914917  0.000e+00
    11.0606   3.445328     1.887	1.871284  0.000e+00
    11.0633   3.446478     1.931	1.914917  0.000e+00
    11.0615   3.446816     1.931	1.914917  0.000e+00
    11.0587   3.446992     1.887	1.871284  0.000e+00
    11.0606   3.445383     0.931	0.923248  0.000e+00
    11.0624   3.446857     0.887	0.879615  0.000e+00
    11.0578   3.446059     0.931	0.923248  0.000e+00
    11.0606   3.445748     0.931	0.923248  0.000e+00
    11.0606   3.445600     0.931	0.923248  0.000e+00
    11.0578   3.445938     0.887	0.879615  0.000e+00
    11.0587   3.446438     0.887	0.879615  0.000e+00
    11.0606   3.445965     0.887	0.879615  0.000e+00
    11.0661   3.445330     0.931	0.923248  0.000e+00
    11.0670   3.444695     0.887	0.879615  0.000e+00
    11.0651   3.445520     -0.931	-0.923252  0.000e+00
    11.0633   3.445695     -0.931	-0.923252  0.000e+00
    11.0615   3.445709     -0.887	-0.879618  0.000e+00
    11.0624   3.445723     -0.931	-0.923252  0.000e+00
    11.0615   3.446710     -0.931	-0.923252  0.000e+00
    11.0606   3.446399     -0.887	-0.879618  0.000e+00
    11.0615   3.446737     -0.931	-0.923252  0.000e+00
    11.0615   3.447075     -0.887	-0.879618  0.000e+00
    11.0615   3.447089     -0.887	-0.879618  0.000e+00
    11.0587   3.446616     -0.931	-0.923252  0.000e+00
    11.0578   3.447278     0.887	0.879615  0.000e+00
    11.0578   3.446157     0.887	0.879615  0.000e+00
    11.0596   3.446332     0.887	0.879615  0.000e+00
    11.0615   3.446022     0.887	0.879615  0.000e+00
    11.0651   3.445386     0.887	0.879615  0.000e+00
    11.0661   3.445562     0.887	0.879615  0.000e+00
    11.0660   3.446225     0.887	0.879615  0.000e+00
    11.0660   3.446076     0.931	0.923248  0.000e+00
    11.0624   3.445441     0.931	0.923248  0.000e+00
    11.0633   3.446428     0.887	0.879615  0.000e+00
    11.0596   3.446766     1.931	1.914917  0.000e+00
    11.0605   3.445969     1.887	1.871284  0.000e+00
    11.0605   3.446144     1.887	1.871284  0.000e+00
    11.0615   3.447456     1.887	1.871284  0.000e+00
    11.0587   3.447632     1.887	1.871284  0.000e+00
    11.0560   3.447483     1.887	1.871284  0.000e+00
    11.0550   3.447010     1.887	1.871284  0.000e+00
    11.0596   3.446699     1.887	1.871284  0.000e+00
    11.0587   3.446551     1.887	1.871284  0.000e+00
    11.0569   3.446565     1.887	1.871284  0.000e+00
    11.0615   3.445929     2.887	2.862948  0.000e+00
    11.0642   3.445943     2.887	2.862948  0.000e+00
    11.0633   3.446606     2.931	2.906581  0.000e+00
    11.0651   3.446457     2.931	2.906581  0.000e+00
    11.0651   3.445822     2.887	2.862948  0.000e+00
    11.0642   3.445835     2.931	2.906581  0.000e+00
    11.0615   3.446498     2.931	2.906581  0.000e+00
    11.0615   3.446187     2.887	2.862948  0.000e+00
    11.0605   3.447174     2.887	2.862948  0.000e+00
    11.0596   3.447512     2.931	2.906581  0.000e+00
    11.0596   3.447851     3.887	3.854607  0.000e+00
    11.0560   3.448027     3.931	3.898240  0.000e+00
    11.0596   3.446580     3.887	3.854607  0.000e+00
    11.0605   3.447567     3.887	3.854607  0.000e+00
    11.0587   3.428598     3.887	3.854607  0.000e+00
    11.0981   3.443376     3.931	3.898240  0.000e+00
    11.0688   3.438847     3.931	3.898240  0.000e+00
    11.0651   3.438860     3.931	3.898240  0.000e+00
    11.0642   3.438549     3.931	3.898240  0.000e+00
    11.0669   3.438401     3.931	3.898240  0.000e+00
    11.0706   3.437928     4.887	4.846262  0.000e+00
    11.0715   3.437455     4.931	4.889895  0.000e+00
    11.0697   3.438928     4.887	4.846262  0.000e+00
    11.0660   3.438455     4.931	4.889895  0.000e+00
    11.0642   3.438631     4.887	4.846262  0.000e+00
    11.0651   3.438969     4.931	4.889895  0.000e+00
    11.0633   3.439470     4.887	4.846262  0.000e+00
    11.0624   3.440132     4.931	4.889895  0.000e+00
    11.0605   3.439822     4.931	4.889895  0.000e+00
    11.0642   3.440484     4.931	4.889895  0.000e+00
    11.0633   3.440173     	5.887	5.837912  0.000e+00
    11.0578   3.439538     	5.887	5.837912  0.000e+00
    11.0605   3.439389     	5.887	5.837912  0.000e+00
    11.0624   3.439241     	5.887	5.837912  0.000e+00
    11.0596   3.439417     	5.931	5.881544  0.000e+00
    11.0614   3.439430     	5.887	5.837912  0.000e+00
    11.0651   3.439768     	5.887	5.837912  0.000e+00
    11.0633   3.439295     	5.887	5.837912  0.000e+00
    11.0669   3.438011     	5.887	5.837912  0.000e+00
    11.0679   3.438836     	5.887	5.837912  0.000e+00
    11.0651   3.438849     	6.931	6.873189  0.000e+00
    11.0633   3.438701     	6.887	6.829557  0.000e+00
    11.0633   3.439850     	6.887	6.829557  0.000e+00
    11.0614   3.440351     	6.887	6.829557  0.000e+00
    11.0587   3.439715     	6.931	6.873189  0.000e+00
    11.0642   3.441027     	6.887	6.829557  0.000e+00
    11.0596   3.441365     	6.887	6.829557  0.000e+00
    11.0596   3.440892     	6.887	6.829557  0.000e+00
    11.0559   3.440743     	6.887	6.829557  0.000e+00
    11.0559   3.440270     	6.887	6.829557  0.000e+00
    11.0587   3.441582     	7.887	7.821197  0.000e+00
    11.0568   3.440784     	7.887	7.821197  0.000e+00
    11.0623   3.440149     	7.887	7.821197  0.000e+00
    11.0651   3.439676     	7.887	7.821197  0.000e+00
    11.0626   3.440059     	7.887	7.821197  0.000e+00
    11.0602   3.440444     	7.931	7.864829  0.000e+00
    11.0578   3.440832     	7.931	7.864829  0.000e+00
    11.0569   3.439538     	7.887	7.821197  0.000e+00
    11.0633   3.441002     	7.887	7.821197  0.000e+00
    11.0615   3.441492     	7.887	7.821197  0.000e+00
    11.0579   3.440035     	8.887	8.812833  0.000e+00
    11.0615   3.440364     	8.887	8.812833  0.000e+00
    11.0579   3.441665     	8.887	8.812833  0.000e+00
    11.0588   3.441831     	8.887	8.812833  0.000e+00
    11.0543   3.441673     	8.887	8.812833  0.000e+00
    11.0579   3.441027     	8.887	8.812833  0.000e+00
    11.0589   3.441031     	8.887	8.812833  0.000e+00
    11.0580   3.440872     	8.887	8.812833  0.000e+00
    11.0562   3.440876     	8.887	8.812833  0.000e+00
    11.0608   3.440717     	8.887	8.812833  0.000e+00
    11.0626   3.440234     	9.887	9.804463  0.000e+00
    11.0617   3.441049     	9.887	9.804463  0.000e+00
    11.0636   3.440890     	9.887	9.804463  0.000e+00
    11.0636   3.440731     	9.931	9.848095  0.000e+00
    11.0608   3.440086     	9.887	9.804463  0.000e+00
    11.0609   3.440252     	9.887	9.804463  0.000e+00
    11.0572   3.440418     	9.887	9.804463  0.000e+00
    11.0581   3.440421     	9.887	9.804463  0.000e+00
    11.0591   3.441074     	9.887	9.804463  0.000e+00
    11.0573   3.441889     	9.887	9.804463  0.000e+00
    11.0591   3.440270     	10.887	10.796089  0.000e+00
    11.0573   3.440923     	10.887	10.796089  0.000e+00
    11.0601   3.441251     	10.887	10.796089  0.000e+00
    11.0592   3.440930     	10.887	10.796089  0.000e+00
    11.0573   3.440933     	10.887	10.796089  0.000e+00
    11.0610   3.441424     	10.887	10.796089  0.000e+00
    11.0555   3.439805     	10.887	10.796089  0.000e+00
    11.0583   3.441431     	10.887	10.796089  0.000e+00
    11.0620   3.440623     	10.887	10.796089  0.000e+00
    11.0629   3.440465     	10.887	10.796089  0.000e+00
    11.0602   3.440631     	11.887	11.787710  0.000e+00
    11.0630   3.440472     	11.887	11.787710  0.000e+00
    11.0602   3.441125     	11.887	11.787710  0.000e+00
    11.0566   3.441128     	11.931	11.831341  0.000e+00
    11.0566   3.440158     	11.931	11.831341  0.000e+00
    11.0603   3.440811     	11.887	11.787710  0.000e+00
    11.0585   3.441301     	11.887	11.787710  0.000e+00
    11.0594   3.442279     	11.887	11.787710  0.000e+00
    11.0548   3.442120     	11.887	11.787710  0.000e+00
    11.0512   3.441961     	11.887	11.787710  0.000e+00
    11.0530   3.441316     	12.931	12.822957  0.000e+00
    11.0567   3.441319     	12.887	12.779326  0.000e+00
    11.0576   3.440674     	12.887	12.779326  0.000e+00
    11.0567   3.440840     	12.887	12.779326  0.000e+00
    11.0604   3.440357     	12.887	12.779326  0.000e+00
    11.0641   3.440036     	12.931	12.822957  0.000e+00
    11.0651   3.441013     	12.931	12.822957  0.000e+00
    11.0596   3.440367     	12.887	12.779326  0.000e+00
    11.0605   3.440046     	12.887	12.779326  0.000e+00
    11.0624   3.440375     	12.887	12.779326  0.000e+00
    11.0596   3.441027     	13.887	13.770938  0.000e+00
    11.0606   3.440382     	13.887	13.770938  0.000e+00
    11.0606   3.440385     	13.887	13.770938  0.000e+00
    11.0588   3.442336     	13.887	13.770938  0.000e+00
    11.0579   3.442178     	13.887	13.770938  0.000e+00
    11.0551   3.442506     	13.887	13.770938  0.000e+00
    11.0515   3.441698     	13.887	13.770938  0.000e+00
    11.0570   3.442026     	13.887	13.770938  0.000e+00
    11.0570   3.441543     	13.887	13.770938  0.000e+00
    11.0543   3.441384     	13.887	13.770938  0.000e+00
    11.0598   3.440901     	14.887	14.762544  0.000e+00
    11.0552   3.441392     	14.887	14.762544  0.000e+00
    11.0580   3.441558     	14.887	14.762544  0.000e+00
    11.0617   3.441399     	14.887	14.762544  0.000e+00
    11.0654   3.440591     	14.887	14.762544  0.000e+00
    11.0663   3.439783     	14.931	14.806175  0.000e+00
    11.0617   3.440598     	14.887	14.762544  0.000e+00
    11.0572   3.440764     	14.887	14.762544  0.000e+00
    11.0599   3.440605     	14.887	14.762544  0.000e+00
    11.0590   3.441583     	14.887	14.762544  0.000e+00
    11.0581   3.442073     	15.887	15.754146  0.000e+00
    11.0563   3.442077     	15.887	15.754146  0.000e+00
    11.0582   3.441431     	15.887	15.754146  0.000e+00
    11.0573   3.442571     	15.887	15.754146  0.000e+00
    11.0609   3.442088     	15.887	15.754146  0.000e+00
    11.0564   3.441118     	15.887	15.754146  0.000e+00
    11.0573   3.441284     	15.887	15.754146  0.000e+00
    11.0564   3.441936     	15.931	15.797776  0.000e+00
    11.0528   3.441940     	15.887	15.754146  0.000e+00
    11.0546   3.441781     	15.887	15.754146  0.000e+00
    11.0610   3.441136     	16.931	16.789373  0.000e+00
    11.0647   3.440166     	16.887	16.745743  0.000e+00
    11.0638   3.441143     	16.887	16.745743  0.000e+00
    11.0620   3.441146     	16.931	16.789373  0.000e+00
    11.0611   3.440988     	16.887	16.745743  0.000e+00
    11.0593   3.441316     	16.887	16.745743  0.000e+00
    11.0593   3.441969     	16.887	16.745743  0.000e+00
    11.0575   3.442622     	16.931	16.789373  0.000e+00
    11.0575   3.442301     	16.887	16.745743  0.000e+00
    11.0548   3.442304     	16.887	16.745743  0.000e+00
    11.0566   3.442632     	17.887	17.737335  0.000e+00
    11.0539   3.441987     	17.931	17.780965  0.000e+00
    11.0530   3.441504     	17.887	17.737335  0.000e+00
    11.0567   3.442319     	17.887	17.737335  0.000e+00
    11.0558   3.441673     	17.887	17.737335  0.000e+00
    11.0558   3.441677     	17.887	17.737335  0.000e+00
    11.0613   3.441680     	17.887	17.737335  0.000e+00
    11.0622   3.440710     	17.887	17.737335  0.000e+00
    11.0613   3.440227     	17.887	17.737335  0.000e+00
    11.0659   3.441529     	17.887	17.737335  0.000e+00
    11.0614   3.441370     	18.931	18.772552  0.000e+00
    11.0614   3.440400     	18.887	18.728922  0.000e+00
    11.0605   3.441540     	18.887	18.728922  0.000e+00
    11.0559   3.442355     	18.887	18.728922  0.000e+00
    11.0578   3.441222     	18.887	18.728922  0.000e+00
    11.0578   3.441875     	18.887	18.728922  0.000e+00
    11.0560   3.443177     	18.887	18.728922  0.000e+00
    11.0569   3.443343     	18.887	18.728922  0.000e+00
    11.0514   3.442211     	18.887	18.728922  0.000e+00
    11.0524   3.442539     	18.887	18.728922  0.000e+00
    11.0551   3.441569     	18.931	18.772552  0.000e+00
    11.0561   3.441897     	18.931	18.772552  0.000e+00
    11.0588   3.441738     	18.887	18.728922  0.000e+00
    11.0598   3.441417     	18.931	18.772552  0.000e+00
    11.0634   3.441418     	18.887	18.728922  0.000e+00
    11.0671   3.441416     	18.931	18.772552  0.000e+00
    11.0708   3.441412     	18.931	18.772552  0.000e+00
    11.0533   3.441894     	18.887	18.728922  0.000e+00
    11.0625   3.441727     	18.887	18.728922  0.000e+00
    11.0597   3.442047     	18.887	18.728922  0.000e+00
    11.0615   3.441880     	18.887	18.728922  0.000e+00
    11.0588   3.441551     	18.887	18.728922  0.000e+00
    11.0578   3.441871     	18.887	18.728922  0.000e+00
    11.0597   3.441704     	18.931	18.772552  0.000e+00
    11.0596   3.441862     	18.931	18.772552  0.000e+00
    11.0596   3.441208     	18.887	18.728922  0.000e+00
    11.0605   3.441366     	18.887	18.728922  0.000e+00
    11.0541   3.443147     	18.931	18.772552  0.000e+00
    11.0568   3.442006     	18.887	18.728922  0.000e+00
    11.0541   3.442002     	18.887	18.728922  0.000e+00
    11.0522   3.441835     	18.887	18.728922  0.000e+00
    11.0577   3.441830     	18.887	18.728922  0.000e+00
    11.0623   3.440527     	18.887	18.728922  0.000e+00
    11.0641   3.441496     	18.887	18.728922  0.000e+00
    11.0632   3.441492     	18.931	18.772552  0.000e+00
    11.0595   3.441812     	18.887	18.728922  0.000e+00
    11.0576   3.441158     	18.887	18.728922  0.000e+00
    11.0558   3.441965     	18.887	18.728922  0.000e+00
    11.0585   3.441636     	18.887	18.728922  0.000e+00
    11.0567   3.441794     	18.887	18.728922  0.000e+00
    11.0576   3.441951     	18.887	18.728922  0.000e+00
    11.0576   3.443083     	18.887	18.728922  0.000e+00
    11.0539   3.442916     	18.887	18.728922  0.000e+00
    11.0520   3.442425     	18.931	18.772552  0.000e+00
    11.0557   3.441771     	18.931	18.772552  0.000e+00
    11.0511   3.441929     	18.887	18.728922  0.000e+00
    11.0538   3.441762     	18.887	18.728922  0.000e+00
    11.0566   3.441919     	18.887	18.728922  0.000e+00
    11.0602   3.440779     	18.887	18.728922  0.000e+00
    11.0620   3.441586     	18.887	18.728922  0.000e+00
    11.0593   3.441581     	18.887	18.728922  0.000e+00
    11.0620   3.441577     	18.887	18.728922  0.000e+00
    11.0602   3.440761     	18.887	18.728922  0.000e+00
    11.0592   3.441567     	18.931	18.772552  0.000e+00
    11.0565   3.441563     	18.887	18.728922  0.000e+00
    11.0601   3.441396     	18.887	18.728922  0.000e+00
    11.0592   3.442365     	18.887	18.728922  0.000e+00
    11.0592   3.458102     	18.931	18.772552  0.000e+00
    11.0463   3.437975     	18.887	18.728922  0.000e+00
    11.0527   3.440891     	18.797	18.639679  0.000e+00
    11.0527   3.441049     	18.708	18.551428  0.000e+00
    11.0564   3.440395     	18.618	18.462186  0.000e+00
