tests/resources/orca-test-data/SBE19/CAST0002/CAST0002_pd_mod_filt.cnv
* Sea-Bird SBE 19 Data File:
* FileName =
* Software Version 4.234
* Temperature SN = 2835
* Conductivity SN = 2835
* System UpLoad Time = Wed Jan 19 11:48:56 2005

** Ship: ORCA
** Cruise: Mooring
** Station: Carr Inlet
** Latitude: 47 16.67 N
** Longitude: 122 43.39 W
# nquan = 5
# nvalues = 911                         
# units = specified
# name 0 = t090C: Temperature [ITS-90, deg C]
# name 1 = c0S/m: Conductivity [S/m]
# name 2 = prSM: Pressure, Strain Gauge [db]
# name 3 = depSM: Depth [salt water, m], lat = 47.28
# name 4 = flag:  0.000e+00
# span 0 =     7.6099,    11.0981       
# span 1 =   2.246650,   3.473804       
# span 2 =     -0.364,     29.627       
# span 3 =     -0.361,      9.297       
# span 4 = 0.0000e+00, 0.0000e+00       
# interval = seconds: 0.5
# start_time = Aug 16 2022 15:34:17 [DatCnv date, localtime]
# bad_flag = -9.990e-29
*END*
[from data line 286]
    11.0592   3.442365     18.783      5.887 0.0000e+00
    11.0592   3.458102     18.751      5.882 0.0000e+00
    11.0463   3.437975     18.709      5.996 0.0000e+00
    11.0527   3.440891     18.657      6.142 0.0000e+00
    11.0527   3.441049     18.595      6.217 0.0000e+00
    11.0564   3.440395     18.526      6.196 0.0000e+00
    11.0527   3.441689     18.452      6.044 0.0000e+00
    11.0509   3.441359     18.372      5.720 0.0000e+00
    11.0518   3.441517     18.289      5.330 0.0000e+00
    11.0527   3.441026     18.201      5.136 0.0000e+00
    11.0526   3.441021     18.111      5.173 0.0000e+00
    11.0517   3.441666     18.018      5.253 0.0000e+00
    11.0508   3.441012     17.925      5.270 0.0000e+00
    11.0517   3.441656     17.830      5.176 0.0000e+00
    11.0517   3.441327     17.734      4.919 0.0000e+00
    11.0517   3.440511     17.635      4.451 0.0000e+00
    11.0526   3.440344     17.535      3.853 0.0000e+00
    11.0525   3.441151     17.436      3.356 0.0000e+00
    11.0516   3.440335     17.338      3.057 0.0000e+00
    11.0516   3.440168     17.242      2.904 0.0000e+00
    11.0516   3.440002     17.146      2.856 0.0000e+00
    11.0497   3.439997     17.051      2.878 0.0000e+00
    11.0516   3.439830     16.956      2.940 0.0000e+00
    11.0506   3.439663     16.860      3.015 0.0000e+00
    11.0497   3.439659     16.763      2.995 0.0000e+00
    11.0506   3.439654     16.668      2.831 0.0000e+00
    11.0497   3.440299     16.574      2.705 0.0000e+00
    11.0487   3.440132     16.481      2.735 0.0000e+00
    11.0496   3.438342     16.387      2.811 0.0000e+00
    11.0505   3.439311     16.293      2.828 0.0000e+00
    11.0487   3.438982     16.198      2.833 0.0000e+00
    11.0487   3.439464     16.103      2.876 0.0000e+00
    11.0505   3.439460     16.007      2.927 0.0000e+00
    11.0514   3.439617     15.911      2.877 0.0000e+00
    11.0514   3.439126     15.815      2.678 0.0000e+00
    11.0459   3.438472     15.721      2.505 0.0000e+00
    11.0495   3.437981     15.627      2.475 0.0000e+00
    11.0504   3.437652     15.533      2.555 0.0000e+00
    11.0495   3.437647     15.440      2.718 0.0000e+00
    11.0495   3.437967     15.347      2.942 0.0000e+00
    11.0504   3.437638     15.253      3.211 0.0000e+00
    11.0495   3.437958     15.158      3.509 0.0000e+00
    11.0485   3.438278     15.064      3.743 0.0000e+00
    11.0504   3.437462     14.969      3.819 0.0000e+00
    11.0503   3.438269     14.875      3.867 0.0000e+00
    11.0512   3.437290     14.779      4.097 0.0000e+00
    11.0466   3.438260     14.681      4.492 0.0000e+00
    11.0485   3.437768     14.585      4.871 0.0000e+00
    11.0466   3.439062     14.491      5.130 0.0000e+00
    11.0475   3.437759     14.398      5.255 0.0000e+00
    11.0484   3.437917     14.308      5.206 0.0000e+00
    11.0493   3.437425     14.219      5.011 0.0000e+00
    11.0493   3.438232     14.131      4.864 0.0000e+00
    11.0475   3.437741     14.043      4.883 0.0000e+00
    11.0475   3.437249     13.955      4.974 0.0000e+00
    11.0484   3.437407     13.866      5.047 0.0000e+00
    11.0483   3.437727     13.777      5.076 0.0000e+00
    11.0465   3.437073     13.688      5.109 0.0000e+00
    11.0483   3.437231     13.599      5.182 0.0000e+00
    11.0501   3.435604     13.511      5.170 0.0000e+00
    11.0520   3.435599     13.423      4.963 0.0000e+00
    11.0547   3.434621     13.334      4.516 0.0000e+00
    11.0556   3.434616     13.245      3.927 0.0000e+00
    11.0556   3.433638     13.155      3.444 0.0000e+00
    11.0537   3.433633     13.065      3.164 0.0000e+00
    11.0546   3.433629     12.975      3.038 0.0000e+00
    11.0528   3.433949     12.884      3.024 0.0000e+00
    11.0546   3.433782     12.793      3.092 0.0000e+00
    11.0528   3.433291     12.701      3.213 0.0000e+00
    11.0537   3.433935     12.609      3.364 0.0000e+00
    11.0518   3.433444     12.515      3.522 0.0000e+00
    11.0546   3.433926     12.421      3.650 0.0000e+00
    11.0509   3.433110     12.325      3.707 0.0000e+00
    11.0509   3.432456     12.227      3.746 0.0000e+00
    11.0499   3.432452     12.129      3.817 0.0000e+00
    11.0508   3.430987     12.029      3.892 0.0000e+00
    11.0481   3.431307     11.928      4.023 0.0000e+00
    11.0462   3.431140     11.825      4.188 0.0000e+00
    11.0468   3.430922     11.723      4.269 0.0000e+00
    11.0474   3.430707     11.623      4.224 0.0000e+00
    11.0481   3.430495     11.521      4.099 0.0000e+00
    11.0536   3.430499     11.419      3.996 0.0000e+00
    11.0462   3.429205     11.317      3.924 0.0000e+00
    11.0444   3.429372     11.217      3.911 0.0000e+00
    11.0463   3.430025     11.118      4.003 0.0000e+00
    11.0435   3.429218     11.019      4.095 0.0000e+00
    11.0454   3.429384     10.919      4.082 0.0000e+00
    11.0472   3.430200     10.819      4.075 0.0000e+00
    11.0454   3.429717     10.719      4.183 0.0000e+00
    11.0472   3.428748     10.619      4.383 0.0000e+00
    11.0472   3.429239     10.519      4.733 0.0000e+00
    11.0445   3.428594     10.419      5.305 0.0000e+00
    11.0454   3.428436     10.319      6.007 0.0000e+00
    11.0454   3.429414     10.219      6.678 0.0000e+00
    11.0418   3.429256     10.120      7.249 0.0000e+00
    11.0436   3.428449     10.021      7.725 0.0000e+00
    11.0427   3.427641      9.921      8.106 0.0000e+00
    11.0409   3.426672      9.821      8.392 0.0000e+00
    11.0381   3.427001      9.719      8.590 0.0000e+00
    11.0372   3.427005      9.617      8.722 0.0000e+00
    11.0363   3.427821      9.514      8.801 0.0000e+00
    11.0354   3.427500      9.410      8.839 0.0000e+00
    11.0364   3.426206      9.306      8.846 0.0000e+00
    11.0336   3.425724      9.202      8.827 0.0000e+00
    11.0327   3.425241      9.097      8.789 0.0000e+00
    11.0309   3.424596      8.990      8.734 0.0000e+00
    11.0318   3.425087      8.884      8.669 0.0000e+00
    11.0318   3.424443      8.779      8.596 0.0000e+00
    11.0282   3.424934      8.675      8.517 0.0000e+00
    11.0282   3.422828      8.572      8.434 0.0000e+00
    11.0263   3.422995      8.470      8.348 0.0000e+00
    11.0199   3.421701      8.370      8.260 0.0000e+00
    11.0227   3.420894      8.271      8.171 0.0000e+00
    11.0190   3.420898      8.172      8.079 0.0000e+00
    11.0126   3.420740      8.074      7.987 0.0000e+00
    11.0181   3.421393      7.976      7.895 0.0000e+00
    11.0163   3.420586      7.879      7.802 0.0000e+00
    11.0172   3.420428      7.782      7.708 0.0000e+00
    11.0145   3.419783      7.684      7.613 0.0000e+00
    11.0173   3.419463      7.587      7.518 0.0000e+00
    11.0127   3.419629      7.489      7.422 0.0000e+00
    11.0109   3.418335      7.392      7.326 0.0000e+00
    11.0081   3.418664      7.294      7.230 0.0000e+00
    11.0100   3.418344      7.196      7.134 0.0000e+00
    11.0054   3.417374      7.097      7.036 0.0000e+00
    11.0063   3.416892      6.996      6.937 0.0000e+00
    11.0063   3.414300      6.896      6.838 0.0000e+00
    11.0045   3.413006      6.796      6.738 0.0000e+00
    10.9990   3.411874      6.694      6.638 0.0000e+00
    10.9944   3.411229      6.592      6.537 0.0000e+00
    10.9907   3.410585      6.490      6.435 0.0000e+00
    10.9880   3.408479      6.387      6.333 0.0000e+00
    10.9816   3.405400      6.283      6.230 0.0000e+00
    10.9798   3.405891      6.176      6.124 0.0000e+00
    10.9706   3.405084      6.066      6.015 0.0000e+00
    10.9697   3.403466      5.958      5.908 0.0000e+00
    10.9642   3.403632      5.852      5.803 0.0000e+00
    10.9651   3.402988      5.748      5.700 0.0000e+00
    10.9651   3.403154      5.645      5.598 0.0000e+00
    10.9651   3.402347      5.541      5.495 0.0000e+00
    10.9642   3.401864      5.438      5.392 0.0000e+00
    10.9651   3.402842      5.334      5.290 0.0000e+00
    10.9596   3.400737      5.231      5.188 0.0000e+00
    10.9597   3.397982      5.128      5.085 0.0000e+00
    10.9505   3.396039      5.025      4.983 0.0000e+00
    10.9450   3.392636      4.922      4.881 0.0000e+00
    10.9367   3.389070      4.819      4.778 0.0000e+00
    10.9257   3.379177      4.715      4.675 0.0000e+00
    10.9009   3.375287      4.610      4.572 0.0000e+00
    10.8687   3.356307      4.506      4.468 0.0000e+00
    10.8080   3.348848      4.400      4.364 0.0000e+00
    10.7730   3.343498      4.295      4.259 0.0000e+00
    10.7519   3.334741      4.188      4.153 0.0000e+00
    10.7150   3.328093      4.081      4.047 0.0000e+00
    10.6809   3.314955      3.973      3.940 0.0000e+00
    10.6339   3.299871      3.864      3.832 0.0000e+00
    10.5701   3.295333      3.756      3.724 0.0000e+00
    10.5434   3.288037      3.646      3.616 0.0000e+00
    10.5175   3.269708      3.535      3.505 0.0000e+00
    10.4018   3.233860      3.423      3.394 0.0000e+00
    10.2618   3.205802      3.309      3.281 0.0000e+00
    10.1550   3.187314      3.195      3.168 0.0000e+00
    10.0368   3.153904      3.083      3.058 0.0000e+00
     9.8941   3.109306      2.973      2.949 0.0000e+00
     9.6182   2.999358      2.865      2.841 0.0000e+00
     9.2534   2.855551      2.758      2.735 0.0000e+00
     8.7812   2.787800      2.652      2.630 0.0000e+00
     8.5424   2.804826      2.547      2.526 0.0000e+00
     8.5586   2.793969      2.443      2.423 0.0000e+00
     8.5558   2.804832      2.340      2.321 0.0000e+00
     8.5805   2.832717      2.240      2.221 0.0000e+00
     8.6472   2.799003      2.143      2.125 0.0000e+00
     8.6434   2.755891      2.049      2.032 0.0000e+00
     8.5386   2.693498      1.957      1.941 0.0000e+00
     8.3878   2.649748      1.867      1.851 0.0000e+00
     8.2463   2.539736      1.779      1.764 0.0000e+00
     8.0343   2.443356      1.692      1.677 0.0000e+00
     7.8004   2.400926      1.607      1.593 0.0000e+00
     7.7048   2.381982      1.525      1.513 0.0000e+00
     7.6700   2.354292      1.448      1.436 0.0000e+00
     7.6865   2.328709      1.376      1.364 0.0000e+00
     7.7261   2.317377      1.310      1.299 0.0000e+00
     7.7647   2.297301      1.254      1.243 0.0000e+00
     7.8100   2.295037      1.207      1.197 0.0000e+00
     7.8168   2.296983      1.170      1.160 0.0000e+00
     7.8110   2.313340      1.142      1.132 0.0000e+00
     7.7898   2.308971      1.119      1.110 0.0000e+00
     7.8053   2.280314      1.102      1.093 0.0000e+00
     7.8650   2.275621      1.089      1.080 0.0000e+00
     7.8872   2.270767      1.078      1.070 0.0000e+00
     7.9103   2.256198      1.071      1.062 0.0000e+00
     7.9353   2.258143      1.065      1.056 0.0000e+00
     7.9401   2.263489      1.060      1.051 0.0000e+00
     7.9305   2.261387      1.057      1.048 0.0000e+00
     7.9305   2.261228      1.054      1.045 0.0000e+00
     7.9392   2.252326      1.053      1.044 0.0000e+00
     7.9556   2.251843      1.052      1.043 0.0000e+00
     7.9575   2.250875      1.052      1.043 0.0000e+00
     7.9585   2.250822      1.053      1.044 0.0000e+00
     7.9594   2.250766      1.053      1.045 0.0000e+00
     7.9604   2.250709      1.053      1.044 0.0000e+00
     7.9575   2.248925      1.051      1.042 0.0000e+00
     7.9632   2.247951      1.049      1.040 0.0000e+00
     7.9613   2.247300      1.047      1.039 0.0000e+00
     7.9680   2.246650      1.046      1.038 0.0000e+00
     7.9671   2.247456      1.046      1.037 0.0000e+00
     7.9622   2.251986      1.045      1.037 0.0000e+00
     7.9526   2.251497      1.045      1.036 0.0000e+00
     7.9497   2.250685      1.045      1.036 0.0000e+00
     7.9545   2.248415      1.045      1.037 0.0000e+00
     7.9584   2.247765      1.046      1.037 0.0000e+00
     7.9584   2.247923      1.047      1.038 0.0000e+00
     7.9603   2.248568      1.048      1.039 0.0000e+00
     7.9564   2.252774      1.051      1.042 0.0000e+00
     7.9410   2.252771      1.055      1.046 0.0000e+00
     7.9429   2.250987      1.061      1.052 0.0000e+00
     7.9487   2.248394      1.069      1.060 0.0000e+00
     7.9525   2.247581      1.078      1.069 0.0000e+00
     7.9593   2.247254      1.089      1.080 0.0000e+00
     7.9631   2.247089      1.104      1.095 0.0000e+00
     7.9631   2.247086      1.122      1.113 0.0000e+00
     7.9612   2.247569      1.146      1.136 0.0000e+00
     7.9621   2.248213      1.176      1.167 0.0000e+00
     7.9583   2.248210      1.215      1.205 0.0000e+00
     7.9496   2.252417      1.265      1.255 0.0000e+00
     7.9457   2.248043      1.327      1.317 0.0000e+00
     7.9428   2.253544      1.400      1.388 0.0000e+00
     7.9207   2.273455      1.481      1.469 0.0000e+00
     7.8619   2.272481      1.569      1.557 0.0000e+00
     7.8581   2.281059      1.664      1.650 0.0000e+00
     7.8320   2.313115      1.764      1.749 0.0000e+00
     7.7346   2.330762      1.869      1.853 0.0000e+00
     7.6709   2.326226      1.979      1.962 0.0000e+00
     7.6593   2.340472      2.091      2.074 0.0000e+00
     7.6293   2.352290      2.206      2.187 0.0000e+00
     7.6167   2.371072      2.323      2.304 0.0000e+00
     7.6099   2.388721      2.444      2.424 0.0000e+00
     7.6205   2.430502      2.567      2.546 0.0000e+00
     7.6466   2.497557      2.694      2.672 0.0000e+00
     7.6843   2.572884      2.825      2.801 0.0000e+00
     7.7722   2.590216      2.959      2.934 0.0000e+00
     7.8560   2.676739      3.096      3.070 0.0000e+00
     8.0974   2.803961      3.235      3.208 0.0000e+00
     8.4382   2.945806      3.376      3.348 0.0000e+00
     8.9101   3.048927      3.516      3.487 0.0000e+00
     9.3474   3.098221      3.655      3.624 0.0000e+00
     9.5682   3.119623      3.792      3.760 0.0000e+00
     9.7051   3.136972      3.927      3.894 0.0000e+00
     9.8005   3.151889      4.062      4.028 0.0000e+00
     9.8846   3.170213      4.195      4.160 0.0000e+00
     9.9956   3.203785      4.327      4.290 0.0000e+00
    10.1064   3.215459      4.458      4.420 0.0000e+00
    10.1808   3.236704      4.588      4.550 0.0000e+00
    10.3089   3.269631      4.718      4.679 0.0000e+00
    10.4303   3.281468      4.846      4.806 0.0000e+00
    10.4978   3.304501      4.974      4.932 0.0000e+00
    10.5958   3.329481      5.102      5.059 0.0000e+00
    10.6954   3.349756      5.229      5.185 0.0000e+00
    10.7774   3.359486      5.355      5.310 0.0000e+00
    10.8289   3.368730      5.481      5.435 0.0000e+00
    10.8657   3.349903      5.606      5.559 0.0000e+00
    10.8427   3.374724      5.733      5.685 0.0000e+00
    10.8832   3.357195      5.862      5.812 0.0000e+00
    10.8491   3.385100      5.993      5.942 0.0000e+00
    10.8970   3.389800      6.126      6.073 0.0000e+00
    10.9172   3.387686      6.257      6.203 0.0000e+00
    10.9254   3.392874      6.387      6.331 0.0000e+00
    10.9328   3.393680      6.514      6.457 0.0000e+00
    10.9355   3.395136      6.640      6.581 0.0000e+00
    10.9392   3.394807      6.764      6.703 0.0000e+00
    10.9401   3.398697      6.887      6.824 0.0000e+00
    10.9538   3.401613      7.010      6.944 0.0000e+00
    10.9603   3.395280      7.132      7.063 0.0000e+00
    10.9566   3.405823      7.254      7.181 0.0000e+00
    10.9740   3.408576      7.376      7.299 0.0000e+00
    10.9813   3.409708      7.497      7.415 0.0000e+00
    10.9841   3.411163      7.619      7.531 0.0000e+00
    10.9887   3.412132      7.741      7.645 0.0000e+00
    10.9914   3.413264      7.863      7.756 0.0000e+00
    10.9932   3.414233      7.985      7.865 0.0000e+00
    10.9960   3.414228      8.106      7.970 0.0000e+00
    10.9960   3.415359      8.229      8.072 0.0000e+00
    10.9969   3.415355      8.352      8.169 0.0000e+00
    11.0014   3.415188      8.477      8.261 0.0000e+00
    11.0014   3.415346      8.604      8.345 0.0000e+00
