tests/resources/orca-test-data/SBE19/CAST0002/CAST0002.cnv
* Sea-Bird SBE 19 Data File:
* FileName =
* Software Version 4.234
* Temperature SN = 2835
* Conductivity SN = 2835
* System UpLoad Time = Wed Jan 19 11:48:56 2005

** Ship: ORCA
** Cruise: Mooring
** Station: Carr Inlet
** Latitude: 47 16.67 N
** Longitude: 122 43.39 W
# nquan = 4
# nvalues = 911                                   
# units = specified
# name 0 = t090C: Temperature [ITS-90, deg C]
# name 1 = c0S/m: Conductivity [S/m]
# name 2 = prSM: Pressure, Strain Gauge [db]
# name 3 = flag:  0.000e+00
# span 0 =     7.6099,    11.0981                 
# span 1 =   2.246650,   3.473804                 
# span 2 =      0.996,     29.672                 
# span 3 = 0.0000e+00, 0.0000e+00                 
# interval = seconds: 0.5
# start_time = Aug 16 2022 14:48:19 [DatCnv date, localtime]
# bad_flag = -9.990e-29
*END*
[from data line 356]
    11.0518   3.433444     12.534  0.000e+00
    11.0546   3.433926     12.445  0.000e+00
    11.0509   3.433110     12.355  0.000e+00
    11.0509   3.432456     12.221  0.000e+00
    11.0499   3.432452     12.176  0.000e+00
    11.0508   3.430987     12.042  0.000e+00
    11.0481   3.431307     11.952  0.000e+00
    11.0462   3.431140     11.818  0.000e+00
    11.0468   3.430922     11.684  0.000e+00
    11.0474   3.430707     11.639  0.000e+00
    11.0481   3.430495     11.550  0.000e+00
    11.0536   3.430499     11.416  0.000e+00
    11.0462   3.429205     11.282  0.000e+00
    11.0444   3.429372     11.192  0.000e+00
    11.0463   3.430025     11.103  0.000e+00
    11.0435   3.429218     11.058  0.000e+00
    11.0454   3.429384     10.924  0.000e+00
    11.0472   3.430200     10.790  0.000e+00
    11.0454   3.429717     10.745  0.000e+00
    11.0472   3.428748     10.611  0.000e+00
    11.0472   3.429239     10.521  0.000e+00
    11.0445   3.428594     10.432  0.000e+00
    11.0454   3.428436     10.298  0.000e+00
    11.0454   3.429414     10.208  0.000e+00
    11.0418   3.429256     10.119  0.000e+00
    11.0436   3.428449     10.029  0.000e+00
    11.0427   3.427641      9.940  0.000e+00
    11.0409   3.426672      9.850  0.000e+00
    11.0381   3.427001      9.716  0.000e+00
    11.0372   3.427005      9.627  0.000e+00
    11.0363   3.427821      9.537  0.000e+00
    11.0354   3.427500      9.403  0.000e+00
    11.0364   3.426206      9.314  0.000e+00
    11.0336   3.425724      9.224  0.000e+00
    11.0327   3.425241      9.135  0.000e+00
    11.0309   3.424596      8.956  0.000e+00
    11.0318   3.425087      8.866  0.000e+00
    11.0318   3.424443      8.777  0.000e+00
    11.0282   3.424934      8.643  0.000e+00
    11.0282   3.422828      8.553  0.000e+00
    11.0263   3.422995      8.464  0.000e+00
    11.0199   3.421701      8.330  0.000e+00
    11.0227   3.420894      8.285  0.000e+00
    11.0190   3.420898      8.151  0.000e+00
    11.0126   3.420740      8.061  0.000e+00
    11.0181   3.421393      7.972  0.000e+00
    11.0163   3.420586      7.882  0.000e+00
    11.0172   3.420428      7.793  0.000e+00
    11.0145   3.419783      7.659  0.000e+00
    11.0173   3.419463      7.614  0.000e+00
    11.0127   3.419629      7.480  0.000e+00
    11.0109   3.418335      7.390  0.000e+00
    11.0081   3.418664      7.301  0.000e+00
    11.0100   3.418344      7.212  0.000e+00
    11.0054   3.417374      7.122  0.000e+00
    11.0063   3.416892      6.988  0.000e+00
    11.0063   3.414300      6.898  0.000e+00
    11.0045   3.413006      6.809  0.000e+00
    10.9990   3.411874      6.720  0.000e+00
    10.9944   3.411229      6.585  0.000e+00
    10.9907   3.410585      6.496  0.000e+00
    10.9880   3.408479      6.407  0.000e+00
    10.9816   3.405400      6.317  0.000e+00
    10.9798   3.405891      6.272  0.000e+00
    10.9706   3.405084      6.004  0.000e+00
    10.9697   3.403466      5.915  0.000e+00
    10.9642   3.403632      5.825  0.000e+00
    10.9651   3.402988      5.736  0.000e+00
    10.9651   3.403154      5.646  0.000e+00
    10.9651   3.402347      5.557  0.000e+00
    10.9642   3.401864      5.423  0.000e+00
    10.9651   3.402842      5.333  0.000e+00
    10.9596   3.400737      5.244  0.000e+00
    10.9597   3.397982      5.110  0.000e+00
    10.9505   3.396039      5.020  0.000e+00
    10.9450   3.392636      4.931  0.000e+00
    10.9367   3.389070      4.841  0.000e+00
    10.9257   3.379177      4.707  0.000e+00
    10.9009   3.375287      4.618  0.000e+00
    10.8687   3.356307      4.528  0.000e+00
    10.8080   3.348848      4.394  0.000e+00
    10.7730   3.343498      4.305  0.000e+00
    10.7519   3.334741      4.215  0.000e+00
    10.7150   3.328093      4.081  0.000e+00
    10.6809   3.314955      3.992  0.000e+00
    10.6339   3.299871      3.858  0.000e+00
    10.5701   3.295333      3.768  0.000e+00
    10.5434   3.288037      3.679  0.000e+00
    10.5175   3.269708      3.545  0.000e+00
    10.4018   3.233860      3.455  0.000e+00
    10.2618   3.205802      3.321  0.000e+00
    10.1550   3.187314      3.142  0.000e+00
    10.0368   3.153904      3.053  0.000e+00
     9.8941   3.109306      2.963  0.000e+00
     9.6182   2.999358      2.829  0.000e+00
     9.2534   2.855551      2.740  0.000e+00
     8.7812   2.787800      2.650  0.000e+00
     8.5424   2.804826      2.516  0.000e+00
     8.5586   2.793969      2.427  0.000e+00
     8.5558   2.804832      2.337  0.000e+00
     8.5805   2.832717      2.114  0.000e+00
     8.6472   2.799003      2.158  0.000e+00
     8.6434   2.755891      1.980  0.000e+00
     8.5386   2.693498      1.935  0.000e+00
     8.3878   2.649748      1.845  0.000e+00
     8.2463   2.539736      1.756  0.000e+00
     8.0343   2.443356      1.667  0.000e+00
     7.8004   2.400926      1.532  0.000e+00
     7.7048   2.381982      1.488  0.000e+00
     7.6700   2.354292      1.354  0.000e+00
     7.6865   2.328709      1.264  0.000e+00
     7.7261   2.317377      1.175  0.000e+00
     7.7647   2.297301      1.085  0.000e+00
     7.8100   2.295037      1.041  0.000e+00
     7.8168   2.296983      1.041  0.000e+00
     7.8110   2.313340      1.041  0.000e+00
     7.7898   2.308971      1.041  0.000e+00
     7.8053   2.280314      1.041  0.000e+00
     7.8650   2.275621      1.041  0.000e+00
     7.8872   2.270767      1.041  0.000e+00
     7.9103   2.256198      1.041  0.000e+00
     7.9353   2.258143      1.041  0.000e+00
     7.9401   2.263489      1.041  0.000e+00
     7.9305   2.261387      1.041  0.000e+00
     7.9305   2.261228      1.041  0.000e+00
     7.9392   2.252326      1.041  0.000e+00
     7.9556   2.251843      1.041  0.000e+00
     7.9575   2.250875      1.041  0.000e+00
     7.9585   2.250822      1.041  0.000e+00
     7.9594   2.250766      1.085  0.000e+00
     7.9604   2.250709      1.085  0.000e+00
     7.9575   2.248925      1.041  0.000e+00
     7.9632   2.247951      1.041  0.000e+00
     7.9613   2.247300      1.041  0.000e+00
     7.9680   2.246650      1.041  0.000e+00
     7.9671   2.247456      1.041  0.000e+00
     7.9622   2.251986      1.041  0.000e+00
     7.9526   2.251497      1.041  0.000e+00
     7.9497   2.250685      1.041  0.000e+00
     7.9545   2.248415      1.041  0.000e+00
     7.9584   2.247765      1.041  0.000e+00
     7.9584   2.247923      1.041  0.000e+00
     7.9603   2.248568      1.041  0.000e+00
     7.9564   2.252774      0.996  0.000e+00
     7.9410   2.252771      1.041  0.000e+00
     7.9429   2.250987      1.041  0.000e+00
     7.9487   2.248394      1.041  0.000e+00
     7.9525   2.247581      1.041  0.000e+00
     7.9593   2.247254      1.041  0.000e+00
     7.9631   2.247089      1.041  0.000e+00
     7.9631   2.247086      1.041  0.000e+00
     7.9612   2.247569      1.041  0.000e+00
     7.9621   2.248213      1.041  0.000e+00
     7.9583   2.248210      1.041  0.000e+00
     7.9496   2.252417      1.041  0.000e+00
     7.9457   2.248043      1.175  0.000e+00
     7.9428   2.253544      1.264  0.000e+00
     7.9207   2.273455      1.354  0.000e+00
     7.8619   2.272481      1.488  0.000e+00
     7.8581   2.281059      1.577  0.000e+00
     7.8320   2.313115      1.667  0.000e+00
     7.7346   2.330762      1.801  0.000e+00
     7.6709   2.326226      1.935  0.000e+00
     7.6593   2.340472      2.069  0.000e+00
     7.6293   2.352290      2.158  0.000e+00
     7.6167   2.371072      2.248  0.000e+00
     7.6099   2.388721      2.427  0.000e+00
     7.6205   2.430502      2.516  0.000e+00
     7.6466   2.497557      2.606  0.000e+00
     7.6843   2.572884      2.784  0.000e+00
     7.7722   2.590216      2.919  0.000e+00
     7.8560   2.676739      3.053  0.000e+00
     8.0974   2.803961      3.187  0.000e+00
     8.4382   2.945806      3.410  0.000e+00
     8.9101   3.048927      3.545  0.000e+00
     9.3474   3.098221      3.679  0.000e+00
     9.5682   3.119623      3.813  0.000e+00
     9.7051   3.136972      3.947  0.000e+00
     9.8005   3.151889      4.081  0.000e+00
     9.8846   3.170213      4.215  0.000e+00
     9.9956   3.203785      4.349  0.000e+00
    10.1064   3.215459      4.439  0.000e+00
    10.1808   3.236704      4.618  0.000e+00
    10.3089   3.269631      4.752  0.000e+00
    10.4303   3.281468      4.841  0.000e+00
    10.4978   3.304501      4.975  0.000e+00
    10.5958   3.329481      5.110  0.000e+00
    10.6954   3.349756      5.244  0.000e+00
    10.7774   3.359486      5.378  0.000e+00
    10.8289   3.368730      5.467  0.000e+00
    10.8657   3.349903      5.602  0.000e+00
    10.8427   3.374724      5.691  0.000e+00
    10.8832   3.357195      5.825  0.000e+00
    10.8491   3.385100      5.959  0.000e+00
    10.8970   3.389800      6.138  0.000e+00
    10.9172   3.387686      6.317  0.000e+00
    10.9254   3.392874      6.407  0.000e+00
    10.9328   3.393680      6.541  0.000e+00
    10.9355   3.395136      6.675  0.000e+00
    10.9392   3.394807      6.764  0.000e+00
    10.9401   3.398697      6.898  0.000e+00
    10.9538   3.401613      7.033  0.000e+00
    10.9603   3.395280      7.122  0.000e+00
    10.9566   3.405823      7.256  0.000e+00
    10.9740   3.408576      7.390  0.000e+00
    10.9813   3.409708      7.480  0.000e+00
    10.9841   3.411163      7.614  0.000e+00
    10.9887   3.412132      7.748  0.000e+00
    10.9914   3.413264      7.882  0.000e+00
    10.9932   3.414233      7.972  0.000e+00
    10.9960   3.414228      8.106  0.000e+00
    10.9960   3.415359      8.195  0.000e+00
    10.9969   3.415355      8.330  0.000e+00
    11.0014   3.415188      8.464  0.000e+00
    11.0014   3.415346      8.553  0.000e+00
    11.0014   3.415341      8.687  0.000e+00
    11.0023   3.415661      8.822  0.000e+00
    11.0005   3.416955      8.911  0.000e+00
    11.0041   3.417924      9.135  0.000e+00
    11.0096   3.418406      9.269  0.000e+00
    11.0096   3.419375      9.358  0.000e+00
    11.0096   3.419208      9.537  0.000e+00
    11.0087   3.419204      9.627  0.000e+00
    11.0133   3.419037      9.761  0.000e+00
    11.0132   3.420168      9.895  0.000e+00
    11.0132   3.420650     10.029  0.000e+00
    11.0160   3.421295     10.163  0.000e+00
    11.0187   3.422101     10.298  0.000e+00
    11.0196   3.423233     10.387  0.000e+00
    11.0242   3.424202     10.521  0.000e+00
    11.0269   3.424197     10.655  0.000e+00
    11.0333   3.425328     10.790  0.000e+00
    11.0343   3.425973     10.924  0.000e+00
    11.0361   3.426779     11.013  0.000e+00
    11.0388   3.427099     11.103  0.000e+00
    11.0379   3.428068     11.237  0.000e+00
    11.0406   3.427902     11.371  0.000e+00
    11.0415   3.428059     11.505  0.000e+00
    11.0415   3.428055     11.639  0.000e+00
    11.0388   3.428212     11.729  0.000e+00
    11.0397   3.427883     11.908  0.000e+00
    11.0387   3.427879     12.042  0.000e+00
    11.0378   3.428199     12.176  0.000e+00
    11.0396   3.428194     12.266  0.000e+00
    11.0405   3.428676     12.355  0.000e+00
    11.0405   3.428996     12.489  0.000e+00
    11.0405   3.428829     12.579  0.000e+00
    11.0414   3.429798     12.713  0.000e+00
    11.0442   3.430662     12.847  0.000e+00
    11.0469   3.431527     12.981  0.000e+00
    11.0497   3.432392     13.071  0.000e+00
    11.0543   3.432394     13.160  0.000e+00
    11.0497   3.433206     13.294  0.000e+00
    11.0524   3.432883     13.384  0.000e+00
    11.0525   3.433209     13.518  0.000e+00
    11.0543   3.433210     13.608  0.000e+00
    11.0516   3.433373     13.697  0.000e+00
    11.0561   3.434673     13.831  0.000e+00
    11.0543   3.435161     13.921  0.000e+00
    11.0562   3.435162     14.010  0.000e+00
    11.0562   3.434838     14.100  0.000e+00
    11.0562   3.435813     14.234  0.000e+00
    11.0516   3.436788     14.323  0.000e+00
    11.0516   3.436952     14.457  0.000e+00
    11.0489   3.437115     14.547  0.000e+00
    11.0516   3.436305     14.636  0.000e+00
    11.0461   3.437604     14.815  0.000e+00
    11.0471   3.436957     14.950  0.000e+00
    11.0452   3.437282     15.039  0.000e+00
    11.0462   3.436959     15.129  0.000e+00
    11.0471   3.436960     15.263  0.000e+00
    11.0434   3.437611     15.352  0.000e+00
    11.0453   3.437450     15.486  0.000e+00
    11.0453   3.437451     15.621  0.000e+00
    11.0462   3.437452     15.755  0.000e+00
    11.0462   3.437291     15.844  0.000e+00
    11.0444   3.437779     15.978  0.000e+00
    11.0453   3.437780     16.068  0.000e+00
    11.0462   3.437619     16.202  0.000e+00
    11.0462   3.438107     16.292  0.000e+00
    11.0462   3.438433     16.426  0.000e+00
    11.0481   3.438596     16.560  0.000e+00
    11.0435   3.438760     16.694  0.000e+00
    11.0490   3.438599     16.784  0.000e+00
    11.0472   3.439574     16.918  0.000e+00
    11.0472   3.438764     17.007  0.000e+00
    11.0472   3.439252     17.142  0.000e+00
    11.0481   3.439091     17.276  0.000e+00
    11.0463   3.440228     17.365  0.000e+00
    11.0472   3.440391     17.455  0.000e+00
    11.0472   3.440230     17.679  0.000e+00
    11.0472   3.440394     17.813  0.000e+00
    11.0463   3.440882     17.902  0.000e+00
    11.0473   3.440883     17.992  0.000e+00
    11.0454   3.440722     18.126  0.000e+00
    11.0491   3.440399     18.215  0.000e+00
    11.0464   3.440562     18.305  0.000e+00
    11.0482   3.441212     18.484  0.000e+00
    11.0473   3.441051     18.573  0.000e+00
    11.0491   3.441864     18.663  0.000e+00
    11.0464   3.441541     18.797  0.000e+00
    11.0492   3.442029     18.887  0.000e+00
    11.0473   3.442192     19.021  0.000e+00
    11.0501   3.442031     19.110  0.000e+00
    11.0492   3.442032     19.244  0.000e+00
    11.0519   3.442196     19.379  0.000e+00
    11.0501   3.442035     19.468  0.000e+00
    11.0492   3.442360     19.558  0.000e+00
    11.0492   3.442524     19.692  0.000e+00
    11.0520   3.442687     19.826  0.000e+00
    11.0501   3.442689     19.916  0.000e+00
    11.0520   3.443014     20.005  0.000e+00
    11.0483   3.442691     20.139  0.000e+00
    11.0520   3.442855     20.229  0.000e+00
    11.0493   3.443667     20.318  0.000e+00
    11.0511   3.443506     20.497  0.000e+00
    11.0520   3.443832     20.676  0.000e+00
    11.0520   3.444807     20.721  0.000e+00
    11.0502   3.444646     20.811  0.000e+00
    11.0520   3.444647     20.945  0.000e+00
    11.0521   3.445297     21.034  0.000e+00
    11.0539   3.447895     21.124  0.000e+00
    11.0493   3.445787     21.258  0.000e+00
    11.0530   3.446112     21.347  0.000e+00
    11.0548   3.447574     21.437  0.000e+00
    11.0548   3.447088     21.571  0.000e+00
    11.0567   3.447576     21.705  0.000e+00
    11.0558   3.448389     21.795  0.000e+00
    11.0585   3.448552     21.929  0.000e+00
    11.0576   3.449203     21.974  0.000e+00
    11.0604   3.449042     22.108  0.000e+00
    11.0586   3.448881     22.198  0.000e+00
    11.0576   3.450180     22.287  0.000e+00
    11.0650   3.450343     22.421  0.000e+00
    11.0622   3.450345     22.511  0.000e+00
    11.0650   3.450833     22.600  0.000e+00
    11.0641   3.450509     22.690  0.000e+00
    11.0669   3.451322     22.824  0.000e+00
    11.0641   3.451810     22.914  0.000e+00
    11.0678   3.452136     23.048  0.000e+00
    11.0669   3.452137     23.137  0.000e+00
    11.0687   3.453112     23.227  0.000e+00
    11.0669   3.452789     23.406  0.000e+00
    11.0687   3.452627     23.540  0.000e+00
    11.0697   3.452791     23.674  0.000e+00
    11.0706   3.453117     23.764  0.000e+00
    11.0733   3.453442     23.853  0.000e+00
    11.0706   3.453119     23.988  0.000e+00
    11.0706   3.453283     24.077  0.000e+00
    11.0706   3.453933     24.211  0.000e+00
    11.0697   3.454746     24.301  0.000e+00
    11.0697   3.455071     24.390  0.000e+00
    11.0679   3.454424     24.525  0.000e+00
    11.0688   3.455236     24.659  0.000e+00
    11.0679   3.455400     24.748  0.000e+00
