tests/resources/orca-test-data/SBE37IMP/SBE37IMP-ODO_03712611_2015_10_10/SBE37IMP-ODO_03712611_2015_10_10.cnv
* Sea-Bird SBE37IMP-ODO  Data File:
* FileName = C:\Users\Environmental\Documents\Aurecon-CPM\FSP12_Telemetered Service 4_Oct 2015\retrieval\REF\SBEdata\SBE37IMP-ODO_03712611_2015_10_10.hex
* Software version SeatermV2 2.4.1
* Temperature SN = 12611
* Conductivity SN = 12611
* System UpLoad Time = Oct 10 2015 12:22:58
* sample interval = 1800 seconds
* <ApplicationData>
# nquan = 12
# nvalues = 5565                                  
# units = specified
# name 0 = timeH: Time, Elapsed [hours]
# name 1 = cond0mS/cm: Conductivity [mS/cm]
# name 2 = tv290C: Temperature [ITS-90, deg C]
# name 3 = sal00: Salinity, Practical [PSU]
# name 4 = sbeopoxPS: Oxygen, SBE 63 [% saturation]
# name 5 = timeK: Time, Instrument [seconds]
# name 6 = timeJV2: Time, Instrument [julian days]
# name 7 = timeH: Time, Elapsed [hours]
# name 8 = timeM: Time, Elapsed [minutes]
# name 9 = cond0S/m: Conductivity [S/m]
# name 10 = cond0uS/cm: Conductivity [uS/cm]
# name 11 = flag:  0.000e+00
# span 0 =    0.00000, 2782.00000                 
# span 1 =   0.040600,  65.875534                 
# span 2 =    18.2521,    33.0567                 
# span 3 =     0.0258,    42.4399                 
# span 4 =      77.69,     134.59                 
# span 5 =  487778401,  497793626                 
# span 6 = 167.583345, 283.500301                 
# span 7 =    0.00000, 2782.00000                 
# span 8 =     0.0000, 166920.000                 
# span 9 =   0.004060,   6.587553                 
# span 10 =  40.600313, 6.5876e+04                
# span 11 = 0.0000e+00, 0.0000e+00                
# interval = seconds: 1800
# start_time = Jun 16 2015 14:00:01 [Instrument's time stamp, first data scan]
# bad_flag = -9.990e-29
*END*
[from data line 482]
  241.00000  50.394060    21.7900    35.5073     100.27  488646036 177.625417  241.00000 14460.0000   5.039406 5.0394e+04  0.000e+00
  241.50000  50.433707    21.8521    35.4876     100.60  488647836 177.646250  241.50000 14490.0000   5.043371 5.0434e+04  0.000e+00
  242.00000  50.453137    21.8670    35.4907     100.76  488649636 177.667083  242.00000 14520.0000   5.045314 5.0453e+04  0.000e+00
  242.50000  50.477309    21.8722    35.5056     100.46  488651436 177.687917  242.50000 14550.0000   5.047731 5.0477e+04  0.000e+00
  243.00000  50.498588    21.9237    35.4800     100.43  488653236 177.708750  243.00000 14580.0000   5.049859 5.0499e+04  0.000e+00
  243.50000  50.470317    21.9080    35.4706     100.06  488655036 177.729583  243.50000 14610.0000   5.047032 5.0470e+04  0.000e+00
  244.00000  50.456664    21.9085    35.4594      99.34  488656836 177.750417  244.00000 14640.0000   5.045666 5.0457e+04  0.000e+00
  244.50000  50.434506    21.8875    35.4592      98.85  488658636 177.771250  244.50000 14670.0000   5.043451 5.0435e+04  0.000e+00
  245.00000  50.410186    21.8479    35.4724      98.46  488660436 177.792083  245.00000 14700.0000   5.041019 5.0410e+04  0.000e+00
  245.50000  50.387236    21.8080    35.4871      98.02  488662236 177.812917  245.50000 14730.0000   5.038724 5.0387e+04  0.000e+00
  246.00000  50.356430    21.7471    35.5128      97.45  488664036 177.833750  246.00000 14760.0000   5.035643 5.0356e+04  0.000e+00
  246.50000  50.285941    21.6212    35.5608      97.19  488665836 177.854583  246.50000 14790.0000   5.028594 5.0286e+04  0.000e+00
  247.00000  50.231762    21.5044    35.6144      98.53  488667637 177.875428  247.00000 14820.0000   5.023176 5.0232e+04  0.000e+00
  247.50000  50.228805    21.4409    35.6647      98.29  488669437 177.896262  247.50000 14850.0000   5.022881 5.0229e+04  0.000e+00
  248.00000  50.215829    21.3866    35.6996      97.22  488671237 177.917095  248.00000 14880.0000   5.021583 5.0216e+04  0.000e+00
  248.50000  50.227216    21.3376    35.7495      94.61  488673037 177.937928  248.50000 14910.0000   5.022722 5.0227e+04  0.000e+00
  249.00000  50.227136    21.3367    35.7502      93.74  488674837 177.958762  249.00000 14940.0000   5.022714 5.0227e+04  0.000e+00
  249.50000  50.232908    21.3313    35.7593      93.57  488676637 177.979595  249.50000 14970.0000   5.023291 5.0233e+04  0.000e+00
  250.00000  50.236594    21.3397    35.7552      93.37  488678437 178.000428  250.00000 15000.0000   5.023659 5.0237e+04  0.000e+00
  250.50000  50.237795    21.3448    35.7520      93.05  488680237 178.021262  250.50000 15030.0000   5.023780 5.0238e+04  0.000e+00
  251.00000  50.236914    21.3397    35.7555      92.94  488682037 178.042095  251.00000 15060.0000   5.023691 5.0237e+04  0.000e+00
  251.50000  50.239799    21.3424    35.7556      91.89  488683837 178.062928  251.50000 15090.0000   5.023980 5.0240e+04  0.000e+00
  252.00000  50.229225    21.2966    35.7854      95.01  488685637 178.083762  252.00000 15120.0000   5.022923 5.0229e+04  0.000e+00
  252.50000  50.224257    21.2897    35.7871      94.36  488687437 178.104595  252.50000 15150.0000   5.022426 5.0224e+04  0.000e+00
  253.00000  50.231788    21.3135    35.7733      93.15  488689237 178.125428  253.00000 15180.0000   5.023179 5.0232e+04  0.000e+00
  253.50000  50.251895    21.4060    35.7122      91.57  488691037 178.146262  253.50000 15210.0000   5.025190 5.0252e+04  0.000e+00
  254.00000  50.252458    21.3934    35.7231      91.62  488692837 178.167095  254.00000 15240.0000   5.025246 5.0252e+04  0.000e+00
  254.50000  50.252542    21.3664    35.7457      91.77  488694637 178.187928  254.50000 15270.0000   5.025254 5.0253e+04  0.000e+00
  255.00000  50.246929    21.3752    35.7339      91.94  488696437 178.208762  255.00000 15300.0000   5.024693 5.0247e+04  0.000e+00
  255.50000  50.249651    21.4024    35.7135      92.11  488698237 178.229595  255.50000 15330.0000   5.024965 5.0250e+04  0.000e+00
  256.00000  50.260709    21.4360    35.6942      92.09  488700037 178.250428  256.00000 15360.0000   5.026071 5.0261e+04  0.000e+00
  256.50000  50.256619    21.4459    35.6828      92.82  488701837 178.271262  256.50000 15390.0000   5.025662 5.0257e+04  0.000e+00
  257.00000  50.258861    21.4686    35.6657      93.26  488703637 178.292095  257.00000 15420.0000   5.025886 5.0259e+04  0.000e+00
  257.50000  50.269121    21.4831    35.6618      92.39  488705437 178.312928  257.50000 15450.0000   5.026912 5.0269e+04  0.000e+00
  258.00000  50.268799    21.4968    35.6502      93.02  488707237 178.333762  258.00000 15480.0000   5.026880 5.0269e+04  0.000e+00
  258.50000  50.280583    21.5146    35.6448      92.75  488709037 178.354595  258.50000 15510.0000   5.028058 5.0281e+04  0.000e+00
  259.00000  50.288840    21.5328    35.6363      92.40  488710837 178.375428  259.00000 15540.0000   5.028884 5.0289e+04  0.000e+00
  259.50000  50.254596    21.5915    35.5604      92.69  488712636 178.396250  259.50000 15570.0000   5.025460 5.0255e+04  0.000e+00
  260.00000  50.048114    21.5584    35.4235      94.81  488714437 178.417095  260.00000 15600.0000   5.004811 5.0048e+04  0.000e+00
  260.50000  49.985497    21.3618    35.5361      92.13  488716237 178.437928  260.50000 15630.0000   4.998550 4.9985e+04  0.000e+00
  261.00000  50.006538    21.3336    35.5763      91.83  488718037 178.458762  261.00000 15660.0000   5.000654 5.0007e+04  0.000e+00
  261.50000  50.000298    21.3301    35.5742      92.08  488719837 178.479595  261.50000 15690.0000   5.000030 5.0000e+04  0.000e+00
  262.00000  49.935463    21.1759    35.6506      95.61  488721637 178.500428  262.00000 15720.0000   4.993546 4.9935e+04  0.000e+00
  262.50000  49.933864    21.1729    35.6519      96.15  488723437 178.521262  262.50000 15750.0000   4.993386 4.9934e+04  0.000e+00
  263.00000  49.856914    21.0655    35.6797      99.79  488725237 178.542095  263.00000 15780.0000   4.985691 4.9857e+04  0.000e+00
  263.50000  49.887916    21.0750    35.6967     100.42  488727037 178.562928  263.50000 15810.0000   4.988792 4.9888e+04  0.000e+00
  264.00000  49.915088    21.0960    35.7010     100.56  488728837 178.583762  264.00000 15840.0000   4.991509 4.9915e+04  0.000e+00
  264.50000  49.954821    21.1103    35.7210      99.72  488730637 178.604595  264.50000 15870.0000   4.995482 4.9955e+04  0.000e+00
  265.00000  49.960894    21.1371    35.7034      99.13  488732437 178.625428  265.00000 15900.0000   4.996089 4.9961e+04  0.000e+00
  265.50000  50.002319    21.1740    35.7059      99.30  488734237 178.646262  265.50000 15930.0000   5.000232 5.0002e+04  0.000e+00
  266.00000  50.020381    21.3124    35.6050      99.34  488736037 178.667095  266.00000 15960.0000   5.002038 5.0020e+04  0.000e+00
  266.50000  50.081340    21.4716    35.5216      98.96  488737837 178.687928  266.50000 15990.0000   5.008134 5.0081e+04  0.000e+00
  267.00000  50.176933    21.6471    35.4528      98.78  488739636 178.708750  267.00000 16020.0000   5.017693 5.0177e+04  0.000e+00
  267.50000  50.236458    21.7569    35.4097      98.54  488741436 178.729583  267.50000 16050.0000   5.023646 5.0236e+04  0.000e+00
  268.00000  50.290480    21.8552    35.3718      98.15  488743236 178.750417  268.00000 16080.0000   5.029048 5.0290e+04  0.000e+00
  268.50000  50.327124    21.9245    35.3440      98.01  488745036 178.771250  268.50000 16110.0000   5.032712 5.0327e+04  0.000e+00
  269.00000  50.347174    21.9616    35.3295      97.88  488746836 178.792083  269.00000 16140.0000   5.034717 5.0347e+04  0.000e+00
  269.50000  50.365864    21.9984    35.3142      97.74  488748636 178.812917  269.50000 16170.0000   5.036586 5.0366e+04  0.000e+00
  270.00000  50.304196    21.8408    35.3944      96.27  488750436 178.833750  270.00000 16200.0000   5.030420 5.0304e+04  0.000e+00
  270.50000  50.277019    21.7808    35.4222      95.74  488752236 178.854583  270.50000 16230.0000   5.027702 5.0277e+04  0.000e+00
  271.00000  50.228294    21.6718    35.4732      95.33  488754036 178.875417  271.00000 16260.0000   5.022829 5.0228e+04  0.000e+00
  271.50000  50.208825    21.6319    35.4907      95.19  488755836 178.896250  271.50000 16290.0000   5.020882 5.0209e+04  0.000e+00
  272.00000  50.202495    21.6240    35.4921      95.15  488757636 178.917083  272.00000 16320.0000   5.020250 5.0202e+04  0.000e+00
  272.50000  50.192557    21.6427    35.4688      94.95  488759436 178.937917  272.50000 16350.0000   5.019256 5.0193e+04  0.000e+00
  273.00000  50.148195    21.5031    35.5488      95.09  488761236 178.958750  273.00000 16380.0000   5.014820 5.0148e+04  0.000e+00
  273.50000  50.105206    21.4047    35.5961      94.93  488763037 178.979595  273.50000 16410.0000   5.010521 5.0105e+04  0.000e+00
  274.00000  50.056949    21.3157    35.6315      94.52  488764837 179.000428  274.00000 16440.0000   5.005695 5.0057e+04  0.000e+00
  274.50000  50.039506    21.2970    35.6331      94.73  488766637 179.021262  274.50000 16470.0000   5.003951 5.0040e+04  0.000e+00
  275.00000  50.035345    21.2991    35.6280      95.27  488768437 179.042095  275.00000 16500.0000   5.003534 5.0035e+04  0.000e+00
  275.50000  50.025905    21.2824    35.6344      95.17  488770237 179.062928  275.50000 16530.0000   5.002591 5.0026e+04  0.000e+00
  276.00000  50.020626    21.2715    35.6393      94.57  488772037 179.083762  276.00000 16560.0000   5.002063 5.0021e+04  0.000e+00
  276.50000  50.015107    21.2631    35.6418      93.58  488773837 179.104595  276.50000 16590.0000   5.001511 5.0015e+04  0.000e+00
  277.00000  50.006872    21.2272    35.6651      92.29  488775637 179.125428  277.00000 16620.0000   5.000687 5.0007e+04  0.000e+00
  277.50000  50.001994    21.2149    35.6714      91.84  488777437 179.146262  277.50000 16650.0000   5.000199 5.0002e+04  0.000e+00
  278.00000  50.011512    21.2273    35.6688      91.03  488779237 179.167095  278.00000 16680.0000   5.001151 5.0012e+04  0.000e+00
  278.50000  49.981521    21.1825    35.6821      92.47  488781037 179.187928  278.50000 16710.0000   4.998152 4.9982e+04  0.000e+00
  279.00000  49.982401    21.1839    35.6817      92.55  488782837 179.208762  279.00000 16740.0000   4.998240 4.9982e+04  0.000e+00
  279.50000  49.990798    21.1952    35.6789      92.08  488784637 179.229595  279.50000 16770.0000   4.999080 4.9991e+04  0.000e+00
  280.00000  50.001036    21.1976    35.6851      92.33  488786437 179.250428  280.00000 16800.0000   5.000104 5.0001e+04  0.000e+00
  280.50000  50.004395    21.2031    35.6832      91.77  488788237 179.271262  280.50000 16830.0000   5.000440 5.0004e+04  0.000e+00
  281.00000  50.012634    21.2092    35.6848      91.23  488790037 179.292095  281.00000 16860.0000   5.001263 5.0013e+04  0.000e+00
  281.50000  50.023754    21.2192    35.6854      90.97  488791837 179.312928  281.50000 16890.0000   5.002375 5.0024e+04  0.000e+00
  282.00000  50.034952    21.2414    35.6758      90.57  488793637 179.333762  282.00000 16920.0000   5.003495 5.0035e+04  0.000e+00
  282.50000  50.045432    21.2659    35.6638      90.52  488795437 179.354595  282.50000 16950.0000   5.004543 5.0045e+04  0.000e+00
  283.00000  50.060393    21.2985    35.6486      90.23  488797237 179.375428  283.00000 16980.0000   5.006039 5.0060e+04  0.000e+00
  283.50000  50.073356    21.3197    35.6413      90.00  488799037 179.396262  283.50000 17010.0000   5.007336 5.0073e+04  0.000e+00
  284.00000  50.091524    21.3416    35.6376      90.14  488800837 179.417095  284.00000 17040.0000   5.009152 5.0092e+04  0.000e+00
  284.50000  50.103772    21.3522    35.6386      90.37  488802637 179.437928  284.50000 17070.0000   5.010377 5.0104e+04  0.000e+00
  285.00000  50.115540    21.3670    35.6357      90.53  488804437 179.458762  285.00000 17100.0000   5.011554 5.0116e+04  0.000e+00
  285.50000  50.136518    21.3825    35.6396      90.86  488806237 179.479595  285.50000 17130.0000   5.013652 5.0137e+04  0.000e+00
  286.00000  50.148368    21.4111    35.6253      92.79  488808037 179.500428  286.00000 17160.0000   5.014837 5.0148e+04  0.000e+00
  286.50000  50.137712    21.4409    35.5920      94.98  488809837 179.521262  286.50000 17190.0000   5.013771 5.0138e+04  0.000e+00
  287.00000  50.154761    21.5199    35.5401      96.50  488811637 179.542095  287.00000 17220.0000   5.015476 5.0155e+04  0.000e+00
  287.50000  50.167015    21.5333    35.5388      96.71  488813437 179.562928  287.50000 17250.0000   5.016701 5.0167e+04  0.000e+00
  288.00000  50.187367    21.5111    35.5735      96.06  488815237 179.583762  288.00000 17280.0000   5.018737 5.0187e+04  0.000e+00
  288.50000  50.044851    21.4176    35.5372      97.93  488817037 179.604595  288.50000 17310.0000   5.004485 5.0045e+04  0.000e+00
  289.00000  50.071657    21.4586    35.5247      98.31  488818837 179.625428  289.00000 17340.0000   5.007166 5.0072e+04  0.000e+00
  289.50000  50.112079    21.4988    35.5237      99.38  488820637 179.646262  289.50000 17370.0000   5.011208 5.0112e+04  0.000e+00
  290.00000  50.124568    21.5170    35.5185      99.55  488822437 179.667095  290.00000 17400.0000   5.012457 5.0125e+04  0.000e+00
  290.50000  50.124008    21.5168    35.5182      99.23  488824237 179.687928  290.50000 17430.0000   5.012401 5.0124e+04  0.000e+00
  291.00000  50.124326    21.5330    35.5051      99.21  488826037 179.708762  291.00000 17460.0000   5.012433 5.0124e+04  0.000e+00
  291.50000  50.128164    21.5716    35.4763      99.02  488827836 179.729583  291.50000 17490.0000   5.012816 5.0128e+04  0.000e+00
  292.00000  50.104302    21.5792    35.4510      98.76  488829636 179.750417  292.00000 17520.0000   5.010430 5.0104e+04  0.000e+00
  292.50000  50.158987    21.6659    35.4231      98.58  488831436 179.771250  292.50000 17550.0000   5.015899 5.0159e+04  0.000e+00
  293.00000  50.198874    21.7352    35.3977      98.28  488833236 179.792083  293.00000 17580.0000   5.019887 5.0199e+04  0.000e+00
  293.50000  50.218582    21.7792    35.3772      98.09  488835036 179.812917  293.50000 17610.0000   5.021858 5.0219e+04  0.000e+00
  294.00000  50.234205    21.8165    35.3590      97.71  488836836 179.833750  294.00000 17640.0000   5.023421 5.0234e+04  0.000e+00
  294.50000  50.260571    21.8715    35.3348      97.68  488838636 179.854583  294.50000 17670.0000   5.026057 5.0261e+04  0.000e+00
  295.00000  50.302738    21.9437    35.3091      98.14  488840436 179.875417  295.00000 17700.0000   5.030274 5.0303e+04  0.000e+00
  295.50000  50.326554    21.9870    35.2925      97.63  488842236 179.896250  295.50000 17730.0000   5.032655 5.0327e+04  0.000e+00
  296.00000  50.351337    22.0318    35.2755      97.55  488844036 179.917083  296.00000 17760.0000   5.035134 5.0351e+04  0.000e+00
  296.50000  50.368503    22.0666    35.2606      97.63  488845836 179.937917  296.50000 17790.0000   5.036850 5.0369e+04  0.000e+00
  297.00000  50.329924    21.9785    35.3021      95.00  488847636 179.958750  297.00000 17820.0000   5.032992 5.0330e+04  0.000e+00
  297.50000  50.319179    21.9538    35.3138      94.40  488849436 179.979583  297.50000 17850.0000   5.031918 5.0319e+04  0.000e+00
  298.00000  50.312282    21.9470    35.3139      94.01  488851236 180.000417  298.00000 17880.0000   5.031228 5.0312e+04  0.000e+00
  298.50000  50.262734    21.8799    35.3296      93.97  488853036 180.021250  298.50000 17910.0000   5.026273 5.0263e+04  0.000e+00
  299.00000  50.254879    21.8745    35.3278      94.21  488854836 180.042083  299.00000 17940.0000   5.025488 5.0255e+04  0.000e+00
  299.50000  50.143621    21.5728    35.4875      92.46  488856636 180.062917  299.50000 17970.0000   5.014362 5.0144e+04  0.000e+00
  300.00000  50.077661    21.4496    35.5369      91.73  488858437 180.083762  300.00000 18000.0000   5.007766 5.0078e+04  0.000e+00
