tests/resources/orca-test-data/SBE37IMP/SBE37IMP-ODO_03712611_2015_10_10/SBE37IMP-ODO_03712611_2015_10_10.cnv
* Sea-Bird SBE37IMP-ODO  Data File:
* FileName = C:\Users\Environmental\Documents\Aurecon-CPM\FSP12_Telemetered Service 4_Oct 2015\retrieval\REF\SBEdata\SBE37IMP-ODO_03712611_2015_10_10.hex
* Software version SeatermV2 2.4.1
* Temperature SN = 12611
* Conductivity SN = 12611
* System UpLoad Time = Oct 10 2015 12:22:58
* sample interval = 1800 seconds
* <ApplicationData>
# nquan = 12
# nvalues = 5565                                  
# units = specified
# name 0 = timeH: Time, Elapsed [hours]
# name 1 = cond0mS/cm: Conductivity [mS/cm]
# name 2 = tv290C: Temperature [ITS-90, deg C]
# name 3 = sal00: Salinity, Practical [PSU]
# name 4 = sbeopoxPS: Oxygen, SBE 63 [% saturation]
# name 5 = timeK: Time, Instrument [seconds]
# name 6 = timeJV2: Time, Instrument [julian days]
# name 7 = timeH: Time, Elapsed [hours]
# name 8 = timeM: Time, Elapsed [minutes]
# name 9 = cond0S/m: Conductivity [S/m]
# name 10 = cond0uS/cm: Conductivity [uS/cm]
# name 11 = flag:  0.000e+00
# span 0 =    0.00000, 2782.00000                 
# span 1 =   0.040600,  65.875534                 
# span 2 =    18.2521,    33.0567                 
# span 3 =     0.0258,    42.4399                 
# span 4 =      77.69,     134.59                 
# span 5 =  487778401,  497793626                 
# span 6 = 167.583345, 283.500301                 
# span 7 =    0.00000, 2782.00000                 
# span 8 =     0.0000, 166920.000                 
# span 9 =   0.004060,   6.587553                 
# span 10 =  40.600313, 6.5876e+04                
# span 11 = 0.0000e+00, 0.0000e+00                
# interval = seconds: 1800
# start_time = Jun 16 2015 14:00:01 [Instrument's time stamp, first data scan]
# bad_flag = -9.990e-29
*END*
[from data line 241]
  120.50000  52.259272    23.7434    35.3729     102.02  488212233 172.604549  120.50000  7230.0000   5.225927 5.2259e+04  0.000e+00
  121.00000  52.261799    23.7444    35.3740     102.01  488214033 172.625382  121.00000  7260.0000   5.226180 5.2262e+04  0.000e+00
  121.50000  52.277042    23.7585    35.3744     102.06  488215833 172.646215  121.50000  7290.0000   5.227704 5.2277e+04  0.000e+00
  122.00000  52.293429    23.7719    35.3761     102.18  488217633 172.667049  122.00000  7320.0000   5.229343 5.2293e+04  0.000e+00
  122.50000  52.311368    23.7858    35.3787     102.66  488219433 172.687882  122.50000  7350.0000   5.231137 5.2311e+04  0.000e+00
  123.00000  52.305089    23.7809    35.3779     102.16  488221233 172.708715  123.00000  7380.0000   5.230509 5.2305e+04  0.000e+00
  123.50000  52.334774    23.8000    35.3853     102.48  488223033 172.729549  123.50000  7410.0000   5.233477 5.2335e+04  0.000e+00
  124.00000  52.390410    23.8475    35.3897     103.04  488224833 172.750382  124.00000  7440.0000   5.239041 5.2390e+04  0.000e+00
  124.50000  52.485017    23.9351    35.3918     104.57  488226633 172.771215  124.50000  7470.0000   5.248502 5.2485e+04  0.000e+00
  125.00000  52.520300    23.9619    35.3972     105.91  488228433 172.792049  125.00000  7500.0000   5.252030 5.2520e+04  0.000e+00
  125.50000  52.506904    23.9495    35.3969     104.76  488230233 172.812882  125.50000  7530.0000   5.250690 5.2507e+04  0.000e+00
  126.00000  52.539334    23.9751    35.4012     107.13  488232033 172.833715  126.00000  7560.0000   5.253933 5.2539e+04  0.000e+00
  126.50000  52.524711    23.9633    35.3995     106.51  488233833 172.854549  126.50000  7590.0000   5.252471 5.2525e+04  0.000e+00
  127.00000  52.510417    23.9506    35.3987     105.65  488235633 172.875382  127.00000  7620.0000   5.251042 5.2510e+04  0.000e+00
  127.50000  52.509191    23.9508    35.3976     106.74  488237433 172.896215  127.50000  7650.0000   5.250919 5.2509e+04  0.000e+00
  128.00000  52.479470    23.8901    35.4234     104.50  488239233 172.917049  128.00000  7680.0000   5.247947 5.2479e+04  0.000e+00
  128.50000  52.569984    23.9290    35.4611     101.42  488241033 172.937882  128.50000  7710.0000   5.256998 5.2570e+04  0.000e+00
  129.00000  52.475387    23.8847    35.4246     101.47  488242833 172.958715  129.00000  7740.0000   5.247539 5.2475e+04  0.000e+00
  129.50000  52.445992    23.8873    35.4002     101.35  488244633 172.979549  129.50000  7770.0000   5.244599 5.2446e+04  0.000e+00
  130.00000  52.447708    23.8766    35.4100     101.32  488246433 173.000382  130.00000  7800.0000   5.244771 5.2448e+04  0.000e+00
  130.50000  52.556824    23.9493    35.4350     101.80  488248233 173.021215  130.50000  7830.0000   5.255682 5.2557e+04  0.000e+00
  131.00000  52.548982    23.9307    35.4438     101.26  488250033 173.042049  131.00000  7860.0000   5.254898 5.2549e+04  0.000e+00
  131.50000  52.476612    23.8881    35.4228     100.34  488251833 173.062882  131.50000  7890.0000   5.247661 5.2477e+04  0.000e+00
  132.00000  52.454158    23.8784    35.4135      99.88  488253633 173.083715  132.00000  7920.0000   5.245416 5.2454e+04  0.000e+00
  132.50000  52.408119    23.8535    35.3983      99.36  488255433 173.104549  132.50000  7950.0000   5.240812 5.2408e+04  0.000e+00
  133.00000  52.397184    23.8455    35.3964      98.70  488257233 173.125382  133.00000  7980.0000   5.239718 5.2397e+04  0.000e+00
  133.50000  52.423628    23.8536    35.4100      98.90  488259033 173.146215  133.50000  8010.0000   5.242363 5.2424e+04  0.000e+00
  134.00000  52.448201    23.8486    35.4327     100.21  488260833 173.167049  134.00000  8040.0000   5.244820 5.2448e+04  0.000e+00
  134.50000  52.466163    23.8581    35.4388     100.23  488262633 173.187882  134.50000  8070.0000   5.246616 5.2466e+04  0.000e+00
  135.00000  52.192543    23.6221    35.4189      96.80  488264434 173.208727  135.00000  8100.0000   5.219254 5.2193e+04  0.000e+00
  135.50000  52.157603    23.5686    35.4350      95.87  488266234 173.229560  135.50000  8130.0000   5.215760 5.2158e+04  0.000e+00
  136.00000  52.112168    23.5244    35.4357      95.40  488268034 173.250394  136.00000  8160.0000   5.211217 5.2112e+04  0.000e+00
  136.50000  52.096945    23.5139    35.4325      94.83  488269834 173.271227  136.50000  8190.0000   5.209694 5.2097e+04  0.000e+00
  137.00000  52.098898    23.5177    35.4310      93.98  488271634 173.292060  137.00000  8220.0000   5.209890 5.2099e+04  0.000e+00
  137.50000  52.123891    23.5421    35.4304      93.91  488273434 173.312894  137.50000  8250.0000   5.212389 5.2124e+04  0.000e+00
  138.00000  52.148318    23.5653    35.4306      94.04  488275234 173.333727  138.00000  8280.0000   5.214832 5.2148e+04  0.000e+00
  138.50000  52.222446    23.6352    35.4313      96.65  488277034 173.354560  138.50000  8310.0000   5.222245 5.2222e+04  0.000e+00
  139.00000  52.252599    23.6623    35.4326      97.34  488278833 173.375382  139.00000  8340.0000   5.225260 5.2253e+04  0.000e+00
  139.50000  52.265151    23.6752    35.4318      98.68  488280633 173.396215  139.50000  8370.0000   5.226515 5.2265e+04  0.000e+00
  140.00000  52.345550    23.7383    35.4427      99.78  488282433 173.417049  140.00000  8400.0000   5.234555 5.2346e+04  0.000e+00
  140.50000  52.255040    23.6946    35.4086      99.92  488284233 173.437882  140.50000  8430.0000   5.225504 5.2255e+04  0.000e+00
  141.00000  52.328992    23.7302    35.4365      99.65  488286033 173.458715  141.00000  8460.0000   5.232899 5.2329e+04  0.000e+00
  141.50000  52.371820    23.7398    35.4615      99.11  488287833 173.479549  141.50000  8490.0000   5.237182 5.2372e+04  0.000e+00
  142.00000  52.359014    23.7189    35.4684      98.98  488289633 173.500382  142.00000  8520.0000   5.235901 5.2359e+04  0.000e+00
  142.50000  52.392953    23.7526    35.4673      99.65  488291433 173.521215  142.50000  8550.0000   5.239295 5.2393e+04  0.000e+00
  143.00000  52.434903    23.7873    35.4715     100.86  488293233 173.542049  143.00000  8580.0000   5.243490 5.2435e+04  0.000e+00
  143.50000  52.428535    23.7871    35.4669     101.20  488295033 173.562882  143.50000  8610.0000   5.242854 5.2429e+04  0.000e+00
  144.00000  52.398907    23.7785    35.4512     101.48  488296833 173.583715  144.00000  8640.0000   5.239891 5.2399e+04  0.000e+00
  144.50000  52.411556    23.7907    35.4511     101.69  488298633 173.604549  144.50000  8670.0000   5.241156 5.2412e+04  0.000e+00
  145.00000  52.393031    23.7837    35.4425     101.61  488300433 173.625382  145.00000  8700.0000   5.239303 5.2393e+04  0.000e+00
  145.50000  52.366512    23.7763    35.4283     101.69  488302233 173.646215  145.50000  8730.0000   5.236651 5.2367e+04  0.000e+00
  146.00000  52.399558    23.7973    35.4367     103.15  488304033 173.667049  146.00000  8760.0000   5.239956 5.2400e+04  0.000e+00
  146.50000  52.442899    23.8164    35.4544     104.03  488305833 173.687882  146.50000  8790.0000   5.244290 5.2443e+04  0.000e+00
  147.00000  52.468616    23.8401    35.4551     105.79  488307633 173.708715  147.00000  8820.0000   5.246862 5.2469e+04  0.000e+00
  147.50000  52.438488    23.8326    35.4381     108.13  488309433 173.729549  147.50000  8850.0000   5.243849 5.2438e+04  0.000e+00
  148.00000  52.448855    23.8438    35.4371     108.02  488311233 173.750382  148.00000  8880.0000   5.244886 5.2449e+04  0.000e+00
  148.50000  52.440528    23.8409    35.4331     108.31  488313033 173.771215  148.50000  8910.0000   5.244053 5.2441e+04  0.000e+00
  149.00000  52.417266    23.8178    35.4338     108.61  488314833 173.792049  149.00000  8940.0000   5.241727 5.2417e+04  0.000e+00
  149.50000  52.409431    23.8108    35.4334     108.57  488316633 173.812882  149.50000  8970.0000   5.240943 5.2409e+04  0.000e+00
  150.00000  52.396783    23.7986    35.4336     108.17  488318433 173.833715  150.00000  9000.0000   5.239678 5.2397e+04  0.000e+00
  150.50000  52.282681    23.6666    35.4521     108.13  488320233 173.854549  150.50000  9030.0000   5.228268 5.2283e+04  0.000e+00
  151.00000  52.201430    23.5800    35.4594     106.59  488322034 173.875394  151.00000  9060.0000   5.220143 5.2201e+04  0.000e+00
  151.50000  52.259119    23.6662    35.4344     106.38  488323833 173.896215  151.50000  9090.0000   5.225912 5.2259e+04  0.000e+00
  152.00000  52.114683    23.5898    35.3853     103.61  488325634 173.917060  152.00000  9120.0000   5.211468 5.2115e+04  0.000e+00
  152.50000  52.051602    23.5563    35.3638     101.83  488327434 173.937894  152.50000  9150.0000   5.205160 5.2052e+04  0.000e+00
  153.00000  51.994248    23.5206    35.3485     100.48  488329234 173.958727  153.00000  9180.0000   5.199425 5.1994e+04  0.000e+00
  153.50000  52.191734    23.5777    35.4539      99.80  488331034 173.979560  153.50000  9210.0000   5.219173 5.2192e+04  0.000e+00
  154.00000  52.156627    23.5565    35.4440      99.53  488332834 174.000394  154.00000  9240.0000   5.215663 5.2157e+04  0.000e+00
  154.50000  52.090754    23.5387    35.4079      99.50  488334634 174.021227  154.50000  9270.0000   5.209075 5.2091e+04  0.000e+00
  155.00000  51.932293    23.4348    35.3698      99.23  488336434 174.042060  155.00000  9300.0000   5.193229 5.1932e+04  0.000e+00
  155.50000  51.973276    23.4300    35.4050      99.08  488338234 174.062894  155.50000  9330.0000   5.197328 5.1973e+04  0.000e+00
  156.00000  51.969371    23.4428    35.3918      99.10  488340034 174.083727  156.00000  9360.0000   5.196937 5.1969e+04  0.000e+00
  156.50000  51.901491    23.3860    35.3853      98.83  488341834 174.104560  156.50000  9390.0000   5.190149 5.1901e+04  0.000e+00
  157.00000  51.873944    23.3653    35.3808      98.54  488343634 174.125394  157.00000  9420.0000   5.187394 5.1874e+04  0.000e+00
  157.50000  51.867607    23.3572    35.3824      98.04  488345434 174.146227  157.50000  9450.0000   5.186761 5.1868e+04  0.000e+00
  158.00000  51.833001    23.3283    35.3790      97.86  488347234 174.167060  158.00000  9480.0000   5.183300 5.1833e+04  0.000e+00
  158.50000  51.838607    23.3192    35.3906      97.31  488349034 174.187894  158.50000  9510.0000   5.183861 5.1839e+04  0.000e+00
  159.00000  51.780707    23.2663    35.3886      96.59  488350834 174.208727  159.00000  9540.0000   5.178071 5.1781e+04  0.000e+00
  159.50000  51.741985    23.2399    35.3800      95.99  488352634 174.229560  159.50000  9570.0000   5.174198 5.1742e+04  0.000e+00
  160.00000  51.647632    23.1486    35.3809      95.53  488354434 174.250394  160.00000  9600.0000   5.164763 5.1648e+04  0.000e+00
  160.50000  51.631496    23.1225    35.3894      95.04  488356234 174.271227  160.50000  9630.0000   5.163150 5.1631e+04  0.000e+00
  161.00000  51.597040    23.0789    35.3979      95.01  488358034 174.292060  161.00000  9660.0000   5.159704 5.1597e+04  0.000e+00
  161.50000  51.238235    22.6348    35.4792      94.14  488359835 174.312905  161.50000  9690.0000   5.123823 5.1238e+04  0.000e+00
  162.00000  50.964565    22.3553    35.4931      92.96  488361635 174.333738  162.00000  9720.0000   5.096456 5.0965e+04  0.000e+00
  162.50000  50.884923    22.2712    35.4994      92.47  488363435 174.354572  162.50000  9750.0000   5.088492 5.0885e+04  0.000e+00
  163.00000  50.859624    22.2365    35.5079      92.88  488365236 174.375417  163.00000  9780.0000   5.085962 5.0860e+04  0.000e+00
  163.50000  50.995776    22.3774    35.4996      93.57  488367035 174.396238  163.50000  9810.0000   5.099578 5.0996e+04  0.000e+00
  164.00000  51.058626    22.4353    35.5015      94.49  488368835 174.417072  164.00000  9840.0000   5.105863 5.1059e+04  0.000e+00
  164.50000  51.179577    22.5457    35.5060      96.79  488370635 174.437905  164.50000  9870.0000   5.117958 5.1180e+04  0.000e+00
  165.00000  51.254735    22.5664    35.5478      98.14  488372435 174.458738  165.00000  9900.0000   5.125474 5.1255e+04  0.000e+00
  165.50000  51.347972    22.6572    35.5464      98.92  488374235 174.479572  165.50000  9930.0000   5.134797 5.1348e+04  0.000e+00
  166.00000  51.493669    22.8213    35.5263      99.94  488376035 174.500405  166.00000  9960.0000   5.149367 5.1494e+04  0.000e+00
  166.50000  51.591869    22.9535    35.4952     100.55  488377834 174.521227  166.50000  9990.0000   5.159187 5.1592e+04  0.000e+00
  167.00000  51.646836    23.0404    35.4674     100.78  488379634 174.542060  167.00000 10020.0000   5.164684 5.1647e+04  0.000e+00
  167.50000  51.618131    23.0121    35.4681     100.50  488381434 174.562894  167.50000 10050.0000   5.161813 5.1618e+04  0.000e+00
  168.00000  51.530850    22.8645    35.5200     100.33  488383235 174.583738  168.00000 10080.0000   5.153085 5.1531e+04  0.000e+00
  168.50000  51.534981    22.8787    35.5117     100.28  488385035 174.604572  168.50000 10110.0000   5.153498 5.1535e+04  0.000e+00
  169.00000  51.534089    22.8833    35.5073      99.79  488386835 174.625405  169.00000 10140.0000   5.153409 5.1534e+04  0.000e+00
  169.50000  51.529387    22.8980    35.4918      99.37  488388635 174.646238  169.50000 10170.0000   5.152939 5.1529e+04  0.000e+00
  170.00000  51.501843    22.8812    35.4840      99.19  488390435 174.667072  170.00000 10200.0000   5.150184 5.1502e+04  0.000e+00
  170.50000  51.465402    22.8237    35.5024      99.49  488392235 174.687905  170.50000 10230.0000   5.146540 5.1465e+04  0.000e+00
  171.00000  51.396928    22.6743    35.5706     100.76  488394035 174.708738  171.00000 10260.0000   5.139693 5.1397e+04  0.000e+00
  171.50000  51.460877    22.7486    35.5599     103.08  488395835 174.729572  171.50000 10290.0000   5.146088 5.1461e+04  0.000e+00
  172.00000  51.475048    22.7623    35.5597     103.45  488397635 174.750405  172.00000 10320.0000   5.147505 5.1475e+04  0.000e+00
  172.50000  51.447600    22.7243    35.5693     101.94  488399435 174.771238  172.50000 10350.0000   5.144760 5.1448e+04  0.000e+00
  173.00000  51.465897    22.7519    35.5611     103.20  488401235 174.792072  173.00000 10380.0000   5.146590 5.1466e+04  0.000e+00
  173.50000  51.405831    22.6745    35.5774     102.96  488403035 174.812905  173.50000 10410.0000   5.140583 5.1406e+04  0.000e+00
  174.00000  51.406721    22.6805    35.5732     102.53  488404835 174.833738  174.00000 10440.0000   5.140672 5.1407e+04  0.000e+00
  174.50000  51.402997    22.6816    35.5694     102.76  488406635 174.854572  174.50000 10470.0000   5.140300 5.1403e+04  0.000e+00
  175.00000  51.406397    22.6796    35.5737     101.63  488408435 174.875405  175.00000 10500.0000   5.140640 5.1406e+04  0.000e+00
  175.50000  51.418296    22.6887    35.5755     100.86  488410235 174.896238  175.50000 10530.0000   5.141830 5.1418e+04  0.000e+00
  176.00000  51.421048    22.6934    35.5738     100.67  488412035 174.917072  176.00000 10560.0000   5.142105 5.1421e+04  0.000e+00
  176.50000  51.417326    22.6768    35.5844     100.09  488413835 174.937905  176.50000 10590.0000   5.141733 5.1417e+04  0.000e+00
  177.00000  51.499040    22.6422    35.6763      99.56  488415635 174.958738  177.00000 10620.0000   5.149904 5.1499e+04  0.000e+00
  177.50000  51.432968    22.5533    35.6975      99.75  488417435 174.979572  177.50000 10650.0000   5.143297 5.1433e+04  0.000e+00
  178.00000  51.400589    22.5391    35.6839      99.20  488419235 175.000405  178.00000 10680.0000   5.140059 5.1401e+04  0.000e+00
  178.50000  51.375902    22.5526    35.6536      98.43  488421035 175.021238  178.50000 10710.0000   5.137590 5.1376e+04  0.000e+00
  179.00000  51.305116    22.5294    35.6173      98.24  488422835 175.042072  179.00000 10740.0000   5.130512 5.1305e+04  0.000e+00
  179.50000  51.265980    22.5180    35.5960      98.43  488424635 175.062905  179.50000 10770.0000   5.126598 5.1266e+04  0.000e+00
