tests/resources/orca-test-data/SBE37IMP/SBE37IMP-ODO_03712611_2015_10_10/SBE37IMP-ODO_03712611_2015_10_10.cnv
* Sea-Bird SBE37IMP-ODO  Data File:
* FileName = C:\Users\Environmental\Documents\Aurecon-CPM\FSP12_Telemetered Service 4_Oct 2015\retrieval\REF\SBEdata\SBE37IMP-ODO_03712611_2015_10_10.hex
* Software version SeatermV2 2.4.1
* Temperature SN = 12611
* Conductivity SN = 12611
* System UpLoad Time = Oct 10 2015 12:22:58
* sample interval = 1800 seconds
* <ApplicationData>
# nquan = 12
# nvalues = 5565                                  
# units = specified
# name 0 = timeH: Time, Elapsed [hours]
# name 1 = cond0mS/cm: Conductivity [mS/cm]
# name 2 = tv290C: Temperature [ITS-90, deg C]
# name 3 = sal00: Salinity, Practical [PSU]
# name 4 = sbeopoxPS: Oxygen, SBE 63 [% saturation]
# name 5 = timeK: Time, Instrument [seconds]
# name 6 = timeJV2: Time, Instrument [julian days]
# name 7 = timeH: Time, Elapsed [hours]
# name 8 = timeM: Time, Elapsed [minutes]
# name 9 = cond0S/m: Conductivity [S/m]
# name 10 = cond0uS/cm: Conductivity [uS/cm]
# name 11 = flag:  0.000e+00
# span 0 =    0.00000, 2782.00000                 
# span 1 =   0.040600,  65.875534                 
# span 2 =    18.2521,    33.0567                 
# span 3 =     0.0258,    42.4399                 
# span 4 =      77.69,     134.59                 
# span 5 =  487778401,  497793626                 
# span 6 = 167.583345, 283.500301                 
# span 7 =    0.00000, 2782.00000                 
# span 8 =     0.0000, 166920.000                 
# span 9 =   0.004060,   6.587553                 
# span 10 =  40.600313, 6.5876e+04                
# span 11 = 0.0000e+00, 0.0000e+00                
# interval = seconds: 1800
# start_time = Jun 16 2015 14:00:01 [Instrument's time stamp, first data scan]
# bad_flag = -9.990e-29
*END*
[from data line 1083]
  541.50000  50.522776    21.8853    35.5307      98.57  489727836 190.146250  541.50000 32490.0000   5.052278 5.0523e+04  0.000e+00
  542.00000  50.547357    21.9392    35.5058      98.09  489729636 190.167083  542.00000 32520.0000   5.054736 5.0547e+04  0.000e+00
  542.50000  50.561017    21.9663    35.4944      97.03  489731436 190.187917  542.50000 32550.0000   5.056102 5.0561e+04  0.000e+00
  543.00000  50.559811    21.9637    35.4955      95.57  489733236 190.208750  543.00000 32580.0000   5.055981 5.0560e+04  0.000e+00
  543.50000  50.553704    21.9545    35.4983      95.30  489735036 190.229583  543.50000 32610.0000   5.055370 5.0554e+04  0.000e+00
  544.00000  50.420937    21.8892    35.4470      97.70  489736836 190.250417  544.00000 32640.0000   5.042094 5.0421e+04  0.000e+00
  544.50000  50.422627    21.8644    35.4687      97.07  489738636 190.271250  544.50000 32670.0000   5.042263 5.0423e+04  0.000e+00
  545.00000  50.409624    21.8514    35.4691      96.25  489740436 190.292083  545.00000 32700.0000   5.040962 5.0410e+04  0.000e+00
  545.50000  50.406252    21.8513    35.4665      95.87  489742236 190.312917  545.50000 32730.0000   5.040625 5.0406e+04  0.000e+00
  546.00000  50.411631    21.8447    35.4762      96.04  489744036 190.333750  546.00000 32760.0000   5.041163 5.0412e+04  0.000e+00
  546.50000  50.408982    21.8443    35.4745      95.96  489745836 190.354583  546.50000 32790.0000   5.040898 5.0409e+04  0.000e+00
  547.00000  50.394376    21.8321    35.4729      95.89  489747636 190.375417  547.00000 32820.0000   5.039438 5.0394e+04  0.000e+00
  547.50000  50.370144    21.8008    35.4795      95.93  489749436 190.396250  547.50000 32850.0000   5.037014 5.0370e+04  0.000e+00
  548.00000  50.377930    21.7808    35.5021      95.12  489751236 190.417083  548.00000 32880.0000   5.037793 5.0378e+04  0.000e+00
  548.50000  50.381060    21.7798    35.5054      95.06  489753036 190.437917  548.50000 32910.0000   5.038106 5.0381e+04  0.000e+00
  549.00000  50.249543    21.6067    35.5438      95.87  489754836 190.458750  549.00000 32940.0000   5.024954 5.0250e+04  0.000e+00
  549.50000  50.243935    21.5860    35.5564      96.08  489756636 190.479583  549.50000 32970.0000   5.024393 5.0244e+04  0.000e+00
  550.00000  50.259503    21.4640    35.6700      99.83  489758436 190.500417  550.00000 33000.0000   5.025950 5.0260e+04  0.000e+00
  550.50000  50.251493    21.4117    35.7071     101.05  489760237 190.521262  550.50000 33030.0000   5.025149 5.0251e+04  0.000e+00
  551.00000  50.260473    21.4067    35.7185     101.49  489762037 190.542095  551.00000 33060.0000   5.026047 5.0260e+04  0.000e+00
  551.50000  50.270005    21.4728    35.6711     101.56  489763836 190.562917  551.50000 33090.0000   5.027000 5.0270e+04  0.000e+00
  552.00000  50.306884    21.5322    35.6512     100.99  489765636 190.583750  552.00000 33120.0000   5.030688 5.0307e+04  0.000e+00
  552.50000  50.361744    21.6057    35.6338     101.08  489767436 190.604583  552.50000 33150.0000   5.036174 5.0362e+04  0.000e+00
  553.00000  50.419677    21.7119    35.5920     100.74  489769236 190.625417  553.00000 33180.0000   5.041968 5.0420e+04  0.000e+00
  553.50000  50.618812    22.0212    35.4949     100.68  489771036 190.646250  553.50000 33210.0000   5.061881 5.0619e+04  0.000e+00
  554.00000  50.703902    22.1551    35.4522     100.84  489772835 190.667072  554.00000 33240.0000   5.070390 5.0704e+04  0.000e+00
  554.50000  50.704387    22.1390    35.4658     102.21  489774635 190.687905  554.50000 33270.0000   5.070439 5.0704e+04  0.000e+00
  555.00000  50.722893    22.1698    35.4551     101.96  489776435 190.708738  555.00000 33300.0000   5.072289 5.0723e+04  0.000e+00
  555.50000  50.737780    22.1937    35.4472     101.76  489778235 190.729572  555.50000 33330.0000   5.073778 5.0738e+04  0.000e+00
  556.00000  50.739871    22.2063    35.4386     100.95  489780035 190.750405  556.00000 33360.0000   5.073987 5.0740e+04  0.000e+00
  556.50000  50.745909    22.2021    35.4468     101.30  489781835 190.771238  556.50000 33390.0000   5.074591 5.0746e+04  0.000e+00
  557.00000  50.733434    22.1887    35.4480     100.95  489783635 190.792072  557.00000 33420.0000   5.073343 5.0733e+04  0.000e+00
  557.50000  50.715810    22.1691    35.4501     101.01  489785435 190.812905  557.50000 33450.0000   5.071581 5.0716e+04  0.000e+00
  558.00000  50.547533    21.8249    35.6001     102.59  489787236 190.833750  558.00000 33480.0000   5.054753 5.0548e+04  0.000e+00
  558.50000  50.491544    21.7392    35.6265     101.53  489789036 190.854583  558.50000 33510.0000   5.049154 5.0492e+04  0.000e+00
  559.00000  50.479176    21.7238    35.6294     100.37  489790836 190.875417  559.00000 33540.0000   5.047918 5.0479e+04  0.000e+00
  559.50000  50.456215    21.6675    35.6578      99.15  489792636 190.896250  559.50000 33570.0000   5.045621 5.0456e+04  0.000e+00
  560.00000  50.491548    21.7065    35.6535      98.47  489794436 190.917083  560.00000 33600.0000   5.049155 5.0492e+04  0.000e+00
  560.50000  50.463945    21.5156    35.7902     100.36  489796236 190.937917  560.50000 33630.0000   5.046394 5.0464e+04  0.000e+00
  561.00000  50.463149    21.4606    35.8354     100.71  489798036 190.958750  561.00000 33660.0000   5.046315 5.0463e+04  0.000e+00
  561.50000  50.458574    21.4408    35.8483     100.59  489799836 190.979583  561.50000 33690.0000   5.045857 5.0459e+04  0.000e+00
  562.00000  50.465966    21.4163    35.8747     101.20  489801637 191.000428  562.00000 33720.0000   5.046597 5.0466e+04  0.000e+00
  562.50000  50.494078    21.4095    35.9028     101.45  489803436 191.021250  562.50000 33750.0000   5.049408 5.0494e+04  0.000e+00
  563.00000  50.471908    21.4221    35.8746     100.24  489805236 191.042083  563.00000 33780.0000   5.047191 5.0472e+04  0.000e+00
  563.50000  50.467322    21.4843    35.8190      98.90  489807036 191.062917  563.50000 33810.0000   5.046732 5.0467e+04  0.000e+00
  564.00000  50.482895    21.5441    35.7815      99.16  489808836 191.083750  564.00000 33840.0000   5.048290 5.0483e+04  0.000e+00
  564.50000  50.496382    21.6010    35.7449      98.54  489810636 191.104583  564.50000 33870.0000   5.049638 5.0496e+04  0.000e+00
  565.00000  50.508988    21.6512    35.7133      98.37  489812436 191.125417  565.00000 33900.0000   5.050899 5.0509e+04  0.000e+00
  565.50000  50.526974    21.7330    35.6598      98.52  489814236 191.146250  565.50000 33930.0000   5.052697 5.0527e+04  0.000e+00
  566.00000  50.532355    21.7526    35.6478      98.31  489816036 191.167083  566.00000 33960.0000   5.053236 5.0532e+04  0.000e+00
  566.50000  50.536771    21.7778    35.6304      98.09  489817836 191.187917  566.50000 33990.0000   5.053677 5.0537e+04  0.000e+00
  567.00000  50.540385    21.7978    35.6168      97.91  489819636 191.208750  567.00000 34020.0000   5.054038 5.0540e+04  0.000e+00
  567.50000  50.535329    21.7513    35.6512      96.48  489821436 191.229583  567.50000 34050.0000   5.053533 5.0535e+04  0.000e+00
  568.00000  50.534289    21.7168    35.6789      96.18  489823236 191.250417  568.00000 34080.0000   5.053429 5.0534e+04  0.000e+00
  568.50000  50.402091    21.7561    35.5416      96.60  489825036 191.271250  568.50000 34110.0000   5.040209 5.0402e+04  0.000e+00
  569.00000  50.281038    21.7062    35.4867      97.50  489826836 191.292083  569.00000 34140.0000   5.028104 5.0281e+04  0.000e+00
  569.50000  50.217483    21.6019    35.5223      96.44  489828636 191.312917  569.50000 34170.0000   5.021748 5.0217e+04  0.000e+00
  570.00000  50.167496    21.5321    35.5403      95.85  489830436 191.333750  570.00000 34200.0000   5.016750 5.0167e+04  0.000e+00
  570.50000  50.082546    21.4318    35.5556      95.75  489832236 191.354583  570.50000 34230.0000   5.008255 5.0083e+04  0.000e+00
  571.00000  49.916437    21.1750    35.6361      95.45  489834037 191.375428  571.00000 34260.0000   4.991644 4.9916e+04  0.000e+00
  571.50000  49.763570    20.9426    35.7074      96.07  489835837 191.396262  571.50000 34290.0000   4.976357 4.9764e+04  0.000e+00
  572.00000  49.760056    20.9580    35.6917      96.70  489837637 191.417095  572.00000 34320.0000   4.976006 4.9760e+04  0.000e+00
  572.50000  49.738588    20.9290    35.6987      97.03  489839437 191.437928  572.50000 34350.0000   4.973859 4.9739e+04  0.000e+00
  573.00000  49.908300    21.0513    35.7330      98.87  489841237 191.458762  573.00000 34380.0000   4.990830 4.9908e+04  0.000e+00
  573.50000  49.932529    20.9917    35.8025     100.66  489843037 191.479595  573.50000 34410.0000   4.993253 4.9933e+04  0.000e+00
  574.00000  49.975149    20.9897    35.8385     101.04  489844837 191.500428  574.00000 34440.0000   4.997515 4.9975e+04  0.000e+00
  574.50000  49.956047    20.9105    35.8898     101.07  489846637 191.521262  574.50000 34470.0000   4.995605 4.9956e+04  0.000e+00
  575.00000  49.868219    20.7734    35.9345     100.50  489848438 191.542106  575.00000 34500.0000   4.986822 4.9868e+04  0.000e+00
  575.50000  49.881404    20.7721    35.9463     100.44  489850238 191.562940  575.50000 34530.0000   4.988140 4.9881e+04  0.000e+00
  576.00000  49.954935    20.8479    35.9417     100.94  489852037 191.583762  576.00000 34560.0000   4.995494 4.9955e+04  0.000e+00
  576.50000  49.943733    20.9125    35.8781     100.77  489853837 191.604595  576.50000 34590.0000   4.994373 4.9944e+04  0.000e+00
  577.00000  50.029042    21.1625    35.7370     100.51  489855637 191.625428  577.00000 34620.0000   5.002904 5.0029e+04  0.000e+00
  577.50000  50.108817    21.3420    35.6511     100.48  489857437 191.646262  577.50000 34650.0000   5.010882 5.0109e+04  0.000e+00
  578.00000  50.216690    21.5392    35.5735     100.34  489859236 191.667083  578.00000 34680.0000   5.021669 5.0217e+04  0.000e+00
  578.50000  50.281369    21.6321    35.5482     100.40  489861036 191.687917  578.50000 34710.0000   5.028137 5.0281e+04  0.000e+00
  579.00000  50.322583    21.6916    35.5318     100.48  489862836 191.708750  579.00000 34740.0000   5.032258 5.0323e+04  0.000e+00
  579.50000  50.300226    21.5380    35.6410     104.29  489864636 191.729583  579.50000 34770.0000   5.030023 5.0300e+04  0.000e+00
  580.00000  50.267520    21.4657    35.6750     102.74  489866436 191.750417  580.00000 34800.0000   5.026752 5.0268e+04  0.000e+00
  580.50000  50.281788    21.4995    35.6583     101.27  489868236 191.771250  580.50000 34830.0000   5.028179 5.0282e+04  0.000e+00
  581.00000  50.277544    21.4536    35.6930     101.20  489870036 191.792083  581.00000 34860.0000   5.027754 5.0278e+04  0.000e+00
  581.50000  50.290373    21.4576    35.7000     101.31  489871836 191.812917  581.50000 34890.0000   5.029037 5.0290e+04  0.000e+00
  582.00000  50.291415    21.4649    35.6948     100.65  489873636 191.833750  582.00000 34920.0000   5.029141 5.0291e+04  0.000e+00
  582.50000  50.288286    21.4740    35.6846     100.25  489875436 191.854583  582.50000 34950.0000   5.028829 5.0288e+04  0.000e+00
  583.00000  50.285562    21.4593    35.6947     100.21  489877236 191.875417  583.00000 34980.0000   5.028556 5.0286e+04  0.000e+00
  583.50000  50.201412    21.3320    35.7335     100.21  489879037 191.896262  583.50000 35010.0000   5.020141 5.0201e+04  0.000e+00
  584.00000  50.197649    21.3133    35.7461     100.02  489880837 191.917095  584.00000 35040.0000   5.019765 5.0198e+04  0.000e+00
  584.50000  50.138304    21.2049    35.7892      99.39  489882637 191.937928  584.50000 35070.0000   5.013830 5.0138e+04  0.000e+00
  585.00000  50.155368    21.1705    35.8317      99.29  489884437 191.958762  585.00000 35100.0000   5.015537 5.0155e+04  0.000e+00
  585.50000  50.201513    21.1753    35.8647      98.94  489886237 191.979595  585.50000 35130.0000   5.020151 5.0202e+04  0.000e+00
  586.00000  50.231646    21.1793    35.8855      98.90  489888037 192.000428  586.00000 35160.0000   5.023165 5.0232e+04  0.000e+00
  586.50000  50.237422    21.1388    35.9243      99.44  489889837 192.021262  586.50000 35190.0000   5.023742 5.0237e+04  0.000e+00
  587.00000  50.244077    21.1212    35.9444      99.81  489891637 192.042095  587.00000 35220.0000   5.024408 5.0244e+04  0.000e+00
  587.50000  50.253777    21.1175    35.9553      99.89  489893437 192.062928  587.50000 35250.0000   5.025378 5.0254e+04  0.000e+00
  588.00000  50.256744    21.1132    35.9613      99.66  489895237 192.083762  588.00000 35280.0000   5.025674 5.0257e+04  0.000e+00
  588.50000  50.256904    21.1149    35.9601      99.21  489897037 192.104595  588.50000 35310.0000   5.025690 5.0257e+04  0.000e+00
  589.00000  50.259390    21.1139    35.9629      98.98  489898837 192.125428  589.00000 35340.0000   5.025939 5.0259e+04  0.000e+00
  589.50000  50.266522    21.1332    35.9524      97.25  489900637 192.146262  589.50000 35370.0000   5.026652 5.0267e+04  0.000e+00
  590.00000  50.264114    21.1589    35.9288      95.38  489902437 192.167095  590.00000 35400.0000   5.026411 5.0264e+04  0.000e+00
  590.50000  50.266437    21.1737    35.9182      94.71  489904237 192.187928  590.50000 35430.0000   5.026644 5.0266e+04  0.000e+00
  591.00000  50.271007    21.1713    35.9239      94.88  489906037 192.208762  591.00000 35460.0000   5.027101 5.0271e+04  0.000e+00
  591.50000  50.177390    21.2285    35.8007      95.39  489907837 192.229595  591.50000 35490.0000   5.017739 5.0177e+04  0.000e+00
  592.00000  49.925701    21.2420    35.5877      97.79  489909637 192.250428  592.00000 35520.0000   4.992570 4.9926e+04  0.000e+00
  592.50000  49.886943    21.1830    35.6057      98.25  489911437 192.271262  592.50000 35550.0000   4.988694 4.9887e+04  0.000e+00
  593.00000  49.826873    21.0966    35.6296      98.13  489913237 192.292095  593.00000 35580.0000   4.982687 4.9827e+04  0.000e+00
  593.50000  49.844375    21.0338    35.6961      98.12  489915037 192.312928  593.50000 35610.0000   4.984438 4.9844e+04  0.000e+00
  594.00000  49.763723    20.9949    35.6637      97.43  489916837 192.333762  594.00000 35640.0000   4.976372 4.9764e+04  0.000e+00
  594.50000  49.724551    20.8511    35.7528      97.52  489918637 192.354595  594.50000 35670.0000   4.972455 4.9725e+04  0.000e+00
  595.00000  49.660265    20.7130    35.8170      97.56  489920438 192.375440  595.00000 35700.0000   4.966026 4.9660e+04  0.000e+00
  595.50000  49.700819    20.4969    36.0332      98.55  489922238 192.396273  595.50000 35730.0000   4.970082 4.9701e+04  0.000e+00
  596.00000  49.689176    20.4549    36.0595      98.79  489924038 192.417106  596.00000 35760.0000   4.968918 4.9689e+04  0.000e+00
  596.50000  49.670189    20.4590    36.0405      99.11  489925838 192.437940  596.50000 35790.0000   4.967019 4.9670e+04  0.000e+00
  597.00000  49.634304    20.4244    36.0407      99.65  489927638 192.458773  597.00000 35820.0000   4.963430 4.9634e+04  0.000e+00
  597.50000  49.636305    20.3635    36.0944      99.76  489929438 192.479606  597.50000 35850.0000   4.963631 4.9636e+04  0.000e+00
  598.00000  49.633757    20.3353    36.1164      99.99  489931238 192.500440  598.00000 35880.0000   4.963376 4.9634e+04  0.000e+00
  598.50000  49.675628    20.3469    36.1408     100.07  489933038 192.521273  598.50000 35910.0000   4.967563 4.9676e+04  0.000e+00
  599.00000  49.669490    20.3128    36.1649      99.72  489934838 192.542106  599.00000 35940.0000   4.966949 4.9669e+04  0.000e+00
  599.50000  49.616942    20.2679    36.1604      99.68  489936638 192.562940  599.50000 35970.0000   4.961694 4.9617e+04  0.000e+00
  600.00000  49.605058    20.3013    36.1220      99.96  489938438 192.583773  600.00000 36000.0000   4.960506 4.9605e+04  0.000e+00
  600.50000  49.608722    20.3228    36.1066     100.09  489940238 192.604606  600.50000 36030.0000   4.960872 4.9609e+04  0.000e+00
  601.00000  49.606245    20.3656    36.0680     100.18  489942038 192.625440  601.00000 36060.0000   4.960625 4.9606e+04  0.000e+00
