tests/resources/orca-test-data/SBE37IMP/SBE37IMP-ODO_03712611_2015_10_10/SBE37IMP-ODO_03712611_2015_10_10.cnv
* Sea-Bird SBE37IMP-ODO  Data File:
* FileName = C:\Users\Environmental\Documents\Aurecon-CPM\FSP12_Telemetered Service 4_Oct 2015\retrieval\REF\SBEdata\SBE37IMP-ODO_03712611_2015_10_10.hex
* Software version SeatermV2 2.4.1
* Temperature SN = 12611
* Conductivity SN = 12611
* System UpLoad Time = Oct 10 2015 12:22:58
* sample interval = 1800 seconds
* <ApplicationData>
# nquan = 12
# nvalues = 5565                                  
# units = specified
# name 0 = timeH: Time, Elapsed [hours]
# name 1 = cond0mS/cm: Conductivity [mS/cm]
# name 2 = tv290C: Temperature [ITS-90, deg C]
# name 3 = sal00: Salinity, Practical [PSU]
# name 4 = sbeopoxPS: Oxygen, SBE 63 [% saturation]
# name 5 = timeK: Time, Instrument [seconds]
# name 6 = timeJV2: Time, Instrument [julian days]
# name 7 = timeH: Time, Elapsed [hours]
# name 8 = timeM: Time, Elapsed [minutes]
# name 9 = cond0S/m: Conductivity [S/m]
# name 10 = cond0uS/cm: Conductivity [uS/cm]
# name 11 = flag:  0.000e+00
# span 0 =    0.00000, 2782.00000                 
# span 1 =   0.040600,  65.875534                 
# span 2 =    18.2521,    33.0567                 
# span 3 =     0.0258,    42.4399                 
# span 4 =      77.69,     134.59                 
# span 5 =  487778401,  497793626                 
# span 6 = 167.583345, 283.500301                 
# span 7 =    0.00000, 2782.00000                 
# span 8 =     0.0000, 166920.000                 
# span 9 =   0.004060,   6.587553                 
# span 10 =  40.600313, 6.5876e+04                
# span 11 = 0.0000e+00, 0.0000e+00                
# interval = seconds: 1800
# start_time = Jun 16 2015 14:00:01 [Instrument's time stamp, first data scan]
# bad_flag = -9.990e-29
*END*
[from data line 4572]
 2286.00000  53.824517    24.3161    36.1005     107.30  496008031 262.833692 2286.00000 137160.000   5.382452 5.3825e+04  0.000e+00
 2286.50000  53.751313    24.2702    36.0822     108.62  496009831 262.854525 2286.50000 137190.000   5.375131 5.3751e+04  0.000e+00
 2287.00000  53.732011    24.2389    36.0929     107.55  496011631 262.875359 2287.00000 137220.000   5.373201 5.3732e+04  0.000e+00
 2287.50000  54.007943    24.2824    36.2664     101.00  496013431 262.896192 2287.50000 137250.000   5.400794 5.4008e+04  0.000e+00
 2288.00000  54.003894    24.2647    36.2778     100.85  496015231 262.917025 2288.00000 137280.000   5.400389 5.4004e+04  0.000e+00
 2288.50000  54.004391    24.2571    36.2843     101.05  496017031 262.937859 2288.50000 137310.000   5.400439 5.4004e+04  0.000e+00
 2289.00000  54.039533    24.2730    36.2980     100.99  496018831 262.958692 2289.00000 137340.000   5.403953 5.4040e+04  0.000e+00
 2289.50000  54.044905    24.3030    36.2777     101.31  496020631 262.979525 2289.50000 137370.000   5.404490 5.4045e+04  0.000e+00
 2290.00000  54.041348    24.3026    36.2754     100.75  496022431 263.000359 2290.00000 137400.000   5.404135 5.4041e+04  0.000e+00
 2290.50000  53.980329    24.2897    36.2397     100.57  496024231 263.021192 2290.50000 137430.000   5.398033 5.3980e+04  0.000e+00
 2291.00000  53.895960    24.2649    36.1959     100.58  496026031 263.042025 2291.00000 137460.000   5.389596 5.3896e+04  0.000e+00
 2291.50000  53.864822    24.2524    36.1825     100.22  496027831 263.062859 2291.50000 137490.000   5.386482 5.3865e+04  0.000e+00
 2292.00000  53.809915    24.2374    36.1531      99.86  496029631 263.083692 2292.00000 137520.000   5.380992 5.3810e+04  0.000e+00
 2292.50000  53.778551    24.2259    36.1386      99.21  496031431 263.104525 2292.50000 137550.000   5.377855 5.3779e+04  0.000e+00
 2293.00000  53.710569    24.1930    36.1138      98.50  496033231 263.125359 2293.00000 137580.000   5.371057 5.3711e+04  0.000e+00
 2293.50000  53.581225    24.1249    36.0710      97.85  496035031 263.146192 2293.50000 137610.000   5.358123 5.3581e+04  0.000e+00
 2294.00000  53.533119    24.0793    36.0713      98.50  496036831 263.167025 2294.00000 137640.000   5.353312 5.3533e+04  0.000e+00
 2294.50000  53.596143    24.1098    36.0944      98.24  496038631 263.187859 2294.50000 137670.000   5.359614 5.3596e+04  0.000e+00
 2295.00000  53.621939    24.1138    36.1108      96.64  496040431 263.208692 2295.00000 137700.000   5.362194 5.3622e+04  0.000e+00
 2295.50000  53.665882    24.1083    36.1486      95.45  496042231 263.229525 2295.50000 137730.000   5.366588 5.3666e+04  0.000e+00
 2296.00000  53.669762    24.0752    36.1784      94.72  496044031 263.250359 2296.00000 137760.000   5.366976 5.3670e+04  0.000e+00
 2296.50000  53.670587    24.0718    36.1818      93.57  496045831 263.271192 2296.50000 137790.000   5.367059 5.3671e+04  0.000e+00
 2297.00000  53.665725    24.0470    36.1983      91.83  496047631 263.292025 2297.00000 137820.000   5.366573 5.3666e+04  0.000e+00
 2297.50000  53.667541    24.0385    36.2065      90.79  496049431 263.312859 2297.50000 137850.000   5.366754 5.3668e+04  0.000e+00
 2298.00000  53.668118    24.0389    36.2067      90.55  496051231 263.333692 2298.00000 137880.000   5.366812 5.3668e+04  0.000e+00
 2298.50000  53.775937    24.0401    36.2877      90.97  496053031 263.354525 2298.50000 137910.000   5.377594 5.3776e+04  0.000e+00
 2299.00000  53.785759    24.0347    36.2995      90.15  496054831 263.375359 2299.00000 137940.000   5.378576 5.3786e+04  0.000e+00
 2299.50000  53.781219    24.0383    36.2931      90.67  496056631 263.396192 2299.50000 137970.000   5.378122 5.3781e+04  0.000e+00
 2300.00000  53.789139    24.0614    36.2803      92.63  496058431 263.417025 2300.00000 138000.000   5.378914 5.3789e+04  0.000e+00
 2300.50000  53.800117    24.0628    36.2875      94.16  496060231 263.437859 2300.50000 138030.000   5.380012 5.3800e+04  0.000e+00
 2301.00000  53.796234    24.0902    36.2622      96.76  496062031 263.458692 2301.00000 138060.000   5.379623 5.3796e+04  0.000e+00
 2301.50000  53.728314    24.1271    36.1807      99.70  496063831 263.479525 2301.50000 138090.000   5.372831 5.3728e+04  0.000e+00
 2302.00000  53.714208    24.1259    36.1710     100.54  496065631 263.500359 2302.00000 138120.000   5.371421 5.3714e+04  0.000e+00
 2302.50000  53.711320    24.1313    36.1644     101.15  496067431 263.521192 2302.50000 138150.000   5.371132 5.3711e+04  0.000e+00
 2303.00000  53.685421    24.1376    36.1397     101.47  496069231 263.542025 2303.00000 138180.000   5.368542 5.3685e+04  0.000e+00
 2303.50000  53.654745    24.1480    36.1079     101.97  496071031 263.562859 2303.50000 138210.000   5.365474 5.3655e+04  0.000e+00
 2304.00000  53.599021    24.1530    36.0617     102.08  496072831 263.583692 2304.00000 138240.000   5.359902 5.3599e+04  0.000e+00
 2304.50000  53.625063    24.1735    36.0649     102.29  496074631 263.604525 2304.50000 138270.000   5.362506 5.3625e+04  0.000e+00
 2305.00000  53.591024    24.1776    36.0358     102.37  496076431 263.625359 2305.00000 138300.000   5.359102 5.3591e+04  0.000e+00
 2305.50000  53.577839    24.1828    36.0216     102.49  496078231 263.646192 2305.50000 138330.000   5.357784 5.3578e+04  0.000e+00
 2306.00000  53.608243    24.2118    36.0212     103.72  496080031 263.667025 2306.00000 138360.000   5.360824 5.3608e+04  0.000e+00
 2306.50000  53.657699    24.2472    36.0300     106.32  496081831 263.687859 2306.50000 138390.000   5.365770 5.3658e+04  0.000e+00
 2307.00000  53.659430    24.2518    36.0276     106.86  496083631 263.708692 2307.00000 138420.000   5.365943 5.3659e+04  0.000e+00
 2307.50000  53.639315    24.2342    36.0266     105.49  496085431 263.729525 2307.50000 138450.000   5.363932 5.3639e+04  0.000e+00
 2308.00000  53.670071    24.2204    36.0610     101.82  496087231 263.750359 2308.00000 138480.000   5.367007 5.3670e+04  0.000e+00
 2308.50000  53.666856    24.2118    36.0656     100.44  496089031 263.771192 2308.50000 138510.000   5.366686 5.3667e+04  0.000e+00
 2309.00000  53.676916    24.2120    36.0730     100.17  496090831 263.792025 2309.00000 138540.000   5.367692 5.3677e+04  0.000e+00
 2309.50000  53.673371    24.2085    36.0732      99.63  496092631 263.812859 2309.50000 138570.000   5.367337 5.3673e+04  0.000e+00
 2310.00000  53.678729    24.2218    36.0664      99.66  496094431 263.833692 2310.00000 138600.000   5.367873 5.3679e+04  0.000e+00
 2310.50000  53.674276    24.2250    36.0605      99.43  496096231 263.854525 2310.50000 138630.000   5.367428 5.3674e+04  0.000e+00
 2311.00000  53.714437    24.2513    36.0696     100.22  496098031 263.875359 2311.00000 138660.000   5.371444 5.3714e+04  0.000e+00
 2311.50000  53.746774    24.2747    36.0751     101.17  496099831 263.896192 2311.50000 138690.000   5.374677 5.3747e+04  0.000e+00
 2312.00000  53.789932    24.2878    36.0972     101.74  496101631 263.917025 2312.00000 138720.000   5.378993 5.3790e+04  0.000e+00
 2312.50000  53.837482    24.2996    36.1236     102.07  496103431 263.937859 2312.50000 138750.000   5.383748 5.3837e+04  0.000e+00
 2313.00000  53.858124    24.3144    36.1272     102.66  496105231 263.958692 2313.00000 138780.000   5.385812 5.3858e+04  0.000e+00
 2313.50000  53.862335    24.3213    36.1249     102.38  496107031 263.979525 2313.50000 138810.000   5.386233 5.3862e+04  0.000e+00
 2314.00000  53.890663    24.3349    36.1352     101.75  496108831 264.000359 2314.00000 138840.000   5.389066 5.3891e+04  0.000e+00
 2314.50000  53.878769    24.3343    36.1267     101.13  496110631 264.021192 2314.50000 138870.000   5.387877 5.3879e+04  0.000e+00
 2315.00000  53.842019    24.3279    36.1042     100.51  496112431 264.042025 2315.00000 138900.000   5.384202 5.3842e+04  0.000e+00
 2315.50000  53.841109    24.3399    36.0938     100.08  496114230 264.062847 2315.50000 138930.000   5.384111 5.3841e+04  0.000e+00
 2316.00000  53.824513    24.3394    36.0816      99.67  496116030 264.083681 2316.00000 138960.000   5.382451 5.3825e+04  0.000e+00
 2316.50000  53.820385    24.3434    36.0754      98.96  496117830 264.104514 2316.50000 138990.000   5.382038 5.3820e+04  0.000e+00
 2317.00000  53.790916    24.3316    36.0626      98.36  496119631 264.125359 2317.00000 139020.000   5.379092 5.3791e+04  0.000e+00
 2317.50000  53.689853    24.2849    36.0239      97.45  496121431 264.146192 2317.50000 139050.000   5.368985 5.3690e+04  0.000e+00
 2318.00000  53.664787    24.2644    36.0215      96.68  496123231 264.167025 2318.00000 139080.000   5.366479 5.3665e+04  0.000e+00
 2318.50000  53.685649    24.2706    36.0323      96.63  496125031 264.187859 2318.50000 139110.000   5.368565 5.3686e+04  0.000e+00
 2319.00000  53.677568    24.2702    36.0264      96.59  496126831 264.208692 2319.00000 139140.000   5.367757 5.3678e+04  0.000e+00
 2319.50000  53.618215    24.2216    36.0208      96.11  496128631 264.229525 2319.50000 139170.000   5.361821 5.3618e+04  0.000e+00
 2320.00000  53.551726    24.1486    36.0294      95.66  496130431 264.250359 2320.00000 139200.000   5.355173 5.3552e+04  0.000e+00
 2320.50000  53.572653    24.1456    36.0477      94.54  496132231 264.271192 2320.50000 139230.000   5.357265 5.3573e+04  0.000e+00
 2321.00000  53.563839    24.1303    36.0534      93.62  496134031 264.292025 2321.00000 139260.000   5.356384 5.3564e+04  0.000e+00
 2321.50000  53.564417    24.1203    36.0619      93.68  496135831 264.312859 2321.50000 139290.000   5.356442 5.3564e+04  0.000e+00
 2322.00000  53.621523    24.1398    36.0894      94.25  496137631 264.333692 2322.00000 139320.000   5.362152 5.3622e+04  0.000e+00
 2322.50000  53.804385    24.2353    36.1507      93.61  496139431 264.354525 2322.50000 139350.000   5.380438 5.3804e+04  0.000e+00
 2323.00000  54.144346    24.3898    36.2824      91.59  496141230 264.375347 2323.00000 139380.000   5.414435 5.4144e+04  0.000e+00
 2323.50000  54.034974    24.3456    36.2356      93.27  496143030 264.396181 2323.50000 139410.000   5.403497 5.4035e+04  0.000e+00
 2324.00000  54.054831    24.2914    36.2946      97.75  496144831 264.417025 2324.00000 139440.000   5.405483 5.4055e+04  0.000e+00
 2324.50000  54.112243    24.3244    36.3113      98.51  496146630 264.437847 2324.50000 139470.000   5.411224 5.4112e+04  0.000e+00
 2325.00000  54.185084    24.3388    36.3546     101.01  496148430 264.458681 2325.00000 139500.000   5.418508 5.4185e+04  0.000e+00
 2325.50000  54.189476    24.3180    36.3749     101.29  496150231 264.479525 2325.50000 139530.000   5.418948 5.4189e+04  0.000e+00
 2326.00000  54.180282    24.3346    36.3544     100.88  496152030 264.500347 2326.00000 139560.000   5.418028 5.4180e+04  0.000e+00
 2326.50000  54.144270    24.3396    36.3231     101.08  496153830 264.521181 2326.50000 139590.000   5.414427 5.4144e+04  0.000e+00
 2327.00000  54.100072    24.3754    36.2606     100.98  496155630 264.542014 2327.00000 139620.000   5.410007 5.4100e+04  0.000e+00
 2327.50000  54.033391    24.4248    36.1703     100.90  496157430 264.562847 2327.50000 139650.000   5.403339 5.4033e+04  0.000e+00
 2328.00000  54.059931    24.4932    36.1351     101.47  496159230 264.583681 2328.00000 139680.000   5.405993 5.4060e+04  0.000e+00
 2328.50000  54.107905    24.5666    36.1120     101.61  496161030 264.604514 2328.50000 139710.000   5.410791 5.4108e+04  0.000e+00
 2329.00000  54.154906    24.6340    36.0932     101.79  496162830 264.625347 2329.00000 139740.000   5.415491 5.4155e+04  0.000e+00
 2329.50000  54.202256    24.6937    36.0807     101.48  496164630 264.646181 2329.50000 139770.000   5.420226 5.4202e+04  0.000e+00
 2330.00000  54.225608    24.7186    36.0783     100.07  496166430 264.667014 2330.00000 139800.000   5.422561 5.4226e+04  0.000e+00
 2330.50000  54.292625    24.7708    36.0866      99.23  496168230 264.687847 2330.50000 139830.000   5.429262 5.4293e+04  0.000e+00
 2331.00000  54.436240    24.7701    36.1947     103.99  496170030 264.708681 2331.00000 139860.000   5.443624 5.4436e+04  0.000e+00
 2331.50000  54.506366    24.7615    36.2542     104.84  496171830 264.729514 2331.50000 139890.000   5.450637 5.4506e+04  0.000e+00
 2332.00000  54.546301    24.7617    36.2840     104.11  496173630 264.750347 2332.00000 139920.000   5.454630 5.4546e+04  0.000e+00
 2332.50000  54.629034    24.7665    36.3421     107.28  496175430 264.771181 2332.50000 139950.000   5.462903 5.4629e+04  0.000e+00
 2333.00000  54.644323    24.7743    36.3473     107.55  496177230 264.792014 2333.00000 139980.000   5.464432 5.4644e+04  0.000e+00
 2333.50000  54.688128    24.7580    36.3934     104.64  496179030 264.812847 2333.50000 140010.000   5.468813 5.4688e+04  0.000e+00
 2334.00000  54.691704    24.7511    36.4016     104.25  496180830 264.833681 2334.00000 140040.000   5.469170 5.4692e+04  0.000e+00
 2334.50000  54.688795    24.7454    36.4040     103.83  496182630 264.854514 2334.50000 140070.000   5.468879 5.4689e+04  0.000e+00
 2335.00000  54.686466    24.7509    36.3978     103.79  496184430 264.875347 2335.00000 140100.000   5.468647 5.4686e+04  0.000e+00
 2335.50000  54.682393    24.7540    36.3923     104.08  496186230 264.896181 2335.50000 140130.000   5.468239 5.4682e+04  0.000e+00
 2336.00000  54.679236    24.7395    36.4017     103.53  496188030 264.917014 2336.00000 140160.000   5.467924 5.4679e+04  0.000e+00
 2336.50000  54.696526    24.7477    36.4080     103.77  496189830 264.937847 2336.50000 140190.000   5.469653 5.4697e+04  0.000e+00
 2337.00000  54.718557    24.7612    36.4135     103.28  496191630 264.958681 2337.00000 140220.000   5.471856 5.4719e+04  0.000e+00
 2337.50000  54.766292    24.7868    36.4287     102.44  496193430 264.979514 2337.50000 140250.000   5.476629 5.4766e+04  0.000e+00
 2338.00000  54.779683    24.7962    36.4310     101.73  496195230 265.000347 2338.00000 140280.000   5.477968 5.4780e+04  0.000e+00
 2338.50000  54.773111    24.8025    36.4210     101.08  496197030 265.021181 2338.50000 140310.000   5.477311 5.4773e+04  0.000e+00
 2339.00000  54.694608    24.7880    36.3739     100.88  496198830 265.042014 2339.00000 140340.000   5.469461 5.4695e+04  0.000e+00
 2339.50000  54.614411    24.7647    36.3326     100.31  496200630 265.062847 2339.50000 140370.000   5.461441 5.4614e+04  0.000e+00
 2340.00000  54.584091    24.7545    36.3182      99.68  496202430 265.083681 2340.00000 140400.000   5.458409 5.4584e+04  0.000e+00
 2340.50000  54.472094    24.7137    36.2670      99.05  496204230 265.104514 2340.50000 140430.000   5.447209 5.4472e+04  0.000e+00
 2341.00000  54.429613    24.6967    36.2489      98.19  496206030 265.125347 2341.00000 140460.000   5.442961 5.4430e+04  0.000e+00
 2341.50000  54.389054    24.6797    36.2321      97.54  496207830 265.146181 2341.50000 140490.000   5.438905 5.4389e+04  0.000e+00
 2342.00000  54.274746    24.6336    36.1835      97.07  496209630 265.167014 2342.00000 140520.000   5.427475 5.4275e+04  0.000e+00
 2342.50000  54.061909    24.5386    36.1000      96.28  496211430 265.187847 2342.50000 140550.000   5.406191 5.4062e+04  0.000e+00
 2343.00000  53.883792    24.4367    36.0479      96.36  496213230 265.208681 2343.00000 140580.000   5.388379 5.3884e+04  0.000e+00
 2343.50000  53.832271    24.3584    36.0722      96.92  496215030 265.229514 2343.50000 140610.000   5.383227 5.3832e+04  0.000e+00
 2344.00000  53.982296    24.4065    36.1466      95.07  496216830 265.250347 2344.00000 140640.000   5.398230 5.3982e+04  0.000e+00
 2344.50000  54.004373    24.3846    36.1810      92.79  496218630 265.271181 2344.50000 140670.000   5.400437 5.4004e+04  0.000e+00
 2345.00000  54.057134    24.3853    36.2202      90.81  496220430 265.292014 2345.00000 140700.000   5.405713 5.4057e+04  0.000e+00
