tests/resources/orca-test-data/SBE19plusV2/E8001/E8001_window_filter_gaussian_5_1_025.cnv
* Sea-Bird SBE19plus Data File:
* FileName = D:\2016\Estaciones\E8001.hex
* Software Version 1.59
* Temperature SN =  6130
* Conductivity SN =  6130
* System UpLoad Time = Dec 12 2016 13:25:15
** Ship: Aldebaranaldebaran
** Longitud:5212.47
** Latitud:3510.15
** Estacion:E8
** z:
** observaciones:
# nquan = 8
# nvalues = 51                          
# units = specified
# name 0 = tv290C: Temperature [ITS-90, deg C]
# name 1 = c0S/m: Conductivity [S/m]
# name 2 = prdM: Pressure, Strain Gauge [db]
# name 3 = f0: Frequency 0
# name 4 = f1: Frequency 1
# name 5 = f2: Frequency 2
# name 6 = sal00: Salinity, Practical [PSU]
# name 7 = flag:  0.000e+00
# span 0 =    20.9483,    21.1360       
# span 1 =   4.607234,   4.687531       
# span 2 =      7.405,     19.418       
# span 3 =     314356,     316633       
# span 4 =   6161.894,   6205.453       
# span 5 =     540596,     551885       
# span 6 =    32.7028,    33.3884       
# span 7 = 0.0000e+00, 0.0000e+00       
# interval = seconds: 0.25
# start_time = Dec 10 2016 06:16:51 [Instrument's time stamp, header]
# bad_flag = -9.990e-29
*END*
    20.9483   4.687531      7.405     316633   6205.453     540596    33.3884 0.0000e+00
    20.9490   4.683275      7.722     316625   6203.152     540894    33.3538 0.0000e+00
    20.9498   4.682000      7.818     316615   6202.462     540984    33.3430 0.0000e+00
    20.9509   4.678358      8.062     316602   6200.492     541214    33.3130 0.0000e+00
    20.9522   4.674668      8.265     316585   6198.496     541405    33.2824 0.0000e+00
    20.9537   4.670710      8.437     316567   6196.354     541566    33.2496 0.0000e+00
    20.9557   4.666591      8.583     316544   6194.124     541703    33.2152 -9.990e-29
    20.9581   4.662869      8.710     316514   6192.109     541823    33.1836 0.0000e+00
    20.9608   4.659791      8.824     316482   6190.441     541930    33.1570 0.0000e+00
    20.9634   4.656900      8.933     316450   6188.874     542033    33.1319 -9.990e-29
    20.9659   4.653785      9.048     316419   6187.186     542141    33.1051 0.0000e+00
    20.9683   4.650768      9.181     316390   6185.549     542266    33.0792 0.0000e+00
    20.9705   4.647741      9.338     316363   6183.907     542413    33.0533 0.0000e+00
    20.9725   4.644314      9.518     316340   6182.048     542582    33.0244 0.0000e+00
    20.9741   4.640380      9.719     316319   6179.913     542771    32.9917 0.0000e+00
    20.9757   4.635641      9.942     316301   6177.339     542981    32.9527 0.0000e+00
    20.9772   4.630516     10.189     316282   6174.556     543213    32.9107 0.0000e+00
    20.9787   4.625825     10.462     316264   6172.007     543470    32.8722 0.0000e+00
    20.9803   4.621725     10.761     316245   6169.778     543751    32.8382 0.0000e+00
    20.9820   4.618002     11.025     316223   6167.754     544051    32.8071 0.0000e+00
    20.9840   4.614883     11.324     316200   6166.057     544363    32.7807 0.0000e+00
    20.9861   4.612370     11.693     316174   6164.690     544680    32.7590 -9.990e-29
    20.9884   4.610350     12.084     316146   6163.591     545000    32.7411 0.0000e+00
    20.9908   4.608790     12.510     316116   6162.741     545318    32.7267 0.0000e+00
    20.9937   4.607803     12.702     316082   6162.204     545630    32.7166 -9.990e-29
    20.9970   4.607383     13.140     316042   6161.975     545932    32.7106 0.0000e+00
    21.0006   4.607234     13.527     315998   6161.894     546213    32.7065 0.0000e+00
    21.0045   4.607339     13.661     315950   6161.951     546475    32.7043 0.0000e+00
    21.0086   4.607635     13.916     315900   6162.112     546715    32.7034 0.0000e+00
    21.0127   4.607968     14.150     315850   6162.294     546934    32.7028 0.0000e+00
    21.0171   4.608393     14.363     315797   6162.525     547135    32.7028 0.0000e+00
    21.0217   4.608881     14.561     315741   6162.791     547321    32.7031 0.0000e+00
    21.0263   4.609416     14.746     315686   6163.082     547495    32.7038 0.0000e+00
    21.0304   4.609900     14.924     315636   6163.345     547662    32.7044 0.0000e+00
    21.0340   4.610432     15.102     315592   6163.635     547829    32.7058 0.0000e+00
    21.0374   4.611016     15.281     315551   6163.953     547997    32.7078 0.0000e+00
    21.0411   4.611599     15.464     315505   6164.270     548170    32.7095 0.0000e+00
    21.0457   4.612282     15.655     315450   6164.642     548349    32.7114 0.0000e+00
    21.0508   4.613084     15.819     315388   6165.078     548537    32.7137 0.0000e+00
    21.0559   4.614014     16.008     315327   6165.584     548736    32.7172 0.0000e+00
    21.0601   4.615148     16.252     315275   6166.201     548946    32.7229 0.0000e+00
    21.0640   4.616397     16.521     315228   6166.880     549169    32.7297 0.0000e+00
    21.0681   4.617581     16.834     315178   6167.524     549404    32.7359 0.0000e+00
    21.0734   4.618771     16.997     315115   6168.172     549651    32.7412 0.0000e+00
    21.0800   4.620264     17.379     315035   6168.983     549913    32.7479 0.0000e+00
    21.0877   4.622311     17.753     314942   6170.097     550186    32.7582 0.0000e+00
    21.0960   4.624941     17.915     314841   6171.526     550472    32.7726 0.0000e+00
    21.1051   4.627986     18.233     314731   6173.181     550771    32.7897 0.0000e+00
    21.1143   4.630958     18.563     314620   6174.796     551081    32.8061 0.0000e+00
    21.1284   4.634699     19.080     314449   6176.828     551567    32.8248 0.0000e+00
    21.1360   4.636677     19.418     314356   6177.902     551885    32.8344 0.0000e+00
