tests/resources/orca-test-data/SBE19plusV2/E8001/E8001_window_filter_gaussian_5_1_0_excluded.cnv
* Sea-Bird SBE19plus Data File:
* FileName = D:\2016\Estaciones\E8001.hex
* Software Version 1.59
* Temperature SN =  6130
* Conductivity SN =  6130
* System UpLoad Time = Dec 12 2016 13:25:15
** Ship: Aldebaranaldebaran
** Longitud:5212.47
** Latitud:3510.15
** Estacion:E8
** z:
** observaciones:
# nquan = 8
# nvalues = 51                          
# units = specified
# name 0 = tv290C: Temperature [ITS-90, deg C]
# name 1 = c0S/m: Conductivity [S/m]
# name 2 = prdM: Pressure, Strain Gauge [db]
# name 3 = f0: Frequency 0
# name 4 = f1: Frequency 1
# name 5 = f2: Frequency 2
# name 6 = sal00: Salinity, Practical [PSU]
# name 7 = flag:  0.000e+00
# span 0 =    20.9483,    21.1360       
# span 1 =   4.607295,   4.687531       
# span 2 =      7.405,     19.418       
# span 3 =     314356,     316633       
# span 4 =   6161.927,   6205.453       
# span 5 =     540596,     551885       
# span 6 =    32.7029,    33.3884       
# span 7 = 0.0000e+00, 0.0000e+00       
# interval = seconds: 0.25
# start_time = Dec 10 2016 06:16:51 [Instrument's time stamp, header]
# bad_flag = -9.990e-29
*END*
    20.9483   4.687531      7.405     316633   6205.453     540596    33.3884 0.0000e+00
    20.9490   4.683275      7.722     316625   6203.152     540894    33.3538 0.0000e+00
    20.9504   4.680207      7.946     316608   6201.493     541105    33.3282 0.0000e+00
    20.9515   4.676467      8.169     316594   6199.469     541314    33.2973 0.0000e+00
    20.9524   4.673882      8.307     316584   6198.071     541444    33.2760 0.0000e+00
    20.9541   4.669946      8.469     316562   6195.940     541596    33.2432 0.0000e+00
    20.9570   4.665109      8.644     316527   6193.321     541761    33.2024 -9.990e-29
    20.9594   4.661803      8.761     316499   6191.531     541871    33.1742 0.0000e+00
    20.9623   4.658282      8.889     316462   6189.623     541992    33.1437 0.0000e+00
    20.9647   4.655336      8.996     316434   6188.026     542092    33.1184 -9.990e-29
    20.9679   4.651373      9.157     316395   6185.878     542243    33.0843 0.0000e+00
    20.9702   4.648376      9.306     316367   6184.252     542383    33.0586 0.0000e+00
    20.9715   4.646092      9.430     316351   6183.013     542500    33.0393 0.0000e+00
    20.9733   4.642243      9.621     316329   6180.924     542679    33.0072 0.0000e+00
    20.9749   4.637831      9.833     316310   6178.529     542878    32.9708 0.0000e+00
    20.9764   4.632960     10.068     316291   6175.883     543099    32.9308 0.0000e+00
    20.9779   4.628068     10.330     316273   6173.226     543345    32.8906 0.0000e+00
    20.9795   4.623627     10.617     316254   6170.812     543615    32.8540 0.0000e+00
    20.9812   4.619758     10.928     316234   6168.709     543907    32.8218 0.0000e+00
    20.9824   4.617228     11.148     316219   6167.333     544114    32.8007 0.0000e+00
    20.9845   4.614290     11.488     316194   6165.734     544433    32.7756 0.0000e+00
    20.9873   4.611363     11.928     316159   6164.141     544847    32.7500 -9.990e-29
    20.9894   4.609447     12.246     316134   6163.099     545145    32.7331 0.0000e+00
    20.9924   4.608021     12.626     316097   6162.323     545503    32.7193 0.0000e+00
    20.9955   4.607653     12.924     316059   6162.122     545783    32.7139 -9.990e-29
    21.0000   4.607297     13.328     316004   6161.929     546162    32.7075 0.0000e+00
    21.0039   4.607295     13.620     315958   6161.927     546437    32.7044 0.0000e+00
    21.0066   4.607474     13.794     315924   6162.025     546601    32.7037 0.0000e+00
    21.0107   4.607804     14.038     315875   6162.204     546830    32.7031 0.0000e+00
    21.0150   4.608196     14.261     315822   6162.418     547039    32.7029 0.0000e+00
    21.0196   4.608649     14.466     315767   6162.664     547232    32.7029 0.0000e+00
    21.0242   4.609152     14.657     315711   6162.938     547411    32.7033 0.0000e+00
    21.0285   4.609669     14.839     315659   6163.220     547582    32.7041 0.0000e+00
    21.0322   4.610171     15.016     315614   6163.493     547749    32.7051 0.0000e+00
    21.0356   4.610729     15.194     315573   6163.796     547916    32.7069 0.0000e+00
    21.0393   4.611326     15.376     315528   6164.121     548086    32.7088 0.0000e+00
    21.0435   4.611936     15.563     315476   6164.453     548262    32.7103 0.0000e+00
    21.0485   4.612661     15.758     315416   6164.848     548446    32.7122 0.0000e+00
    21.0535   4.613570     15.895     315355   6165.343     548640    32.7155 0.0000e+00
    21.0580   4.614632     16.116     315301   6165.920     548845    32.7204 0.0000e+00
    21.0620   4.615802     16.415     315253   6166.557     549061    32.7266 0.0000e+00
    21.0661   4.616989     16.636     315203   6167.202     549291    32.7328 0.0000e+00
    21.0708   4.618147     16.929     315146   6167.832     549532    32.7383 0.0000e+00
    21.0767   4.619493     17.188     315074   6168.564     549786    32.7443 0.0000e+00
    21.0839   4.621268     17.556     314987   6169.529     550054    32.7528 0.0000e+00
    21.0920   4.623712     17.860     314889   6170.858     550334    32.7659 0.0000e+00
    21.1007   4.626595     18.079     314784   6172.425     550627    32.7820 0.0000e+00
    21.1099   4.629579     18.404     314672   6174.047     550932    32.7986 0.0000e+00
    21.1190   4.632298     18.738     314563   6175.524     551246    32.8131 0.0000e+00
    21.1284   4.634699     19.080     314449   6176.828     551567    32.8248 0.0000e+00
    21.1360   4.636677     19.418     314356   6177.902     551885    32.8344 0.0000e+00
