tests/resources/orca-test-data/SBE19plusV2/E8001/E8001DowncastOnly.cnv
* Sea-Bird SBE19plus Data File:
* FileName = D:\2016\Estaciones\E8001.hex
* Software Version 1.59
* Temperature SN =  6130
* Conductivity SN =  6130
* System UpLoad Time = Dec 12 2016 13:25:15
** Ship: Aldebaranaldebaran
** Longitud:5212.47
** Latitud:3510.15
** Estacion:E8
** z:
** observaciones:
# nquan = 7
# nvalues = 3069                                  
# units = specified
# name 0 = tv290C: Temperature [ITS-90, deg C]
# name 1 = c0S/m: Conductivity [S/m]
# name 2 = prdM: Pressure, Strain Gauge [db]
# name 3 = f0: Frequency 0
# name 4 = f1: Frequency 1
# name 5 = f2: Frequency 2
# name 6 = flag:  0.000e+00
# span 0 =    18.1981,    22.0342                 
# span 1 =   0.008161,   5.064101                 
# span 2 =     -0.109,    222.886                 
# span 3 =     303657,     351667                 
# span 4 =   2637.965,   6405.652                 
# span 5 =     533536,     742921                 
# span 6 = 0.0000e+00, 0.0000e+00                 
# interval = seconds: 0.25
# start_time = Dec 10 2016 06:16:51 [Instrument's time stamp, header]
# bad_flag = -9.990e-29
*END*
[from data line 616]
    21.0647   4.617069     16.644     315220   6167.246     549278  0.000e+00
    21.0695   4.618039     16.903     315162   6167.773     549521  0.000e+00
    21.0765   4.619166     17.177     315077   6168.387     549779  0.000e+00
    21.0828   4.620567     17.458     315001   6169.148     550043  0.000e+00
    21.0913   4.623211     17.757     314898   6170.586     550324  0.000e+00
    21.1007   4.626165     18.068     314784   6172.191     550616  0.000e+00
    21.1098   4.630427     18.395     314674   6174.508     550923  0.000e+00
    21.1193   4.632728     18.735     314558   6175.758     551243  0.000e+00
    21.1284   4.634699     19.080     314449   6176.828     551567  0.000e+00
    21.1360   4.636677     19.418     314356   6177.902     551885  0.000e+00
    21.1453   4.638764     19.757     314244   6179.035     552203  0.000e+00
    21.1534   4.642290     20.062     314146   6180.949     552490  0.000e+00
    21.1614   4.645112     20.352     314049   6182.480     552762  0.000e+00
    21.1685   4.646213     20.592     313964   6183.078     552988  0.000e+00
    21.1742   4.647308     20.800     313895   6183.672     553183  0.000e+00
    21.1809   4.649209     20.963     313814   6184.703     553336  0.000e+00
    21.1865   4.651932     21.095     313747   6186.180     553460  0.000e+00
    21.1926   4.654216     21.197     313673   6187.418     553556  0.000e+00
    21.2012   4.656392     21.281     313569   6188.598     553635  0.000e+00
    21.2109   4.658986     21.376     313452   6190.004     553724  0.000e+00
    21.2208   4.661762     21.472     313333   6191.508     553815  0.000e+00
    21.2296   4.664538     21.598     313227   6193.012     553933  0.000e+00
    21.2406   4.666204     21.753     313094   6193.914     554079  0.000e+00
    21.2524   4.667871     21.947     312952   6194.816     554261  0.000e+00
    21.2611   4.668693     22.189     312847   6195.262     554488  0.000e+00
    21.2686   4.669977     22.469     312757   6195.957     554751  0.000e+00
    21.2765   4.673831     22.796     312662   6198.043     555059  0.000e+00
    21.2864   4.677470     23.159     312542   6200.012     555400  0.000e+00
    21.2947   4.679550     23.551     312443   6201.137     555768  0.000e+00
    21.3002   4.681810     23.962     312376   6202.359     556154  0.000e+00
    21.3055   4.683963     24.359     312313   6203.523     556527  0.000e+00
    21.3113   4.685228     24.761     312243   6204.207     556905  0.000e+00
    21.3165   4.686131     25.141     312180   6204.695     557262  0.000e+00
    21.3217   4.687873     25.494     312118   6205.637     557594  0.000e+00
    21.3273   4.689897     25.784     312051   6206.730     557866  0.000e+00
    21.3368   4.690858     26.054     311936   6207.250     558120  0.000e+00
    21.3462   4.691596     26.281     311824   6207.648     558333  0.000e+00
    21.3526   4.692282     26.454     311747   6208.020     558496  0.000e+00
    21.3579   4.693136     26.591     311683   6208.480     558624  0.000e+00
    21.3644   4.696050     26.701     311605   6210.055     558728  0.000e+00
    21.3722   4.701143     26.801     311511   6212.805     558822  0.000e+00
    21.3824   4.704501     26.897     311389   6214.617     558912  0.000e+00
    21.3923   4.706520     27.014     311270   6215.707     559022  0.000e+00
    21.3991   4.708345     27.149     311189   6216.691     559149  0.000e+00
    21.4054   4.709807     27.327     311114   6217.480     559316  0.000e+00
    21.4120   4.711154     27.547     311034   6218.207     559523  0.000e+00
    21.4202   4.711821     27.791     310936   6218.566     559752  0.000e+00
    21.4286   4.713588     28.064     310836   6219.520     560008  0.000e+00
    21.4387   4.714805     28.357     310715   6220.176     560284  0.000e+00
    21.4482   4.716964     28.656     310601   6221.340     560565  0.000e+00
    21.4581   4.719870     28.964     310483   6222.906     560854  0.000e+00
    21.4664   4.721074     29.280     310383   6223.555     561151  0.000e+00
    21.4719   4.723140     29.586     310317   6224.668     561438  0.000e+00
    21.4763   4.725025     29.886     310265   6225.684     561720  0.000e+00
    21.4815   4.729326     30.189     310203   6228.000     562005  0.000e+00
    21.4867   4.735712     30.470     310141   6231.438     562269  0.000e+00
    21.4912   4.740968     30.744     310087   6234.266     562526  0.000e+00
    21.4973   4.744352     31.010     310014   6236.086     562776  0.000e+00
    21.5071   4.743147     31.264     309897   6235.438     563015  0.000e+00
    21.5156   4.736183     31.506     309795   6231.691     563242  0.000e+00
    21.5174   4.743154     31.737     309774   6235.441     563459  0.000e+00
    21.5198   4.749279     31.974     309745   6238.734     563682  0.000e+00
    21.5279   4.752288     32.206     309649   6240.352     563900  0.000e+00
    21.5371   4.752251     32.429     309539   6240.332     564109  0.000e+00
    21.5436   4.750536     32.655     309461   6239.410     564322  0.000e+00
    21.5471   4.742805     32.861     309419   6235.254     564515  0.000e+00
    21.5470   4.750914     33.046     309421   6239.613     564689  0.000e+00
    21.5511   4.756788     33.216     309372   6242.770     564849  0.000e+00
    21.5612   4.760490     33.369     309251   6244.758     564993  0.000e+00
    21.5703   4.763618     33.512     309143   6246.438     565127  0.000e+00
    21.5770   4.769223     33.653     309063   6249.445     565259  0.000e+00
    21.5861   4.778756     33.791     308955   6254.559     565389  0.000e+00
    21.5966   4.787860     33.925     308830   6259.438     565515  0.000e+00
    21.6084   4.796789     34.077     308689   6264.219     565658  0.000e+00
    21.6226   4.803592     34.250     308520   6267.859     565820  0.000e+00
    21.6376   4.809267     34.439     308342   6270.895     565998  0.000e+00
    21.6554   4.817599     34.661     308130   6275.348     566206  0.000e+00
    21.6737   4.832926     34.909     307913   6283.531     566439  0.000e+00
    21.6903   4.848479     35.182     307715   6291.824     566696  0.000e+00
    21.7074   4.861939     35.481     307512   6298.992     566977  0.000e+00
    21.7257   4.873858     35.797     307295   6305.332     567274  0.000e+00
    21.7443   4.885494     36.120     307075   6311.516     567577  0.000e+00
    21.7618   4.898961     36.422     306868   6318.664     567861  0.000e+00
    21.7808   4.911913     36.722     306643   6325.531     568143  0.000e+00
    21.7988   4.922312     37.011     306430   6331.039     568414  0.000e+00
    21.8160   4.938016     37.286     306227   6339.348     568673  0.000e+00
    21.8334   4.950139     37.530     306021   6345.754     568902  0.000e+00
    21.8519   4.966243     37.752     305803   6354.254     569110  0.000e+00
    21.8687   4.978878     37.968     305604   6360.914     569313  0.000e+00
    21.8846   4.991325     38.178     305416   6367.469     569511  0.000e+00
    21.9006   5.001959     38.374     305228   6373.063     569695  0.000e+00
    21.9174   5.016357     38.572     305030   6380.629     569881  0.000e+00
    21.9355   5.030557     38.757     304817   6388.082     570055  0.000e+00
    21.9526   5.039974     38.937     304616   6393.020     570224  0.000e+00
    21.9691   5.049727     39.100     304421   6398.129     570377  0.000e+00
    21.9848   5.056934     39.250     304237   6401.902     570518  0.000e+00
    21.9988   5.061988     39.392     304072   6404.547     570651  0.000e+00
    22.0111   5.064101     39.529     303928   6405.652     570780  0.000e+00
    22.0212   5.062824     39.673     303809   6404.984     570915  0.000e+00
    22.0281   5.058927     39.832     303728   6402.945     571065  0.000e+00
    22.0330   5.053993     40.007     303671   6400.363     571229  0.000e+00
    22.0342   5.047996     40.220     303657   6397.223     571429  0.000e+00
    22.0324   5.041092     40.471     303678   6393.605     571665  0.000e+00
    22.0280   5.032992     40.757     303729   6389.359     571934  0.000e+00
    22.0210   5.023879     41.092     303812   6384.578     572248  0.000e+00
    22.0103   5.014416     41.474     303937   6379.609     572607  0.000e+00
    21.9971   5.004180     41.855     304092   6374.230     572965  0.000e+00
    21.9820   4.993820     42.253     304270   6368.781     573339  0.000e+00
    21.9658   4.983521     42.645     304460   6363.359     573707  0.000e+00
    21.9486   4.973445     42.999     304663   6358.051     574040  0.000e+00
    21.9303   4.964282     43.307     304878   6353.219     574329  0.000e+00
    21.9114   4.954386     43.587     305101   6347.996     574592  0.000e+00
    21.8919   4.944580     43.817     305330   6342.816     574808  0.000e+00
    21.8729   4.935780     43.995     305555   6338.164     574976  0.000e+00
    21.8547   4.926808     44.117     305769   6333.418     575090  0.000e+00
    21.8364   4.917424     44.197     305985   6328.449     575165  0.000e+00
    21.8184   4.908467     44.246     306198   6323.703     575211  0.000e+00
    21.7997   4.899605     44.265     306419   6319.004     575229  0.000e+00
    21.7816   4.891221     44.288     306633   6314.555     575251  0.000e+00
    21.7630   4.882417     44.322     306853   6309.879     575283  0.000e+00
    21.7443   4.873722     44.388     307075   6305.258     575345  0.000e+00
    21.7246   4.864887     44.494     307308   6300.559     575444  0.000e+00
    21.7058   4.857335     44.642     307532   6296.539     575583  0.000e+00
    21.6876   4.850485     44.844     307748   6292.891     575773  0.000e+00
    21.6709   4.844973     45.078     307946   6289.953     575993  0.000e+00
    21.6555   4.840328     45.339     308129   6287.477     576238  0.000e+00
    21.6419   4.836424     45.605     308290   6285.395     576488  0.000e+00
    21.6303   4.833283     45.882     308429   6283.719     576748  0.000e+00
    21.6200   4.831226     46.149     308551   6282.621     576999  0.000e+00
    21.6116   4.829682     46.405     308651   6281.797     577240  0.000e+00
    21.6053   4.828951     46.652     308726   6281.406     577472  0.000e+00
    21.6003   4.828790     46.875     308786   6281.320     577681  0.000e+00
    21.5964   4.829295     47.095     308832   6281.590     577888  0.000e+00
    21.5941   4.830312     47.314     308859   6282.133     578094  0.000e+00
    21.5922   4.831857     47.533     308882   6282.957     578299  0.000e+00
    21.5918   4.834324     47.772     308887   6284.273     578524  0.000e+00
    21.5921   4.837393     48.032     308883   6285.910     578768  0.000e+00
    21.5939   4.841012     48.319     308862   6287.840     579038  0.000e+00
    21.5966   4.844866     48.613     308829   6289.895     579314  0.000e+00
    21.6000   4.849088     48.906     308789   6292.145     579589  0.000e+00
    21.6043   4.853965     49.190     308738   6294.742     579856  0.000e+00
    21.6092   4.859548     49.448     308680   6297.715     580098  0.000e+00
    21.6148   4.865552     49.687     308613   6300.910     580323  0.000e+00
    21.6213   4.872793     49.897     308535   6304.762     580520  0.000e+00
    21.6287   4.879495     50.083     308448   6308.324     580695  0.000e+00
    21.6369   4.886812     50.246     308350   6312.211     580848  0.000e+00
    21.6459   4.894089     50.389     308243   6316.074     580982  0.000e+00
    21.6551   4.901893     50.527     308133   6320.215     581112  0.000e+00
    21.6648   4.909968     50.671     308018   6324.496     581247  0.000e+00
    21.6759   4.918823     50.836     307887   6329.188     581402  0.000e+00
    21.6874   4.927021     51.035     307750   6333.527     581589  0.000e+00
    21.6991   4.934501     51.271     307611   6337.484     581811  0.000e+00
    21.7105   4.941246     51.531     307476   6341.051     582055  0.000e+00
    21.7217   4.948210     51.825     307343   6344.730     582331  0.000e+00
    21.7325   4.954186     52.155     307215   6347.887     582641  0.000e+00
    21.7433   4.959796     52.528     307087   6350.848     582992  0.000e+00
    21.7533   4.964586     52.895     306968   6353.375     583336  0.000e+00
    21.7633   4.968289     53.254     306850   6355.328     583674  0.000e+00
    21.7723   4.971475     53.577     306743   6357.008     583977  0.000e+00
    21.7808   4.974417     53.881     306643   6358.559     584263  0.000e+00
    21.7886   4.976633     54.149     306550   6359.727     584514  0.000e+00
    21.7963   4.978375     54.363     306460   6360.645     584715  0.000e+00
    21.8028   4.979569     54.543     306382   6361.273     584884  0.000e+00
    21.8089   4.980355     54.667     306310   6361.688     585001  0.000e+00
    21.8144   4.980644     54.742     306246   6361.840     585071  0.000e+00
    21.8193   4.980473     54.781     306188   6361.750     585108  0.000e+00
    21.8237   4.980214     54.788     306136   6361.613     585115  0.000e+00
    21.8278   4.979324     54.787     306087   6361.145     585114  0.000e+00
    21.8314   4.977923     54.793     306045   6360.406     585119  0.000e+00
    21.8342   4.976114     54.817     306011   6359.453     585142  0.000e+00
    21.8369   4.974276     54.873     305980   6358.484     585194  0.000e+00
    21.8389   4.972097     54.961     305956   6357.336     585277  0.000e+00
    21.8402   4.969356     55.088     305940   6355.891     585396  0.000e+00
    21.8412   4.966289     55.249     305929   6354.273     585548  0.000e+00
    21.8419   4.963009     55.455     305921   6352.543     585741  0.000e+00
    21.8417   4.959344     55.685     305923   6350.609     585957  0.000e+00
    21.8410   4.955548     55.938     305931   6348.605     586195  0.000e+00
    21.8399   4.951723     56.213     305944   6346.586     586453  0.000e+00
    21.8388   4.948868     56.497     305957   6345.078     586720  0.000e+00
    21.8371   4.946044     56.807     305977   6343.586     587011  0.000e+00
    21.8353   4.942880     57.126     305998   6341.914     587311  0.000e+00
    21.8336   4.940293     57.455     306019   6340.547     587620  0.000e+00
    21.8314   4.937811     57.802     306044   6339.234     587946  0.000e+00
    21.8292   4.935447     58.158     306070   6337.984     588280  0.000e+00
    21.8272   4.933350     58.523     306094   6336.875     588623  0.000e+00
    21.8254   4.931423     58.890     306116   6335.855     588968  0.000e+00
    21.8233   4.929939     59.255     306140   6335.070     589311  0.000e+00
    21.8216   4.928484     59.601     306160   6334.301     589636  0.000e+00
    21.8199   4.926617     59.919     306180   6333.313     589934  0.000e+00
    21.8176   4.924381     60.199     306208   6332.129     590197  0.000e+00
    21.8149   4.922500     60.456     306240   6331.133     590439  0.000e+00
    21.8123   4.921061     60.666     306270   6330.371     590636  0.000e+00
    21.8097   4.919667     60.832     306301   6329.633     590792  0.000e+00
    21.8071   4.918693     60.968     306332   6329.117     590920  0.000e+00
    21.8048   4.917948     61.083     306359   6328.723     591028  0.000e+00
    21.8030   4.917299     61.177     306380   6328.379     591116  0.000e+00
    21.8014   4.916931     61.270     306399   6328.184     591203  0.000e+00
    21.8003   4.917049     61.365     306412   6328.246     591293  0.000e+00
    21.7994   4.917019     61.473     306423   6328.230     591394  0.000e+00
    21.7983   4.917381     61.601     306436   6328.422     591514  0.000e+00
    21.7974   4.918074     61.757     306447   6328.789     591661  0.000e+00
    21.7963   4.919550     61.947     306459   6329.570     591839  0.000e+00
    21.7957   4.921984     62.168     306467   6330.859     592047  0.000e+00
    21.7952   4.924552     62.403     306473   6332.219     592268  0.000e+00
