tests/resources/orca-test-data/SBE19plusV2/E8001/E8001DowncastOnly.cnv
* Sea-Bird SBE19plus Data File:
* FileName = D:\2016\Estaciones\E8001.hex
* Software Version 1.59
* Temperature SN =  6130
* Conductivity SN =  6130
* System UpLoad Time = Dec 12 2016 13:25:15
** Ship: Aldebaranaldebaran
** Longitud:5212.47
** Latitud:3510.15
** Estacion:E8
** z:
** observaciones:
# nquan = 7
# nvalues = 3069                                  
# units = specified
# name 0 = tv290C: Temperature [ITS-90, deg C]
# name 1 = c0S/m: Conductivity [S/m]
# name 2 = prdM: Pressure, Strain Gauge [db]
# name 3 = f0: Frequency 0
# name 4 = f1: Frequency 1
# name 5 = f2: Frequency 2
# name 6 = flag:  0.000e+00
# span 0 =    18.1981,    22.0342                 
# span 1 =   0.008161,   5.064101                 
# span 2 =     -0.109,    222.886                 
# span 3 =     303657,     351667                 
# span 4 =   2637.965,   6405.652                 
# span 5 =     533536,     742921                 
# span 6 = 0.0000e+00, 0.0000e+00                 
# interval = seconds: 0.25
# start_time = Dec 10 2016 06:16:51 [Instrument's time stamp, header]
# bad_flag = -9.990e-29
*END*
[from data line 1436]
    20.5835   4.844559    174.980     321100   6289.691     697969  0.000e+00
    20.5799   4.843951    175.214     321144   6289.367     698188  0.000e+00
    20.5758   4.843519    175.438     321195   6289.137     698399  0.000e+00
    20.5709   4.842721    175.674     321255   6288.711     698620  0.000e+00
    20.5650   4.842179    175.901     321328   6288.422     698833  0.000e+00
    20.5589   4.841922    176.099     321403   6288.285     699019  0.000e+00
    20.5546   4.841717    176.295     321456   6288.176     699203  0.000e+00
    20.5508   4.841439    176.485     321502   6288.027     699381  0.000e+00
    20.5478   4.840926    176.668     321540   6287.754     699553  0.000e+00
    20.5437   4.840436    176.848     321590   6287.492     699722  0.000e+00
    20.5392   4.839982    177.020     321646   6287.250     699883  0.000e+00
    20.5349   4.839557    177.178     321699   6287.023     700032  0.000e+00
    20.5310   4.839008    177.340     321747   6286.730     700184  0.000e+00
    20.5262   4.838495    177.511     321806   6286.457     700344  0.000e+00
    20.5217   4.838239    177.675     321861   6286.320     700498  0.000e+00
    20.5187   4.838004    177.834     321898   6286.195     700647  0.000e+00
    20.5154   4.837294    177.995     321939   6285.816     700798  0.000e+00
    20.5107   4.836525    178.148     321997   6285.406     700942  0.000e+00
    20.5043   4.835574    178.299     322076   6284.898     701084  0.000e+00
    20.4963   4.834959    178.450     322175   6284.570     701225  0.000e+00
    20.4898   4.834702    178.591     322255   6284.434     701358  0.000e+00
    20.4847   4.834161    178.726     322318   6284.145     701484  0.000e+00
    20.4800   4.833883    178.856     322377   6283.996     701606  0.000e+00
    20.4762   4.833817    178.972     322423   6283.961     701715  0.000e+00
    20.4741   4.833744    179.077     322450   6283.922     701814  0.000e+00
    20.4718   4.833019    179.201     322478   6283.535     701930  0.000e+00
    20.4671   4.832272    179.334     322536   6283.137     702055  0.000e+00
    20.4611   4.831811    179.471     322610   6282.891     702184  0.000e+00
    20.4559   4.831819    179.625     322674   6282.895     702328  0.000e+00
    20.4529   4.831482    179.766     322712   6282.715     702460  0.000e+00
    20.4494   4.830941    179.902     322755   6282.426     702588  0.000e+00
    20.4448   4.830282    180.048     322812   6282.074     702725  0.000e+00
    20.4389   4.829258    180.191     322885   6281.527     702859  0.000e+00
    20.4319   4.828680    180.326     322971   6281.219     702986  0.000e+00
    20.4251   4.828350    180.454     323056   6281.043     703106  0.000e+00
    20.4202   4.828241    180.574     323116   6280.984     703219  0.000e+00
    20.4169   4.828204    180.678     323157   6280.965     703316  0.000e+00
    20.4147   4.827831    180.783     323184   6280.766     703415  0.000e+00
    20.4118   4.827319    180.898     323220   6280.492     703523  0.000e+00
    20.4082   4.827012    181.014     323265   6280.328     703632  0.000e+00
    20.4042   4.826470    181.150     323314   6280.039     703759  0.000e+00
    20.3997   4.825980    181.306     323370   6279.777     703906  0.000e+00
    20.3952   4.825629    181.476     323426   6279.590     704065  0.000e+00
    20.3912   4.825190    181.659     323476   6279.355     704237  0.000e+00
    20.3866   4.824540    181.855     323533   6279.008     704421  0.000e+00
    20.3808   4.823794    182.053     323605   6278.609     704607  0.000e+00
    20.3741   4.823318    182.250     323688   6278.355     704792  0.000e+00
    20.3695   4.823172    182.436     323745   6278.277     704966  0.000e+00
    20.3659   4.822799    182.609     323790   6278.078     705129  0.000e+00
    20.3625   4.822485    182.758     323832   6277.910     705268  0.000e+00
    20.3587   4.821849    182.880     323879   6277.570     705383  0.000e+00
    20.3543   4.821432    182.984     323933   6277.348     705481  0.000e+00
    20.3500   4.821110    183.071     323987   6277.176     705562  0.000e+00
    20.3461   4.820554    183.150     324035   6276.879     705636  0.000e+00
    20.3415   4.819889    183.233     324092   6276.523     705714  0.000e+00
    20.3359   4.819472    183.322     324162   6276.301     705798  0.000e+00
    20.3311   4.819100    183.432     324221   6276.102     705901  0.000e+00
    20.3267   4.818654    183.569     324276   6275.863     706030  0.000e+00
    20.3224   4.818149    183.726     324329   6275.594     706177  0.000e+00
    20.3179   4.817601    183.924     324385   6275.301     706363  0.000e+00
    20.3132   4.817280    184.160     324444   6275.129     706584  0.000e+00
    20.3088   4.816636    184.407     324499   6274.785     706816  0.000e+00
    20.3039   4.816198    184.656     324560   6274.551     707050  0.000e+00
    20.2991   4.816008    184.909     324619   6274.449     707287  0.000e+00
    20.2953   4.815438    185.123     324666   6274.145     707488  0.000e+00
    20.2900   4.814758    185.319     324732   6273.781     707672  0.000e+00
    20.2843   4.814320    185.483     324803   6273.547     707826  0.000e+00
    20.2796   4.814050    185.609     324862   6273.402     707944  0.000e+00
    20.2751   4.813480    185.690     324917   6273.098     708020  0.000e+00
    20.2698   4.812632    185.731     324983   6272.645     708058  0.000e+00
    20.2637   4.812340    185.750     325060   6272.488     708076  0.000e+00
    20.2584   4.812011    185.743     325126   6272.313     708070  0.000e+00
    20.2542   4.811609    185.726     325178   6272.098     708054  0.000e+00
    20.2506   4.811244    185.706     325223   6271.902     708035  0.000e+00
    20.2466   4.810879    185.700     325272   6271.707     708029  0.000e+00
    20.2426   4.810367    185.722     325322   6271.434     708050  0.000e+00
    20.2383   4.809958    185.783     325376   6271.215     708107  0.000e+00
    20.2340   4.809461    185.890     325429   6270.949     708208  0.000e+00
    20.2294   4.808979    186.045     325487   6270.691     708353  0.000e+00
    20.2244   4.808329    186.257     325549   6270.344     708552  0.000e+00
    20.2197   4.808059    186.500     325608   6270.199     708780  0.000e+00
    20.2153   4.807446    186.775     325662   6269.871     709038  0.000e+00
    20.2104   4.807271    187.068     325724   6269.777     709313  0.000e+00
    20.2069   4.806993    187.360     325767   6269.629     709587  0.000e+00
    20.2031   4.806300    187.650     325814   6269.258     709859  0.000e+00
    20.1981   4.805832    187.912     325877   6269.008     710105  0.000e+00
    20.1933   4.805380    188.154     325937   6268.766     710332  0.000e+00
    20.1879   4.804620    188.363     326004   6268.359     710528  0.000e+00
    20.1813   4.804000    188.540     326087   6268.027     710694  0.000e+00
    20.1753   4.803569    188.681     326162   6267.797     710827  0.000e+00
    20.1700   4.803350    188.777     326228   6267.680     710917  0.000e+00
    20.1662   4.803146    188.843     326275   6267.570     710979  0.000e+00
    20.1634   4.802642    188.874     326310   6267.301     711008  0.000e+00
    20.1596   4.801876    188.887     326358   6266.891     711020  0.000e+00
    20.1546   4.801372    188.893     326420   6266.621     711026  0.000e+00
    20.1496   4.801080    188.900     326483   6266.465     711032  0.000e+00
    20.1454   4.800751    188.921     326535   6266.289     711052  0.000e+00
    20.1415   4.799978    188.967     326584   6265.875     711095  0.000e+00
    20.1363   4.799241    189.035     326649   6265.480     711159  0.000e+00
    20.1305   4.798825    189.138     326721   6265.258     711256  0.000e+00
    20.1256   4.798591    189.266     326783   6265.133     711376  0.000e+00
    20.1216   4.798394    189.408     326832   6265.027     711509  0.000e+00
    20.1184   4.797781    189.571     326873   6264.699     711662  0.000e+00
    20.1136   4.797095    189.746     326933   6264.332     711826  0.000e+00
    20.1083   4.796869    189.926     326999   6264.211     711995  0.000e+00
    20.1033   4.796402    190.108     327062   6263.961     712166  0.000e+00
    20.0984   4.795972    190.287     327123   6263.730     712334  0.000e+00
    20.0934   4.795213    190.458     327185   6263.324     712494  0.000e+00
    20.0870   4.794469    190.613     327266   6262.926     712640  0.000e+00
    20.0810   4.794433    190.757     327341   6262.906     712775  0.000e+00
    20.0765   4.793711    190.880     327397   6262.520     712890  0.000e+00
    20.0706   4.792974    190.996     327471   6262.125     712999  0.000e+00
    20.0653   4.793003    191.120     327537   6262.141     713116  0.000e+00
    20.0624   4.792675    191.236     327574   6261.965     713224  0.000e+00
    20.0587   4.792077    191.368     327620   6261.645     713348  0.000e+00
    20.0545   4.791676    191.508     327673   6261.430     713480  0.000e+00
    20.0506   4.791341    191.665     327722   6261.250     713627  0.000e+00
    20.0467   4.790721    191.839     327770   6260.918     713790  0.000e+00
    20.0416   4.789948    192.029     327834   6260.504     713969  0.000e+00
    20.0359   4.789590    192.235     327906   6260.313     714162  0.000e+00
    20.0309   4.789036    192.449     327969   6260.016     714363  0.000e+00
    20.0255   4.788380    192.660     328036   6259.664     714561  0.000e+00
    20.0200   4.787928    192.866     328106   6259.422     714754  0.000e+00
    20.0147   4.787564    193.063     328172   6259.227     714939  0.000e+00
    20.0108   4.787688    193.253     328221   6259.293     715117  0.000e+00
    20.0089   4.787338    193.433     328245   6259.105     715286  0.000e+00
    20.0059   4.786660    193.594     328282   6258.742     715437  0.000e+00
    20.0014   4.786186    193.734     328339   6258.488     715569  0.000e+00
    19.9966   4.785567    193.859     328399   6258.156     715686  0.000e+00
    19.9907   4.784699    193.975     328473   6257.691     715795  0.000e+00
    19.9839   4.784328    194.084     328559   6257.492     715897  0.000e+00
    19.9781   4.783890    194.188     328632   6257.258     715995  0.000e+00
    19.9730   4.783227    194.293     328696   6256.902     716093  0.000e+00
    19.9676   4.782892    194.404     328764   6256.723     716197  0.000e+00
    19.9630   4.782608    194.510     328821   6256.570     716297  0.000e+00
    19.9595   4.782142    194.625     328865   6256.320     716405  0.000e+00
    19.9554   4.781427    194.768     328917   6255.938     716539  0.000e+00
    19.9503   4.780976    194.909     328981   6255.695     716671  0.000e+00
    19.9452   4.780553    195.047     329045   6255.469     716801  0.000e+00
    19.9404   4.780131    195.177     329106   6255.242     716923  0.000e+00
    19.9361   4.779584    195.297     329160   6254.949     717035  0.000e+00
    19.9307   4.779038    195.399     329228   6254.656     717131  0.000e+00
    19.9258   4.778994    195.486     329289   6254.633     717213  0.000e+00
    19.9227   4.778754    195.565     329328   6254.504     717287  0.000e+00
    19.9200   4.778390    195.636     329363   6254.309     717353  0.000e+00
    19.9165   4.777727    195.700     329406   6253.953     717413  0.000e+00
    19.9110   4.776984    195.756     329476   6253.555     717466  0.000e+00
    19.9048   4.776357    195.816     329554   6253.219     717522  0.000e+00
    19.8985   4.775804    195.878     329633   6252.922     717580  0.000e+00
    19.8930   4.775607    195.957     329702   6252.816     717655  0.000e+00
    19.8884   4.775185    196.055     329760   6252.590     717747  0.000e+00
    19.8842   4.774653    196.159     329813   6252.305     717844  0.000e+00
    19.8799   4.774209    196.275     329868   6252.066     717953  0.000e+00
    19.8758   4.774093    196.402     329919   6252.004     718072  0.000e+00
    19.8732   4.773809    196.538     329952   6251.852     718200  0.000e+00
    19.8697   4.772855    196.700     329996   6251.340     718352  0.000e+00
    19.8631   4.771879    196.878     330080   6250.816     718519  0.000e+00
    19.8562   4.771741    197.079     330167   6250.742     718707  0.000e+00
    19.8517   4.771341    197.299     330223   6250.527     718914  0.000e+00
    19.8471   4.770533    197.529     330281   6250.094     719130  0.000e+00
    19.8415   4.770358    197.785     330352   6250.000     719370  0.000e+00
    19.8373   4.770074    198.033     330405   6249.848     719603  0.000e+00
    19.8337   4.769718    198.286     330450   6249.656     719840  0.000e+00
    19.8304   4.769434    198.531     330492   6249.504     720070  0.000e+00
    19.8269   4.768845    198.753     330536   6249.188     720278  0.000e+00
    19.8223   4.768146    198.957     330595   6248.813     720470  0.000e+00
    19.8166   4.767717    199.143     330666   6248.582     720644  0.000e+00
    19.8119   4.767309    199.306     330726   6248.363     720797  0.000e+00
    19.8071   4.766887    199.444     330786   6248.137     720927  0.000e+00
    19.8028   4.766487    199.564     330841   6247.922     721039  0.000e+00
    19.7988   4.766014    199.653     330892   6247.668     721123  0.000e+00
    19.7946   4.765730    199.746     330945   6247.516     721210  0.000e+00
    19.7906   4.764922    199.845     330995   6247.082     721303  0.000e+00
    19.7849   4.764224    199.963     331067   6246.707     721414  0.000e+00
    19.7786   4.763802    200.118     331147   6246.480     721559  0.000e+00
    19.7731   4.763358    200.298     331217   6246.242     721728  0.000e+00
    19.7686   4.763082    200.495     331273   6246.094     721913  0.000e+00
    19.7652   4.762879    200.689     331316   6245.984     722095  0.000e+00
    19.7619   4.762544    200.885     331358   6245.805     722279  0.000e+00
    19.7587   4.762115    201.077     331399   6245.574     722459  0.000e+00
    19.7541   4.761315    201.259     331457   6245.145     722630  0.000e+00
    19.7485   4.760726    201.419     331528   6244.828     722780  0.000e+00
    19.7427   4.760253    201.534     331601   6244.574     722888  0.000e+00
    19.7371   4.759693    201.608     331672   6244.273     722957  0.000e+00
    19.7312   4.759257    201.646     331747   6244.039     722993  0.000e+00
    19.7262   4.758798    201.653     331810   6243.793     722999  0.000e+00
    19.7215   4.758428    201.637     331870   6243.594     722984  0.000e+00
    19.7171   4.758013    201.620     331925   6243.371     722968  0.000e+00
    19.7126   4.757482    201.589     331983   6243.086     722939  0.000e+00
    19.7075   4.757060    201.558     332047   6242.859     722910  0.000e+00
    19.7029   4.756479    201.542     332105   6242.547     722895  0.000e+00
    19.6979   4.755919    201.548     332169   6242.246     722901  0.000e+00
    19.6930   4.755643    201.627     332231   6242.098     722975  0.000e+00
    19.6887   4.755105    201.822     332286   6241.809     723158  0.000e+00
    19.6841   4.754734    201.983     332344   6241.609     723309  0.000e+00
    19.6804   4.754494    202.160     332391   6241.480     723475  0.000e+00
    19.6769   4.754015    202.414     332436   6241.223     723713  0.000e+00
    19.6729   4.753586    202.657     332486   6240.992     723941  0.000e+00
    19.6685   4.752925    202.909     332542   6240.637     724178  0.000e+00
    19.6637   4.752467    203.167     332603   6240.391     724420  0.000e+00
    19.6587   4.751980    203.426     332667   6240.129     724663  0.000e+00
    19.6535   4.751559    203.666     332733   6239.902     724888  0.000e+00
    19.6483   4.750970    203.884     332799   6239.586     725093  0.000e+00
    19.6428   4.750360    204.077     332868   6239.258     725274  0.000e+00
    19.6370   4.749829    204.243     332942   6238.973     725430  0.000e+00
