tests/resources/orca-test-data/SBE19plusV2/E8001/E8001_window_filter_median_5.cnv
* Sea-Bird SBE19plus Data File:
* FileName = D:\2016\Estaciones\E8001.hex
* Software Version 1.59
* Temperature SN =  6130
* Conductivity SN =  6130
* System UpLoad Time = Dec 12 2016 13:25:15
** Ship: Aldebaranaldebaran
** Longitud:5212.47
** Latitud:3510.15
** Estacion:E8
** z:
** observaciones:
# nquan = 8
# nvalues = 51                          
# units = specified
# name 0 = tv290C: Temperature [ITS-90, deg C]
# name 1 = c0S/m: Conductivity [S/m]
# name 2 = prdM: Pressure, Strain Gauge [db]
# name 3 = f0: Frequency 0
# name 4 = f1: Frequency 1
# name 5 = f2: Frequency 2
# name 6 = sal00: Salinity, Practical [PSU]
# name 7 = flag:  0.000e+00
# span 0 =    20.9483,    21.1360       
# span 1 =   4.607328,   4.687531       
# span 2 =      7.405,     19.418       
# span 3 =     314356,     316633       
# span 4 =   6161.945,   6205.453       
# span 5 =     540596,     551885       
# span 6 =    32.7029,    33.3884       
# span 7 = 0.0000e+00, 0.0000e+00       
# interval = seconds: 0.25
# start_time = Dec 10 2016 06:16:51 [Instrument's time stamp, header]
# bad_flag = -9.990e-29
*END*
    20.9483   4.687531      7.405     316633   6205.453     540596    33.3884 0.0000e+00
    20.9490   4.683275      7.722     316625   6203.152     540894    33.3538 0.0000e+00
    20.9505   4.679996      7.980     316607   6201.379     541137    33.3264 0.0000e+00
    20.9516   4.677252      8.197     316593   6199.895     541341    33.3035 0.0000e+00
    20.9525   4.673115      8.376     316582   6197.656     541509    33.2698 0.0000e+00
    20.9541   4.667790      8.528     316563   6194.773     541652    33.2260 0.0000e+00
    20.9568   4.663628      8.663     316530   6192.520     541779    33.1907 -9.990e-29
    20.9595   4.661623      8.779     316497   6191.434     541888    33.1726 0.0000e+00
    20.9623   4.658458      8.879     316463   6189.719     541982    33.1452 0.0000e+00
    20.9647   4.655057      8.977     316434   6187.875     542074    33.1162 -9.990e-29
    20.9672   4.652312      9.095     316403   6186.387     542185    33.0923 0.0000e+00
    20.9698   4.648883      9.242     316372   6184.527     542323    33.0629 0.0000e+00
    20.9718   4.646600      9.415     316348   6183.289     542485    33.0432 0.0000e+00
    20.9733   4.643728      9.605     316329   6181.730     542664    33.0190 0.0000e+00
    20.9751   4.638136      9.818     316308   6178.695     542864    32.9731 0.0000e+00
    20.9765   4.632209     10.047     316291   6175.477     543079    32.9248 0.0000e+00
    20.9779   4.627989     10.305     316273   6173.184     543322    32.8900 0.0000e+00
    20.9793   4.623346     10.598     316256   6170.660     543597    32.8519 0.0000e+00
    20.9810   4.619136     10.917     316236   6168.371     543897    32.8170 0.0000e+00
    20.9829   4.615826     11.082     316213   6166.570     544207    32.7891 0.0000e+00
    20.9851   4.613349     11.418     316186   6165.223     544527    32.7676 0.0000e+00
    20.9872   4.611009     11.927     316161   6163.949     544845    32.7473 -9.990e-29
    20.9893   4.608741     12.265     316135   6162.715     545163    32.7275 0.0000e+00
    20.9920   4.607967     12.615     316102   6162.293     545492    32.7192 0.0000e+00
    20.9949   4.607328     12.936     316067   6161.945     545801    32.7118 -9.990e-29
    20.9985   4.607328     13.401     316023   6161.945     546095    32.7057 0.0000e+00
    21.0027   4.607328     13.681     315972   6161.945     546367    32.7052 0.0000e+00
    21.0067   4.607429     13.816     315923   6162.000     546621    32.7032 0.0000e+00
    21.0104   4.607752     14.051     315878   6162.176     546842    32.7032 0.0000e+00
    21.0147   4.607996     14.275     315826   6162.309     547052    32.7032 0.0000e+00
    21.0193   4.608749     14.481     315770   6162.719     547246    32.7029 0.0000e+00
    21.0244   4.609180     14.663     315709   6162.953     547417    32.7034 0.0000e+00
    21.0293   4.609553     14.839     315649   6163.156     547582    32.7039 0.0000e+00
    21.0327   4.610256     15.017     315608   6163.539     547749    32.7054 0.0000e+00
    21.0356   4.610658     15.192     315573   6163.758     547914    32.7064 0.0000e+00
    21.0383   4.611211     15.370     315540   6164.059     548081    32.7086 0.0000e+00
    21.0424   4.612029     15.556     315490   6164.504     548256    32.7114 0.0000e+00
    21.0486   4.612567     15.751     315415   6164.797     548439    32.7119 0.0000e+00
    21.0541   4.613185     15.852     315348   6165.133     548629    32.7120 0.0000e+00
    21.0592   4.614477     16.062     315287   6165.836     548834    32.7183 0.0000e+00
    21.0622   4.616042     16.407     315250   6166.688     549056    32.7283 0.0000e+00
    21.0647   4.617069     16.644     315220   6167.246     549278    32.7345 0.0000e+00
    21.0695   4.618039     16.903     315162   6167.773     549521    32.7384 0.0000e+00
    21.0765   4.619166     17.180     315077   6168.387     549779    32.7419 0.0000e+00
    21.0828   4.620567     17.608     315001   6169.148     550043    32.7481 0.0000e+00
    21.0913   4.623211     17.913     314898   6170.586     550324    32.7625 0.0000e+00
    21.1007   4.626165     18.068     314784   6172.191     550616    32.7786 0.0000e+00
    21.1098   4.630427     18.395     314674   6174.508     550923    32.8054 0.0000e+00
    21.1193   4.632728     18.735     314558   6175.758     551243    32.8162 0.0000e+00
    21.1284   4.634699     19.080     314449   6176.828     551567    32.8248 0.0000e+00
    21.1360   4.636677     19.418     314356   6177.902     551885    32.8344 0.0000e+00
