tests/resources/orca-test-data/SBE19plusV2/E8001/E8001DowncastOnly.cnv
* Sea-Bird SBE19plus Data File:
* FileName = D:\2016\Estaciones\E8001.hex
* Software Version 1.59
* Temperature SN =  6130
* Conductivity SN =  6130
* System UpLoad Time = Dec 12 2016 13:25:15
** Ship: Aldebaranaldebaran
** Longitud:5212.47
** Latitud:3510.15
** Estacion:E8
** z:
** observaciones:
# nquan = 7
# nvalues = 3069                                  
# units = specified
# name 0 = tv290C: Temperature [ITS-90, deg C]
# name 1 = c0S/m: Conductivity [S/m]
# name 2 = prdM: Pressure, Strain Gauge [db]
# name 3 = f0: Frequency 0
# name 4 = f1: Frequency 1
# name 5 = f2: Frequency 2
# name 6 = flag:  0.000e+00
# span 0 =    18.1981,    22.0342                 
# span 1 =   0.008161,   5.064101                 
# span 2 =     -0.109,    222.886                 
# span 3 =     303657,     351667                 
# span 4 =   2637.965,   6405.652                 
# span 5 =     533536,     742921                 
# span 6 = 0.0000e+00, 0.0000e+00                 
# interval = seconds: 0.25
# start_time = Dec 10 2016 06:16:51 [Instrument's time stamp, header]
# bad_flag = -9.990e-29
*END*
[from data line 411]
    20.9946   4.707760      2.531     316070   6216.379     536016  0.000e+00
    20.9942   4.708036      2.505     316075   6216.527     535992  0.000e+00
    20.9941   4.708477      2.467     316077   6216.766     535956  0.000e+00
    20.9934   4.708586      2.425     316085   6216.824     535917  0.000e+00
    20.9931   4.708694      2.388     316089   6216.883     535882  0.000e+00
    20.9927   4.708803      2.351     316094   6216.941     535847  0.000e+00
    20.9926   4.708854      2.299     316095   6216.969     535798  0.000e+00
    20.9923   4.709056      2.247     316099   6217.078     535749  0.000e+00
    20.9917   4.709390      2.198     316106   6217.258     535703  0.000e+00
    20.9919   4.709715      2.153     316103   6217.434     535661  0.000e+00
    20.9918   4.710150      2.107     316105   6217.668     535618  0.000e+00
    20.9919   4.710382      2.068     316103   6217.793     535581  0.000e+00
    20.9921   4.710461      2.033     316101   6217.836     535548  0.000e+00
    20.9923   4.710541      2.008     316099   6217.879     535525  0.000e+00
    20.9923   4.710519      1.969     316098   6217.867     535488  0.000e+00
    20.9932   4.710410      1.923     316088   6217.809     535445  0.000e+00
    20.9943   4.710323      1.874     316074   6217.762     535399  0.000e+00
    20.9955   4.710200      1.821     316059   6217.695     535349  0.000e+00
    20.9968   4.710077      1.778     316044   6217.629     535309  0.000e+00
    20.9979   4.710048      1.753     316031   6217.613     535285  0.000e+00
    20.9988   4.710070      1.760     316019   6217.625     535292  0.000e+00
    20.9992   4.710186      1.778     316015   6217.688     535309  0.000e+00
    20.9988   4.710273      1.810     316019   6217.734     535339  0.000e+00
    20.9985   4.710323      1.854     316023   6217.762     535380  0.000e+00
    20.9976   4.710410      1.891     316034   6217.809     535415  0.000e+00
    20.9968   4.710490      1.916     316044   6217.852     535438  0.000e+00
    20.9961   4.710577      1.931     316052   6217.898     535452  0.000e+00
    20.9951   4.710620      1.927     316064   6217.922     535449  0.000e+00
    20.9942   4.710686      1.908     316075   6217.957     535431  0.000e+00
    20.9934   4.710657      1.884     316085   6217.941     535408  0.000e+00
    20.9928   4.710490      1.862     316092   6217.852     535388  0.000e+00
    20.9928   4.710302      1.850     316092   6217.750     535376  0.000e+00
    20.9931   4.710135      1.858     316089   6217.660     535384  0.000e+00
    20.9939   4.710077      1.902     316079   6217.629     535425  0.000e+00
    20.9945   4.710092      1.990     316072   6217.637     535508  0.000e+00
    20.9945   4.710186      2.096     316072   6217.688     535607  0.000e+00
    20.9941   4.710295      2.197     316077   6217.746     535702  0.000e+00
    20.9935   4.710353      2.285     316084   6217.777     535785  0.000e+00
    20.9924   4.710440      2.357     316097   6217.824     535853  0.000e+00
    20.9912   4.710628      2.406     316112   6217.926     535899  0.000e+00
    20.9897   4.710715      2.430     316130   6217.973     535921  0.000e+00
    20.9886   4.710729      2.431     316143   6217.980     535922  0.000e+00
    20.9878   4.710657      2.411     316153   6217.941     535903  0.000e+00
    20.9875   4.710628      2.372     316157   6217.926     535867  0.000e+00
    20.9872   4.710570      2.333     316160   6217.895     535830  0.000e+00
    20.9874   4.710519      2.295     316158   6217.867     535794  0.000e+00
    20.9875   4.710432      2.262     316157   6217.820     535763  0.000e+00
    20.9874   4.710382      2.220     316158   6217.793     535724  0.000e+00
    20.9877   4.710331      2.149     316154   6217.766     535657  0.000e+00
    20.9877   4.710186      2.055     316154   6217.688     535569  0.000e+00
    20.9881   4.709940      1.956     316149   6217.555     535476  0.000e+00
    20.9887   4.709701      1.854     316142   6217.426     535380  0.000e+00
    20.9898   4.709411      1.744     316129   6217.270     535277  0.000e+00
    20.9904   4.709252      1.623     316122   6217.184     535163  0.000e+00
    20.9911   4.709165      1.507     316113   6217.137     535054  0.000e+00
    20.9918   4.709512      1.467     316105   6217.324     535016  0.000e+00
    20.9914   4.709882      1.536     316109   6217.523     535081  0.000e+00
    20.9904   4.710106      1.674     316122   6217.645     535211  0.000e+00
    20.9892   4.710331      1.826     316136   6217.766     535354  0.000e+00
    20.9882   4.710490      1.985     316148   6217.852     535503  0.000e+00
    20.9876   4.710215      2.140     316156   6217.703     535649  0.000e+00
    20.9869   4.709527      2.282     316164   6217.332     535782  0.000e+00
    20.9859   4.709303      2.379     316176   6217.211     535873  0.000e+00
    20.9853   4.709361      2.397     316184   6217.242     535890  0.000e+00
    20.9848   4.709274      2.343     316189   6217.195     535840  0.000e+00
    20.9842   4.709223      2.223     316197   6217.168     535727  0.000e+00
    20.9839   4.709252      2.055     316200   6217.184     535569  0.000e+00
    20.9837   4.709549      1.856     316203   6217.344     535382  0.000e+00
    20.9833   4.709940      1.648     316208   6217.555     535186  0.000e+00
    20.9831   4.709911      1.509     316210   6217.539     535056  0.000e+00
    20.9832   4.709802      1.462     316209   6217.480     535012  0.000e+00
    20.9833   4.709693      1.501     316208   6217.422     535048  0.000e+00
    20.9833   4.709563      1.603     316208   6217.352     535144  0.000e+00
    20.9835   4.709274      1.727     316205   6217.195     535261  0.000e+00
    20.9827   4.708890      1.862     316215   6216.988     535388  0.000e+00
    20.9813   4.708282      2.019     316232   6216.660     535535  0.000e+00
    20.9802   4.707847      2.167     316246   6216.426     535674  0.000e+00
    20.9800   4.707674      2.300     316248   6216.332     535799  0.000e+00
    20.9802   4.707457      2.403     316246   6216.215     535896  0.000e+00
    20.9801   4.707239      2.479     316247   6216.098     535967  0.000e+00
    20.9799   4.707203      2.521     316249   6216.078     536007  0.000e+00
    20.9799   4.707261      2.528     316249   6216.109     536013  0.000e+00
    20.9796   4.707428      2.491     316253   6216.199     535979  0.000e+00
    20.9793   4.707638      2.409     316257   6216.313     535902  0.000e+00
    20.9788   4.707811      2.297     316262   6216.406     535796  0.000e+00
    20.9783   4.707978      2.171     316268   6216.496     535678  0.000e+00
    20.9783   4.708115      2.047     316269   6216.570     535561  0.000e+00
    20.9779   4.708217      1.935     316273   6216.625     535456  0.000e+00
    20.9779   4.708419      1.836     316274   6216.734     535363  0.000e+00
    20.9778   4.708644      1.766     316275   6216.855     535297  0.000e+00
    20.9774   4.708694      1.732     316279   6216.883     535265  0.000e+00
    20.9774   4.708586      1.731     316280   6216.824     535264  0.000e+00
    20.9770   4.708144      1.750     316285   6216.586     535282  0.000e+00
    20.9764   4.707645      1.788     316292   6216.316     535318  0.000e+00
    20.9759   4.707456      1.852     316298   6216.215     535378  0.000e+00
    20.9751   4.707536      1.920     316307   6216.258     535442  0.000e+00
    20.9746   4.707782      1.983     316313   6216.391     535501  0.000e+00
    20.9742   4.708137      2.033     316318   6216.582     535548  0.000e+00
    20.9738   4.708224      2.058     316323   6216.629     535572  0.000e+00
    20.9738   4.708086      2.069     316323   6216.555     535582  0.000e+00
    20.9737   4.707761      2.076     316325   6216.379     535589  0.000e+00
    20.9733   4.707717      2.084     316329   6216.355     535596  0.000e+00
    20.9730   4.707869      2.090     316333   6216.438     535602  0.000e+00
    20.9725   4.708253      2.099     316339   6216.645     535610  0.000e+00
    20.9725   4.708724      2.109     316339   6216.898     535620  0.000e+00
    20.9723   4.708970      2.111     316341   6217.031     535622  0.000e+00
    20.9728   4.709086      2.110     316336   6217.094     535621  0.000e+00
    20.9732   4.709086      2.101     316330   6217.094     535612  0.000e+00
    20.9734   4.709013      2.081     316328   6217.055     535593  0.000e+00
    20.9737   4.709057      2.054     316324   6217.078     535568  0.000e+00
    20.9736   4.709165      2.022     316326   6217.137     535538  0.000e+00
    20.9735   4.709252      1.987     316327   6217.184     535505  0.000e+00
    20.9736   4.709223      1.955     316326   6217.168     535475  0.000e+00
    20.9740   4.709223      1.935     316321   6217.168     535456  0.000e+00
    20.9743   4.709274      1.934     316317   6217.195     535455  0.000e+00
    20.9751   4.709223      1.945     316308   6217.168     535466  0.000e+00
    20.9758   4.709194      1.965     316299   6217.152     535484  0.000e+00
    20.9762   4.709136      2.000     316294   6217.121     535517  0.000e+00
    20.9770   4.709115      2.041     316284   6217.109     535556  0.000e+00
    20.9778   4.709107      2.085     316275   6217.105     535597  0.000e+00
    20.9779   4.709086      2.127     316273   6217.094     535637  0.000e+00
    20.9772   4.708970      2.144     316282   6217.031     535653  0.000e+00
    20.9767   4.708456      2.128     316288   6216.754     535638  0.000e+00
    20.9758   4.708007      2.085     316299   6216.512     535597  0.000e+00
    20.9752   4.707811      2.039     316306   6216.406     535554  0.000e+00
    20.9748   4.707688      1.995     316311   6216.340     535513  0.000e+00
    20.9743   4.707761      1.967     316317   6216.379     535486  0.000e+00
    20.9739   4.708086      1.938     316322   6216.555     535459  0.000e+00
    20.9733   4.708557      1.914     316329   6216.809     535436  0.000e+00
    20.9732   4.708803      1.904     316330   6216.941     535427  0.000e+00
    20.9737   4.708832      1.914     316324   6216.957     535436  0.000e+00
    20.9736   4.708803      1.938     316326   6216.941     535459  0.000e+00
    20.9734   4.708405      1.961     316328   6216.727     535481  0.000e+00
    20.9733   4.708065      1.995     316329   6216.543     535513  0.000e+00
    20.9728   4.707782      2.025     316335   6216.391     535541  0.000e+00
    20.9723   4.707761      2.050     316341   6216.379     535564  0.000e+00
    20.9719   4.707768      2.082     316347   6216.383     535594  0.000e+00
    20.9714   4.707949      2.109     316353   6216.480     535620  0.000e+00
    20.9711   4.707978      2.160     316356   6216.496     535668  0.000e+00
    20.9711   4.707956      2.215     316356   6216.484     535719  0.000e+00
    20.9706   4.707319      2.271     316362   6216.141     535772  0.000e+00
    20.9703   4.706740      2.316     316366   6215.828     535814  0.000e+00
    20.9699   4.705965      2.339     316371   6215.410     535836  0.000e+00
    20.9693   4.705263      2.342     316378   6215.031     535839  0.000e+00
    20.9686   4.705024      2.340     316387   6214.902     535837  0.000e+00
    20.9682   4.705053      2.359     316391   6214.918     535855  0.000e+00
    20.9678   4.705524      2.367     316396   6215.172     535862  0.000e+00
    20.9676   4.705871      2.315     316399   6215.359     535813  0.000e+00
    20.9673   4.706899      2.358     316402   6215.914     535854  0.000e+00
    20.9667   4.707182      2.531     316410   6216.066     536016  0.000e+00
    20.9661   4.707797      2.706     316417   6216.398     536181  0.000e+00
    20.9656   4.707182      2.895     316423   6216.066     536358  0.000e+00
    20.9654   4.706241      3.072     316425   6215.559     536525  0.000e+00
    20.9650   4.706241      3.322     316430   6215.559     536760  0.000e+00
    20.9645   4.705821      3.587     316436   6215.332     537009  0.000e+00
    20.9641   4.703729      3.864     316441   6214.203     537269  0.000e+00
    20.9635   4.700256      4.156     316448   6212.328     537543  0.000e+00
    20.9634   4.695308      4.521     316450   6209.656     537886  0.000e+00
    20.9640   4.691816      4.937     316442   6207.770     538277  0.000e+00
    20.9626   4.693024      5.354     316459   6208.422     538669  0.000e+00
    20.9584   4.694181      5.754     316511   6209.047     539045  0.000e+00
    20.9546   4.693017      6.208     316557   6208.418     539472  0.000e+00
    20.9515   4.692142      6.638     316595   6207.945     539876  0.000e+00
    20.9494   4.689778      7.036     316620   6206.668     540250  0.000e+00
    20.9483   4.687531      7.405     316633   6205.453     540596  0.000e+00
    20.9490   4.683275      7.722     316625   6203.152     540894  0.000e+00
    20.9505   4.679996      7.980     316607   6201.379     541137  0.000e+00
    20.9516   4.677252      8.197     316593   6199.895     541341  0.000e+00
    20.9525   4.673115      8.376     316582   6197.656     541509  0.000e+00
    20.9541   4.667790      8.528     316563   6194.773     541652  0.000e+00
    20.9568   4.663628      8.663     316530   6192.520     541779  0.000e+00
    20.9595   4.661623      8.779     316497   6191.434     541888  0.000e+00
    20.9623   4.658458      8.879     316463   6189.719     541982  0.000e+00
    20.9647   4.655057      8.977     316434   6187.875     542074  0.000e+00
    20.9672   4.652312      9.095     316403   6186.387     542185  0.000e+00
    20.9698   4.648883      9.242     316372   6184.527     542323  0.000e+00
    20.9718   4.646600      9.415     316348   6183.289     542485  0.000e+00
    20.9733   4.643728      9.605     316329   6181.730     542664  0.000e+00
    20.9751   4.638136      9.818     316308   6178.695     542864  0.000e+00
    20.9765   4.632209     10.047     316291   6175.477     543079  0.000e+00
    20.9779   4.627989     10.305     316273   6173.184     543322  0.000e+00
    20.9793   4.623346     10.598     316256   6170.660     543597  0.000e+00
    20.9810   4.619136     10.917     316236   6168.371     543897  0.000e+00
    20.9829   4.615826     11.247     316213   6166.570     544207  0.000e+00
    20.9851   4.613349     11.588     316186   6165.223     544527  0.000e+00
    20.9872   4.611009     11.926     316161   6163.949     544845  0.000e+00
    20.9893   4.608741     12.265     316135   6162.715     545163  0.000e+00
    20.9920   4.607967     12.615     316102   6162.293     545492  0.000e+00
    20.9949   4.607328     12.944     316067   6161.945     545801  0.000e+00
    20.9985   4.606919     13.256     316023   6161.723     546095  0.000e+00
    21.0027   4.607271     13.546     315972   6161.914     546367  0.000e+00
    21.0067   4.607429     13.816     315923   6162.000     546621  0.000e+00
    21.0104   4.607752     14.051     315878   6162.176     546842  0.000e+00
    21.0147   4.607996     14.275     315826   6162.309     547052  0.000e+00
    21.0193   4.608749     14.481     315770   6162.719     547246  0.000e+00
    21.0244   4.609180     14.663     315709   6162.953     547417  0.000e+00
    21.0293   4.609553     14.839     315649   6163.156     547582  0.000e+00
    21.0327   4.610256     15.017     315608   6163.539     547749  0.000e+00
    21.0356   4.610658     15.192     315573   6163.758     547914  0.000e+00
    21.0383   4.611211     15.370     315540   6164.059     548081  0.000e+00
    21.0424   4.612029     15.556     315490   6164.504     548256  0.000e+00
    21.0486   4.612567     15.751     315415   6164.797     548439  0.000e+00
    21.0541   4.613185     15.953     315348   6165.133     548629  0.000e+00
    21.0592   4.614477     16.171     315287   6165.836     548834  0.000e+00
