tests/resources/orca-test-data/SBE19plusV2/E8001/E8001DowncastOnly.cnv
* Sea-Bird SBE19plus Data File:
* FileName = D:\2016\Estaciones\E8001.hex
* Software Version 1.59
* Temperature SN =  6130
* Conductivity SN =  6130
* System UpLoad Time = Dec 12 2016 13:25:15
** Ship: Aldebaranaldebaran
** Longitud:5212.47
** Latitud:3510.15
** Estacion:E8
** z:
** observaciones:
# nquan = 7
# nvalues = 3069                                  
# units = specified
# name 0 = tv290C: Temperature [ITS-90, deg C]
# name 1 = c0S/m: Conductivity [S/m]
# name 2 = prdM: Pressure, Strain Gauge [db]
# name 3 = f0: Frequency 0
# name 4 = f1: Frequency 1
# name 5 = f2: Frequency 2
# name 6 = flag:  0.000e+00
# span 0 =    18.1981,    22.0342                 
# span 1 =   0.008161,   5.064101                 
# span 2 =     -0.109,    222.886                 
# span 3 =     303657,     351667                 
# span 4 =   2637.965,   6405.652                 
# span 5 =     533536,     742921                 
# span 6 = 0.0000e+00, 0.0000e+00                 
# interval = seconds: 0.25
# start_time = Dec 10 2016 06:16:51 [Instrument's time stamp, header]
# bad_flag = -9.990e-29
*END*
    20.4459   0.008453     -0.105     322798   2638.340     533539  0.000e+00
    20.4451   0.008420     -0.106     322808   2638.297     533538  0.000e+00
    20.4436   0.008423     -0.104     322827   2638.301     533540  0.000e+00
    20.4427   0.008402     -0.107     322838   2638.273     533537  0.000e+00
    20.4413   0.008380     -0.105     322855   2638.246     533539  0.000e+00
    20.4401   0.008344     -0.104     322870   2638.199     533540  0.000e+00
    20.4390   0.008304     -0.107     322884   2638.148     533537  0.000e+00
    20.4375   0.008292     -0.106     322902   2638.133     533538  0.000e+00
    20.4360   0.008277     -0.105     322921   2638.113     533539  0.000e+00
    20.4348   0.008264     -0.106     322935   2638.098     533538  0.000e+00
    20.4337   0.008234     -0.106     322949   2638.059     533538  0.000e+00
    20.4327   0.008225     -0.106     322961   2638.047     533538  0.000e+00
    20.4316   0.008200     -0.105     322975   2638.016     533539  0.000e+00
    20.4307   0.008188     -0.102     322986   2638.000     533542  0.000e+00
    20.4298   0.008161     -0.104     322998   2637.965     533540  0.000e+00
    20.4287   0.008313     -0.102     323011   2638.160     533542  0.000e+00
    20.4271   0.008447     -0.103     323031   2638.332     533541  0.000e+00
    20.4261   0.008435     -0.103     323043   2638.316     533541  0.000e+00
    20.4250   0.008356     -0.103     323057   2638.215     533541  0.000e+00
    20.4233   0.008816     -0.102     323078   2638.805     533542  0.000e+00
    20.4224   0.009100     -0.103     323089   2639.168     533541  0.000e+00
    20.4219   0.009219     -0.102     323095   2639.320     533542  0.000e+00
    20.4213   0.009414     -0.101     323103   2639.570     533543  0.000e+00
    20.4206   0.009762     -0.102     323111   2640.016     533542  0.000e+00
    20.4197   0.009634     -0.101     323123   2639.852     533543  0.000e+00
    20.4196   0.009707     -0.102     323124   2639.945     533542  0.000e+00
    20.4188   0.009866     -0.103     323134   2640.148     533541  0.000e+00
    20.4185   0.010022     -0.102     323137   2640.348     533542  0.000e+00
    20.4179   0.010242     -0.104     323145   2640.629     533540  0.000e+00
    20.4183   0.010467     -0.102     323140   2640.918     533542  0.000e+00
    20.4186   0.010605     -0.102     323136   2641.094     533542  0.000e+00
    20.4190   0.010733     -0.100     323131   2641.258     533544  0.000e+00
    20.4193   0.010849     -0.098     323127   2641.406     533546  0.000e+00
    20.4194   0.011072     -0.101     323126   2641.691     533543  0.000e+00
    20.4199   0.011206     -0.100     323120   2641.863     533544  0.000e+00
    20.4197   0.011445     -0.101     323122   2642.168     533543  0.000e+00
    20.4189   0.011808     -0.101     323132   2642.633     533543  0.000e+00
    20.4183   0.012147     -0.101     323140   2643.066     533543  0.000e+00
    20.4181   0.012306     -0.103     323142   2643.270     533541  0.000e+00
    20.4173   0.012538     -0.100     323152   2643.566     533544  0.000e+00
    20.4158   0.012765     -0.102     323171   2643.855     533542  0.000e+00
    20.4155   0.012902     -0.103     323174   2644.031     533541  0.000e+00
    20.4151   0.012862     -0.102     323179   2643.980     533542  0.000e+00
    20.4143   0.012896     -0.100     323189   2644.023     533544  0.000e+00
    20.4142   0.012731     -0.100     323191   2643.813     533544  0.000e+00
    20.4138   0.012566     -0.101     323195   2643.602     533543  0.000e+00
    20.4141   0.012358     -0.101     323192   2643.336     533543  0.000e+00
    20.4137   0.012153     -0.100     323197   2643.074     533544  0.000e+00
    20.4135   0.011958     -0.101     323199   2642.824     533543  0.000e+00
    20.4125   0.011778     -0.100     323212   2642.594     533544  0.000e+00
    20.4124   0.011597     -0.101     323213   2642.363     533543  0.000e+00
    20.4114   0.011490     -0.101     323225   2642.227     533543  0.000e+00
    20.4100   0.011316     -0.104     323243   2642.004     533540  0.000e+00
    20.4095   0.011182     -0.103     323249   2641.832     533541  0.000e+00
    20.4090   0.011038     -0.104     323255   2641.648     533540  0.000e+00
    20.4078   0.010928     -0.104     323270   2641.508     533540  0.000e+00
    20.4072   0.010812     -0.104     323277   2641.359     533540  0.000e+00
    20.4065   0.011005     -0.103     323286   2641.605     533541  0.000e+00
    20.4061   0.011167     -0.103     323291   2641.813     533541  0.000e+00
    20.4051   0.010965     -0.103     323303   2641.555     533541  0.000e+00
    20.4038   0.010696     -0.101     323320   2641.211     533543  0.000e+00
    20.4028   0.010599     -0.105     323332   2641.086     533539  0.000e+00
    20.4017   0.010550     -0.102     323346   2641.023     533542  0.000e+00
    20.3996   0.010599     -0.100     323371   2641.086     533544  0.000e+00
    20.3988   0.010565     -0.097     323381   2641.043     533547  0.000e+00
    20.3979   0.010431     -0.098     323393   2640.871     533546  0.000e+00
    20.3965   0.010351     -0.099     323410   2640.770     533545  0.000e+00
    20.3951   0.010409     -0.098     323427   2640.844     533546  0.000e+00
    20.3954   0.010358     -0.098     323424   2640.777     533546  0.000e+00
    20.3949   0.010257      0.008     323430   2640.648     533645  0.000e+00
    20.3942   0.010229      0.324     323439   2640.613     533942  0.000e+00
    20.3932   0.010150      0.556     323451   2640.512     534160  0.000e+00
    20.3927   0.010077      0.765     323457   2640.418     534357  0.000e+00
    20.3921   0.010028      0.943     323464   2640.355     534524  0.000e+00
    20.3914   0.010003      1.085     323473   2640.324     534657  0.000e+00
    20.3898   0.009958      1.223     323493   2640.266     534787  0.000e+00
    20.3888   0.009942      1.391     323506   2640.246     534945  0.000e+00
    20.3883   0.009918      1.622     323512   2640.215     535162  0.000e+00
    20.3871   0.009887      1.899     323526   2640.176     535422  0.000e+00
    20.3869   0.010287      2.174     323529   2640.688     535681  0.000e+00
    20.3867   0.010345      2.315     323531   2640.762     535813  0.000e+00
    20.3868   0.010226      2.364     323530   2640.609     535859  0.000e+00
    20.3867   0.010010      2.433     323532   2640.332     535924  0.000e+00
    20.3860   0.010000      2.482     323540   2640.320     535970  0.000e+00
    20.3850   0.009976      2.480     323552   2640.289     535968  0.000e+00
    20.3850   0.009854      2.434     323553   2640.133     535925  0.000e+00
    20.3841   0.010358      2.367     323564   2640.777     535862  0.000e+00
    20.3821   0.096053      2.271     323589   2748.246     535772  0.000e+00
    20.3805   0.134922      2.135     323608   2795.633     535644  0.000e+00
    20.3793   0.253420      1.986     323623   2935.391     535504  0.000e+00
    20.3775   0.305059      1.826     323645   2994.258     535354  0.000e+00
    20.3757   0.281265      1.670     323668   2967.277     535207  0.000e+00
    20.3750   0.311195      1.574     323677   3001.176     535117  0.000e+00
    20.3750   0.334697      1.563     323677   3027.527     535107  0.000e+00
    20.3775   0.280407      1.623     323645   2966.301     535163  0.000e+00
    20.3811   0.307047      1.720     323601   2996.500     535254  0.000e+00
    20.3854   0.342511      1.826     323548   3036.238     535354  0.000e+00
    20.3905   0.408477      1.922     323484   3108.805     535444  0.000e+00
    20.3961   0.422300      1.993     323415   3123.797     535511  0.000e+00
    20.4021   0.363837      2.052     323340   3059.887     535566  0.000e+00
    20.4092   0.306430      2.090     323252   2995.805     535602  0.000e+00
    20.4170   0.466819      2.103     323156   3171.602     535614  0.000e+00
    20.4248   0.607242      2.097     323060   3317.879     535608  0.000e+00
    20.4312   0.493963      2.072     322980   3200.398     535585  0.000e+00
    20.4392   0.584019      2.035     322881   3294.137     535550  0.000e+00
    20.4476   0.524496      1.998     322777   3232.484     535515  0.000e+00
    20.4555   0.459237      1.964     322680   3163.512     535483  0.000e+00
    20.4631   0.560314      1.930     322585   3269.723     535451  0.000e+00
    20.4706   0.584506      1.902     322493   3294.637     535425  0.000e+00
    20.4778   0.535210      1.885     322404   3243.668     535409  0.000e+00
    20.4854   0.477629      1.902     322310   3183.102     535425  0.000e+00
    20.4923   0.417394      1.941     322224   3118.484     535462  0.000e+00
    20.4991   0.425124      2.009     322140   3126.852     535526  0.000e+00
    20.5054   0.525426      2.103     322063   3233.457     535614  0.000e+00
    20.5120   0.464972      2.224     321981   3169.633     535728  0.000e+00
    20.5321   0.510756      2.337     321733   3218.086     535834  0.000e+00
    20.5828   0.517793      2.419     321108   3225.469     535911  0.000e+00
    20.6461   0.514965      2.436     320329   3222.504     535927  0.000e+00
    20.7098   0.448307      2.400     319547   3151.813     535893  0.000e+00
    20.7598   0.412644      2.316     318935   3113.332     535814  0.000e+00
    20.7920   0.456788      2.192     318540   3160.895     535698  0.000e+00
    20.8173   0.505290      2.033     318231   3212.340     535548  0.000e+00
    20.8386   0.437959      1.839     317971   3140.695     535366  0.000e+00
    20.8562   0.477846      1.661     317756   3183.332     535199  0.000e+00
    20.8688   0.409253      1.580     317602   3109.648     535123  0.000e+00
    20.8780   0.403207      1.623     317490   3103.070     535163  0.000e+00
    20.8911   0.475121      1.740     317330   3180.438     535273  0.000e+00
    20.9060   0.411791      1.886     317148   3112.406     535410  0.000e+00
    20.9254   0.436739      2.044     316912   3139.383     535559  0.000e+00
    20.9465   0.365514      2.197     316655   3061.738     535702  0.000e+00
    20.9680   0.328514      2.297     316394   3020.617     535796  0.000e+00
    20.9892   0.425651      2.365     316136   3127.422     535860  0.000e+00
    21.0027   0.463356      2.412     315972   3167.910     535904  0.000e+00
    21.0081   0.458177      2.416     315907   3162.379     535908  0.000e+00
    21.0113   0.472314      2.381     315868   3177.453     535875  0.000e+00
    21.0106   0.519538      2.315     315876   3227.297     535813  0.000e+00
    21.0070   0.479685      2.231     315920   3185.285     535734  0.000e+00
    21.0028   0.516242      2.151     315971   3223.844     535659  0.000e+00
    21.0030   0.456174      2.068     315969   3160.238     535581  0.000e+00
    21.0085   0.514242      1.981     315902   3221.746     535499  0.000e+00
    21.0164   0.499700      1.894     315806   3206.453     535418  0.000e+00
    21.0248   0.475878      1.837     315704   3181.242     535364  0.000e+00
    21.0321   0.432371      1.806     315615   3134.676     535335  0.000e+00
    21.0351   0.423476      1.786     315579   3125.070     535316  0.000e+00
    21.0361   0.461175      1.775     315567   3165.582     535306  0.000e+00
    21.0370   0.390490      1.819     315556   3089.188     535347  0.000e+00
    21.0380   0.472046      1.933     315543   3177.168     535454  0.000e+00
    21.0401   0.424180      2.084     315518   3125.832     535596  0.000e+00
    21.0427   0.378591      2.208     315486   3076.141     535713  0.000e+00
    21.0462   0.380009      2.281     315444   3077.699     535781  0.000e+00
    21.0487   0.400769      2.306     315414   3100.414     535805  0.000e+00
    21.0496   0.412848      2.292     315403   3113.555     535792  0.000e+00
    21.0495   0.398624      2.246     315404   3098.074     535748  0.000e+00
    21.0503   0.442139      2.165     315394   3145.191     535672  0.000e+00
    21.0531   0.434730      2.049     315361   3137.219     535563  0.000e+00
    21.0579   0.448864      1.916     315302   3152.410     535438  0.000e+00
    21.0642   0.465385      1.793     315226   3170.074     535323  0.000e+00
    21.0697   0.465187      1.707     315159   3169.863     535242  0.000e+00
    21.0747   0.434639      1.674     315099   3137.121     535211  0.000e+00
    21.0800   0.410496      1.703     315035   3111.000     535238  0.000e+00
    21.0837   0.433816      1.774     314989   3136.234     535305  0.000e+00
    21.0856   0.393923      1.873     314966   3092.941     535398  0.000e+00
    21.0860   0.425727      2.003     314962   3127.504     535520  0.000e+00
    21.0856   0.357778      2.120     314966   3053.188     535630  0.000e+00
    21.0843   0.340742      2.238     314982   3034.270     535741  0.000e+00
    21.0822   0.327871      2.343     315008   3019.898     535840  0.000e+00
    21.0786   0.314679      2.402     315051   3005.098     535895  0.000e+00
    21.0743   0.300453      2.429     315104   2989.055     535920  0.000e+00
    21.0696   0.371596      2.440     315160   3068.445     535931  0.000e+00
    21.0645   0.556438      2.442     315222   3265.715     535933  0.000e+00
    21.0596   0.625937      2.416     315282   3336.871     535908  0.000e+00
    21.0578   0.528244      2.335     315304   3236.402     535832  0.000e+00
    21.0593   0.576329      2.212     315285   3286.238     535716  0.000e+00
    21.0625   0.596502      2.071     315246   3306.922     535584  0.000e+00
    21.0665   0.609200      1.940     315198   3319.875     535461  0.000e+00
    21.0710   0.575938      1.851     315143   3285.836     535377  0.000e+00
    21.0765   0.649234      1.791     315077   3360.387     535321  0.000e+00
    21.0823   0.598460      1.762     315006   3308.922     535294  0.000e+00
    21.0905   0.578142      1.758     314907   3288.102     535290  0.000e+00
    21.0981   0.510610      1.779     314815   3217.934     535310  0.000e+00
    21.1025   0.453820      1.818     314762   3157.719     535346  0.000e+00
    21.1037   0.478898      1.868     314747   3184.449     535393  0.000e+00
    21.1031   0.523049      1.931     314755   3230.973     535452  0.000e+00
    21.0999   0.501546      1.992     314793   3208.398     535510  0.000e+00
    21.0956   0.465253      2.044     314846   3169.934     535559  0.000e+00
    21.0899   0.420180      2.110     314915   3121.504     535621  0.000e+00
    21.0853   0.391343      2.180     314970   3090.121     535686  0.000e+00
    21.0807   0.379039      2.248     315026   3076.633     535750  0.000e+00
    21.0756   0.374097      2.322     315088   3071.199     535820  0.000e+00
    21.0688   0.340623      2.381     315170   3034.137     535875  0.000e+00
    21.0616   0.313592      2.383     315257   3003.875     535877  0.000e+00
    21.0562   0.302810      2.315     315323   2991.719     535813  0.000e+00
    21.0517   0.320246      2.214     315378   3011.352     535718  0.000e+00
    21.0479   0.482882      2.103     315423   3188.676     535614  0.000e+00
    21.0464   0.699255      1.989     315442   3410.328     535507  0.000e+00
    21.0469   0.659296      1.841     315436   3370.492     535368  0.000e+00
    21.0506   0.807250      1.625     315391   3515.730     535165  0.000e+00
    21.0559   0.864370      1.459     315326   3570.219     535009  0.000e+00
    21.0611   0.707941      1.453     315264   3418.926     535003  0.000e+00
    21.0672   0.641166      1.560     315190   3352.262     535104  0.000e+00
    21.0723   0.711182      1.754     315128   3422.129     535286  0.000e+00
    21.0751   0.687298      1.938     315094   3398.457     535459  0.000e+00
    21.0768   0.622175      2.074     315073   3333.059     535587  0.000e+00
    21.0787   0.540536      2.180     315050   3249.215     535686  0.000e+00
    21.0803   0.525313      2.255     315031   3233.340     535757  0.000e+00
