tests/resources/test-data/19plus_V2_CTD-processing_example_boxcar_5_excluded.cnv
* Sea-Bird SBE19plus Data File:
* FileName = C:\seabirdscientific\documentation\example_data\19plus_V2_01906130_Profiling.hex
* Software Version 1.59
* Temperature SN =  6130
* Conductivity SN =  6130
* System UpLoad Time = Dec 12 2016 13:25:15
* ds
* SBE 19plus V 2.5.2  SERIAL NO. 6130    12 Dec 2016 09:24:17
# nquan = 8
# nvalues = 3069                        
# units = specified
# name 0 = tv290C: Temperature [ITS-90, deg C]
# name 1 = c0S/m: Conductivity [S/m]
# name 2 = prdM: Pressure, Strain Gauge [db]
# name 3 = f0: Frequency 0
# name 4 = f1: Frequency 1
# name 5 = f2: Frequency 2
# name 6 = sal00: Salinity, Practical [PSU]
# name 7 = flag:  0.000e+00
# span 0 =    18.1982,    22.0311       
# span 1 =   0.008202,   5.060955       
# span 2 =     -0.107,    222.811       
# span 3 =     303693,     351666       
# span 4 =   2638.017,   6404.006       
# span 5 =     533538,     742851       
# span 6 =     0.0463,    35.4893       
# span 7 =  0.0000e+00,  0.0000e+00     
# interval = seconds: 0.25
# start_time = Dec 10 2016 06:16:51 [Instrument's time stamp, header]
# bad_flag = -9.990e-29
*END*
[from data line 3023]
    20.1633   4.704853     -0.103     326311   6214.804     533542    34.1557  0.0000e+00
    20.1636   4.704926     -0.102     326308   6214.843     533543    34.1561  0.0000e+00
    20.1641   4.704995     -0.102     326301   6214.881     533543    34.1562  0.0000e+00
    20.1648   4.705050     -0.102     326293   6214.910     533543    34.1561  0.0000e+00
    20.1655   4.705099     -0.102     326284   6214.937     533543    34.1559  0.0000e+00
    20.1662   4.705175     -0.103     326276   6214.977     533542    34.1560  0.0000e+00
    20.1667   4.705196     -0.103     326270   6214.989     533542    34.1558  0.0000e+00
    20.1671   4.705169     -0.103     326264   6214.974     533542    34.1552  0.0000e+00
    20.1676   4.705156     -0.104     326258   6214.967     533541    34.1547  0.0000e+00
    20.1680   4.705122     -0.104     326252   6214.949     533541    34.1541  0.0000e+00
    20.1685   4.705129     -0.104     326247   6214.953     533541    34.1538  0.0000e+00
    20.1688   4.705208     -0.104     326242   6214.995     533541    34.1541  0.0000e+00
    20.1691   4.705303     -0.104     326239   6215.047     533541    34.1546  0.0000e+00
    20.1693   4.705310     -0.104     326236   6215.051     533541    34.1545  0.0000e+00
    20.1695   4.705365     -0.104     326234   6215.080     533541    34.1548  0.0000e+00
    20.1698   4.705416     -0.103     326230   6215.108     533542    34.1550  0.0000e+00
    20.1701   4.705404     -0.103     326227   6215.102     533542    34.1547  0.0000e+00
    20.1703   4.705387     -0.102     326224   6215.092     533543    34.1544  0.0000e+00
    20.1704   4.705458     -0.102     326222   6215.131     533543    34.1548  0.0000e+00
    20.1705   4.705471     -0.102     326221   6215.138     533543    34.1549  0.0000e+00
    20.1705   4.705465     -0.102     326221   6215.134     533543    34.1548  0.0000e+00
    20.1706   4.705448     -0.102     326220   6215.125     533543    34.1546  0.0000e+00
    20.1707   4.705458     -0.101     326219   6215.131     533544    34.1546  0.0000e+00
    20.1706   4.705470     -0.102     326221   6215.137     533543    34.1548  0.0000e+00
    20.1703   4.705517     -0.102     326223   6215.163     533543    34.1554  0.0000e+00
    20.1699   4.705539     -0.102     326229   6215.174     533543    34.1560  0.0000e+00
    20.1692   4.705580     -0.102     326238   6215.196     533543    34.1569  0.0000e+00
    20.1683   4.705552     -0.103     326248   6215.181     533542    34.1573  0.0000e+00
    20.1674   4.705464     -0.103     326260   6215.134     533542    34.1573  0.0000e+00
    20.1662   4.705276     -0.103     326275   6215.032     533542    34.1568  0.0000e+00
    20.1651   4.704769     -0.104     326290   6214.758     533541    34.1536  0.0000e+00
    20.1639   4.704128     -0.104     326304   6214.412     533541    34.1493  0.0000e+00
    20.1628   4.703594     -0.104     326318   6214.124     533541    34.1459  0.0000e+00
    20.1618   4.703125     -0.104     326331   6213.871     533541    34.1429  0.0000e+00
    20.1610   4.702822     -0.104     326341   6213.708     533541    34.1411  0.0000e+00
    20.1603   4.702954     -0.104     326349   6213.779     533541    34.1427  0.0000e+00
    20.1597   4.703264     -0.103     326356   6213.946     533542    34.1456  0.0000e+00
    20.1591   4.703510     -0.104     326364   6214.079     533541    34.1482  0.0000e+00
    20.1584   4.703753     -0.105     326372   6214.210     533540    34.1507  0.0000e+00
    20.1579   4.703918     -0.105     326378   6214.299     533540    34.1525  0.0000e+00
    20.1576   4.703979     -0.105     326382   6214.332     533540    34.1532  0.0000e+00
    20.1578   4.704035     -0.106     326380   6214.362     533539    34.1535  0.0000e+00
    20.1586   4.704152     -0.106     326370   6214.426     533539    34.1538  0.0000e+00
    20.1598   4.704235     -0.105     326355   6214.470     533540    34.1535  0.0000e+00
    20.1617   4.704485     -0.106     326331   6214.605     533539    34.1540  0.0000e+00
    20.1628   4.704514     -0.107     326317   6214.621     533538    34.1533  0.0000e+00
