tests/resources/test-data/19plus_V2_CTD-processing_example_median_5.cnv
* Sea-Bird SBE19plus Data File:
* FileName = C:\seabirdscientific\documentation\example_data\19plus_V2_01906130_Profiling.hex
* Software Version 1.59
* Temperature SN =  6130
* Conductivity SN =  6130
* System UpLoad Time = Dec 12 2016 13:25:15
* ds
* SBE 19plus V 2.5.2  SERIAL NO. 6130    12 Dec 2016 09:24:17
# nquan = 8
# nvalues = 3069                        
# units = specified
# name 0 = tv290C: Temperature [ITS-90, deg C]
# name 1 = c0S/m: Conductivity [S/m]
# name 2 = prdM: Pressure, Strain Gauge [db]
# name 3 = f0: Frequency 0
# name 4 = f1: Frequency 1
# name 5 = f2: Frequency 2
# name 6 = sal00: Salinity, Practical [PSU]
# name 7 = flag:  0.000e+00
# span 0 =    18.1982,    22.0324       
# span 1 =   0.008200,   5.061988       
# span 2 =     -0.107,    222.838       
# span 3 =     303678,     351666       
# span 4 =   2638.016,   6404.547       
# span 5 =     533538,     742876       
# span 6 =     0.0463,    35.4938       
# span 7 =  0.0000e+00,  0.0000e+00     
# interval = seconds: 0.25
# start_time = Dec 10 2016 06:16:51 [Instrument's time stamp, header]
# bad_flag = -9.990e-29
*END*
[from data line 1245]
    21.3531   4.920908    142.842     311741   6330.266     667803    34.8788  0.0000e+00
    21.3511   4.920547    143.192     311765   6330.074     668131    34.8788  0.0000e+00
    21.3480   4.920134    143.531     311802   6329.855     668450    34.8783  0.0000e+00
    21.3449   4.920008    143.821     311839   6329.789     668722    34.8778  0.0000e+00
    21.3421   4.919603    144.093     311873   6329.574     668977    34.8778  0.0000e+00
    21.3388   4.919242    144.315     311913   6329.383     669186    34.8784  0.0000e+00
    21.3357   4.919153    144.515     311950   6329.336     669373    34.8778  0.0000e+00
    21.3330   4.918785    144.685     311982   6329.141     669533    34.8783  0.0000e+00
    21.3298   4.918372    144.829     312021   6328.922     669668    34.8784  0.0000e+00
    21.3260   4.918069    144.960     312066   6328.762     669791    34.8784  0.0000e+00
    21.3234   4.918025    145.089     312098   6328.738     669912    34.8783  0.0000e+00
    21.3209   4.917679    145.212     312127   6328.555     670028    34.8783  0.0000e+00
    21.3175   4.917096    145.357     312168   6328.246     670164    34.8776  0.0000e+00
    21.3135   4.916727    145.523     312217   6328.051     670320    34.8775  0.0000e+00
    21.3093   4.916071    145.705     312267   6327.703     670490    34.8775  0.0000e+00
    21.3046   4.915843    145.900     312324   6327.582     670673    34.8775  0.0000e+00
    21.3010   4.915813    146.093     312367   6327.566     670855    34.8775  0.0000e+00
    21.2985   4.915172    146.273     312397   6327.227     671024    34.8779  0.0000e+00
    21.2943   4.914840    146.452     312448   6327.051     671192    34.8790  0.0000e+00
    21.2906   4.914612    146.618     312492   6326.930     671347    34.8790  0.0000e+00
    21.2872   4.914310    146.766     312533   6326.770     671486    34.8793  0.0000e+00
    21.2834   4.913919    146.905     312579   6326.563     671617    34.8793  0.0000e+00
    21.2795   4.913610    147.028     312626   6326.398     671732    34.8799  0.0000e+00
    21.2754   4.913448    147.142     312675   6326.313     671839    34.8799  0.0000e+00
    21.2721   4.912961    147.248     312715   6326.055     671939    34.8800  0.0000e+00
    21.2677   4.912224    147.355     312767   6325.664     672039    34.8807  0.0000e+00
    21.2621   4.911885    147.474     312835   6325.484     672151    34.8807  0.0000e+00
    21.2579   4.911863    147.610     312886   6325.473     672279    34.8836  0.0000e+00
    21.2554   4.911856    147.761     312916   6325.469     672420    34.8836  0.0000e+00
    21.2542   4.911694    147.925     312930   6325.383     672574    34.8836  0.0000e+00
    21.2530   4.911082    148.103     312944   6325.059     672741    34.8809  0.0000e+00
    21.2497   4.910257    148.293     312984   6324.621     672920    34.8785  0.0000e+00
    21.2443   4.909638    148.493     313049   6324.293     673108    34.8785  0.0000e+00
    21.2396   4.909439    148.684     313106   6324.188     673287    34.8785  0.0000e+00
    21.2360   4.909299    148.861     313149   6324.113     673453    34.8785  0.0000e+00
    21.2333   4.908805    149.038     313182   6323.852     673619    34.8785  0.0000e+00
    21.2310   4.908717    149.207     313210   6323.805     673778    34.8785  0.0000e+00
    21.2281   4.908135    149.377     313244   6323.496     673937    34.8772  0.0000e+00
    21.2237   4.907317    149.561     313298   6323.063     674110    34.8763  0.0000e+00
    21.2179   4.906941    149.744     313367   6322.863     674282    34.8763  0.0000e+00
    21.2121   4.906411    149.942     313437   6322.582     674468    34.8763  0.0000e+00
    21.2077   4.906271    150.154     313491   6322.508     674667    34.8787  0.0000e+00
    21.2041   4.906021    150.389     313534   6322.375     674887    34.8796  0.0000e+00
    21.2006   4.905719    150.643     313576   6322.215     675126    34.8796  0.0000e+00
    21.1971   4.905343    150.923     313619   6322.016     675389    34.8796  0.0000e+00
    21.1937   4.904909    151.200     313659   6321.785     675649    34.8797  0.0000e+00
    21.1903   4.904637    151.473     313700   6321.641     675905    34.8793  0.0000e+00
    21.1878   4.904438    151.737     313731   6321.535     676153    34.8789  0.0000e+00
    21.1850   4.904070    151.994     313764   6321.340     676394    34.8789  0.0000e+00
    21.1816   4.903716    152.240     313805   6321.152     676625    34.8788  0.0000e+00
    21.1784   4.903355    152.471     313844   6320.961     676842    34.8785  0.0000e+00
    21.1747   4.902759    152.685     313889   6320.645     677043    34.8785  0.0000e+00
    21.1701   4.902384    152.874     313945   6320.445     677220    34.8785  0.0000e+00
    21.1661   4.902354    153.041     313993   6320.430     677377    34.8784  0.0000e+00
    21.1640   4.902236    153.191     314018   6320.367     677518    34.8784  0.0000e+00
    21.1612   4.901633    153.325     314052   6320.047     677643    34.8784  0.0000e+00
    21.1571   4.901080    153.434     314101   6319.754     677746    34.8783  0.0000e+00
    21.1525   4.900734    153.535     314157   6319.570     677840    34.8781  0.0000e+00
    21.1479   4.900248    153.626     314213   6319.313     677926    34.8776  0.0000e+00
    21.1427   4.899556    153.721     314275   6318.945     678015    34.8781  0.0000e+00
    21.1375   4.899137    153.831     314338   6318.723     678118    34.8781  0.0000e+00
    21.1323   4.898702    153.955     314401   6318.492     678235    34.8783  0.0000e+00
    21.1276   4.898415    154.099     314458   6318.340     678370    34.8783  0.0000e+00
    21.1236   4.897922    154.258     314507   6318.078     678519    34.8791  0.0000e+00
    21.1189   4.897613    154.446     314564   6317.914     678696    34.8798  0.0000e+00
    21.1143   4.897503    154.646     314619   6317.855     678883    34.8821  0.0000e+00
    21.1122   4.897311    154.869     314644   6317.754     679093    34.8821  0.0000e+00
    21.1110   4.897047    155.110     314659   6317.613     679319    34.8821  0.0000e+00
    21.1071   4.896200    155.349     314706   6317.164     679543    34.8821  0.0000e+00
    21.1017   4.896031    155.598     314772   6317.074     679777    34.8815  0.0000e+00
    21.0980   4.895950    155.825     314817   6317.031     679990    34.8815  0.0000e+00
    21.0948   4.895369    156.041     314855   6316.723     680193    34.8815  0.0000e+00
    21.0908   4.894957    156.234     314904   6316.504     680374    34.8817  0.0000e+00
    21.0867   4.894589    156.397     314953   6316.309     680527    34.8815  0.0000e+00
    21.0833   4.894236    156.547     314995   6316.121     680668    34.8815  0.0000e+00
    21.0795   4.893684    156.676     315040   6315.828     680789    34.8806  0.0000e+00
    21.0752   4.893287    156.805     315093   6315.617     680910    34.8803  0.0000e+00
    21.0700   4.892433    156.906     315155   6315.164     681005    34.8795  0.0000e+00
    21.0645   4.892072    157.003     315222   6314.973     681096    34.8795  0.0000e+00
    21.0598   4.891491    157.102     315279   6314.664     681189    34.8795  0.0000e+00
    21.0558   4.891300    157.207     315328   6314.563     681287    34.8795  0.0000e+00
    21.0524   4.891050    157.317     315369   6314.430     681390    34.8790  0.0000e+00
    21.0493   4.890476    157.447     315406   6314.125     681512    34.8790  0.0000e+00
    21.0452   4.889748    157.587     315456   6313.738     681644    34.8790  0.0000e+00
    21.0402   4.889579    157.747     315517   6313.648     681794    34.8790  0.0000e+00
    21.0366   4.889498    157.917     315560   6313.605     681954    34.8789  0.0000e+00
    21.0349   4.889167    158.102     315581   6313.430     682127    34.8789  0.0000e+00
    21.0322   4.888755    158.296     315614   6313.211     682309    34.8789  0.0000e+00
    21.0287   4.888226    158.501     315657   6312.930     682502    34.8789  0.0000e+00
    21.0242   4.887703    158.705     315711   6312.652     682693    34.8789  0.0000e+00
    21.0193   4.887512    158.919     315771   6312.551     682894    34.8793  0.0000e+00
    21.0154   4.887182    159.132     315818   6312.375     683094    34.8797  0.0000e+00
    21.0110   4.886762    159.346     315871   6312.152     683295    34.8799  0.0000e+00
    21.0067   4.886490    159.563     315923   6312.008     683499    34.8799  0.0000e+00
    21.0027   4.885998    159.774     315972   6311.746     683697    34.8804  0.0000e+00
    20.9983   4.885299    159.980     316026   6311.375     683890    34.8811  0.0000e+00
    20.9936   4.885277    160.165     316083   6311.363     684064    34.8815  0.0000e+00
    20.9901   4.885219    160.335     316125   6311.332     684223    34.8815  0.0000e+00
    20.9884   4.885050    160.490     316146   6311.242     684369    34.8815  0.0000e+00
    20.9864   4.884351    160.629     316170   6310.871     684499    34.8806  0.0000e+00
    20.9821   4.883616    160.758     316223   6310.480     684620    34.8806  0.0000e+00
    20.9769   4.883447    160.889     316286   6310.391     684743    34.8806  0.0000e+00
    20.9728   4.883050    161.009     316336   6310.180     684856    34.8806  0.0000e+00
    20.9695   4.882947    161.142     316376   6310.125     684981    34.8806  0.0000e+00
    20.9664   4.882285    161.267     316413   6309.773     685098    34.8797  0.0000e+00
    20.9617   4.881638    161.410     316471   6309.430     685232    34.8797  0.0000e+00
    20.9567   4.881264    161.563     316531   6309.230     685376    34.8797  0.0000e+00
    20.9519   4.880881    161.726     316590   6309.027     685529    34.8794  0.0000e+00
    20.9479   4.880566    161.891     316638   6308.859     685684    34.8794  0.0000e+00
    20.9437   4.879941    162.068     316690   6308.527     685850    34.8800  0.0000e+00
    20.9381   4.879279    162.246     316757   6308.176     686017    34.8800  0.0000e+00
    20.9329   4.878956    162.429     316821   6308.004     686189    34.8800  0.0000e+00
    20.9283   4.878780    162.621     316877   6307.910     686369    34.8819  0.0000e+00
    20.9251   4.878758    162.804     316916   6307.898     686541    34.8819  0.0000e+00
    20.9225   4.878148    162.977     316948   6307.574     686703    34.8819  0.0000e+00
    20.9182   4.877428    163.143     317000   6307.191     686859    34.8818  0.0000e+00
    20.9131   4.877193    163.294     317062   6307.066     687001    34.8817  0.0000e+00
    20.9085   4.876745    163.440     317118   6306.828     687138    34.8802  0.0000e+00
    20.9040   4.876083    163.586     317173   6306.477     687275    34.8802  0.0000e+00
    20.8978   4.874886    163.728     317248   6305.840     687408    34.8802  0.0000e+00
    20.8902   4.874482    163.884     317341   6305.625     687554    34.8802  0.0000e+00
    20.8844   4.874482    164.040     317412   6305.625     687701    34.8830  0.0000e+00
    20.8815   4.874254    164.216     317447   6305.504     687866    34.8830  0.0000e+00
    20.8787   4.873902    164.419     317481   6305.316     688057    34.8830  0.0000e+00
    20.8756   4.873248    164.637     317519   6304.969     688261    34.8811  0.0000e+00
    20.8714   4.872719    164.871     317570   6304.688     688481    34.8811  0.0000e+00
    20.8667   4.872470    165.118     317628   6304.555     688713    34.8809  0.0000e+00
    20.8631   4.872242    165.363     317672   6304.434     688943    34.8809  0.0000e+00
    20.8603   4.871809    165.602     317706   6304.203     689167    34.8809  0.0000e+00
    20.8568   4.871339    165.832     317749   6303.953     689383    34.8805  0.0000e+00
    20.8528   4.870884    166.046     317797   6303.711     689584    34.8803  0.0000e+00
    20.8482   4.870568    166.249     317853   6303.543     689774    34.8799  0.0000e+00
    20.8442   4.870135    166.432     317902   6303.313     689946    34.8803  0.0000e+00
    20.8399   4.869606    166.591     317955   6303.031     690095    34.8805  0.0000e+00
    20.8348   4.869276    166.723     318017   6302.855     690219    34.8810  0.0000e+00
    20.8306   4.869070    166.834     318068   6302.746     690323    34.8827  0.0000e+00
    20.8278   4.868894    166.925     318103   6302.652     690409    34.8827  0.0000e+00
    20.8253   4.868725    167.013     318133   6302.563     690491    34.8827  0.0000e+00
    20.8228   4.868152    167.100     318164   6302.258     690573    34.8817  0.0000e+00
    20.8191   4.867712    167.200     318209   6302.023     690667    34.8815  0.0000e+00
    20.8149   4.867345    167.310     318260   6301.828     690770    34.8812  0.0000e+00
    20.8112   4.866941    167.429     318305   6301.613     690882    34.8811  0.0000e+00
    20.8070   4.866332    167.559     318357   6301.289     691004    34.8798  0.0000e+00
    20.8018   4.865649    167.723     318420   6300.926     691158    34.8788  0.0000e+00
    20.7963   4.865040    167.897     318488   6300.602     691321    34.8788  0.0000e+00
    20.7900   4.864504    168.063     318565   6300.316     691477    34.8788  0.0000e+00
    20.7842   4.864189    168.236     318636   6300.148     691639    34.8809  0.0000e+00
    20.7800   4.863939    168.400     318687   6300.016     691793    34.8810  0.0000e+00
    20.7757   4.863323    168.546     318740   6299.688     691930    34.8810  0.0000e+00
    20.7709   4.862868    168.695     318798   6299.445     692070    34.8810  0.0000e+00
    20.7656   4.862295    168.848     318864   6299.141     692214    34.8810  0.0000e+00
    20.7604   4.862031    168.983     318927   6299.000     692340    34.8828  0.0000e+00
    20.7559   4.861716    169.109     318982   6298.832     692459    34.8837  0.0000e+00
    20.7521   4.861341    169.237     319029   6298.633     692579    34.8837  0.0000e+00
    20.7485   4.860945    169.381     319073   6298.422     692714    34.8837  0.0000e+00
    20.7450   4.860564    169.553     319116   6298.219     692875    34.8834  0.0000e+00
    20.7406   4.859992    169.742     319169   6297.914     693053    34.8823  0.0000e+00
    20.7362   4.859434    169.937     319223   6297.617     693236    34.8814  0.0000e+00
    20.7309   4.858502    170.140     319289   6297.121     693426    34.8814  0.0000e+00
    20.7242   4.858092    170.343     319371   6296.902     693617    34.8814  0.0000e+00
    20.7189   4.857952    170.555     319436   6296.828     693816    34.8803  0.0000e+00
    20.7152   4.857696    170.757     319481   6296.691     694005    34.8803  0.0000e+00
    20.7123   4.856779    170.945     319516   6296.203     694182    34.8816  0.0000e+00
    20.7065   4.855979    171.116     319588   6295.777     694342    34.8816  0.0000e+00
    20.7006   4.855899    171.264     319660   6295.734     694481    34.8816  0.0000e+00
    20.6965   4.855620    171.396     319710   6295.586     694605    34.8823  0.0000e+00
    20.6934   4.855319    171.528     319748   6295.426     694729    34.8823  0.0000e+00
    20.6904   4.854967    171.663     319785   6295.238     694856    34.8823  0.0000e+00
    20.6870   4.854601    171.821     319827   6295.043     695004    34.8821  0.0000e+00
    20.6832   4.853926    172.004     319873   6294.684     695176    34.8803  0.0000e+00
    20.6784   4.853508    172.223     319933   6294.461     695381    34.8803  0.0000e+00
    20.6734   4.852995    172.473     319994   6294.188     695616    34.8803  0.0000e+00
    20.6688   4.852797    172.733     320051   6294.082     695860    34.8803  0.0000e+00
    20.6645   4.852247    173.008     320103   6293.789     696118    34.8801  0.0000e+00
    20.6596   4.851456    173.280     320164   6293.367     696373    34.8807  0.0000e+00
    20.6543   4.851075    173.526     320229   6293.164     696604    34.8807  0.0000e+00
    20.6492   4.850664    173.746     320291   6292.945     696811    34.8807  0.0000e+00
