tests/resources/test-data/19plus_V2_CTD-processing_example_median_5.cnv
* Sea-Bird SBE19plus Data File:
* FileName = C:\seabirdscientific\documentation\example_data\19plus_V2_01906130_Profiling.hex
* Software Version 1.59
* Temperature SN =  6130
* Conductivity SN =  6130
* System UpLoad Time = Dec 12 2016 13:25:15
* ds
* SBE 19plus V 2.5.2  SERIAL NO. 6130    12 Dec 2016 09:24:17
# nquan = 8
# nvalues = 3069                        
# units = specified
# name 0 = tv290C: Temperature [ITS-90, deg C]
# name 1 = c0S/m: Conductivity [S/m]
# name 2 = prdM: Pressure, Strain Gauge [db]
# name 3 = f0: Frequency 0
# name 4 = f1: Frequency 1
# name 5 = f2: Frequency 2
# name 6 = sal00: Salinity, Practical [PSU]
# name 7 = flag:  0.000e+00
# span 0 =    18.1982,    22.0324       
# span 1 =   0.008200,   5.061988       
# span 2 =     -0.107,    222.838       
# span 3 =     303678,     351666       
# span 4 =   2638.016,   6404.547       
# span 5 =     533538,     742876       
# span 6 =     0.0463,    35.4938       
# span 7 =  0.0000e+00,  0.0000e+00     
# interval = seconds: 0.25
# start_time = Dec 10 2016 06:16:51 [Instrument's time stamp, header]
# bad_flag = -9.990e-29
*END*
[from data line 2312]
    18.8346   4.667985     67.091     343276   6194.848     596670    34.9258  0.0000e+00
    18.8394   4.668389     66.750     343213   6195.066     596350    34.9264  0.0000e+00
    18.8446   4.668966     66.429     343145   6195.379     596048    34.9264  0.0000e+00
    18.8497   4.669485     66.137     343079   6195.660     595774    34.9264  0.0000e+00
    18.8545   4.669730     65.864     343016   6195.793     595518    34.9264  0.0000e+00
    18.8590   4.670423     65.629     342957   6196.168     595297    34.9261  0.0000e+00
    18.8641   4.670848     65.437     342891   6196.398     595117    34.9248  0.0000e+00
    18.8692   4.671209     65.284     342824   6196.594     594973    34.9248  0.0000e+00
    18.8735   4.671534     65.167     342768   6196.770     594863    34.9240  0.0000e+00
    18.8775   4.671887     65.073     342716   6196.961     594775    34.9240  0.0000e+00
    18.8807   4.671887     64.987     342674   6196.961     594694    34.9240  0.0000e+00
    18.8829   4.672493     64.892     342645   6197.289     594605    34.9241  0.0000e+00
    18.8871   4.673280     64.788     342591   6197.715     594507    34.9241  0.0000e+00
    18.8925   4.673720     64.634     342520   6197.953     594362    34.9241  0.0000e+00
    18.8975   4.673857     64.441     342456   6198.027     594181    34.9255  0.0000e+00
    18.9015   4.674240     64.200     342404   6198.234     593955    34.9251  0.0000e+00
    18.9053   4.674867     63.933     342354   6198.574     593704    34.9242  0.0000e+00
    18.9101   4.675279     63.618     342292   6198.797     593408    34.9247  0.0000e+00
    18.9147   4.675632     63.274     342231   6198.988     593085    34.9251  0.0000e+00
    18.9190   4.676101     62.925     342176   6199.242     592757    34.9251  0.0000e+00
    18.9231   4.676671     62.569     342122   6199.551     592423    34.9247  0.0000e+00
    18.9282   4.677112     62.199     342056   6199.789     592075    34.9247  0.0000e+00
    18.9330   4.677328     61.856     341994   6199.906     591753    34.9236  0.0000e+00
    18.9368   4.677660     61.546     341944   6200.086     591462    34.9236  0.0000e+00
    18.9405   4.678064     61.245     341896   6200.305     591179    34.9236  0.0000e+00
    18.9442   4.678425     60.994     341848   6200.500     590943    34.9236  0.0000e+00
    18.9477   4.678865     60.775     341802   6200.738     590738    34.9244  0.0000e+00
    18.9517   4.679385     60.579     341750   6201.020     590554    34.9244  0.0000e+00
    18.9563   4.679739     60.396     341690   6201.211     590382    34.9245  0.0000e+00
    18.9603   4.679970     60.242     341639   6201.336     590237    34.9246  0.0000e+00
    18.9637   4.680483     60.084     341594   6201.613     590089    34.9246  0.0000e+00
    18.9679   4.681053     59.944     341540   6201.922     589957    34.9253  0.0000e+00
    18.9725   4.681436     59.786     341480   6202.129     589809    34.9260  0.0000e+00
    18.9770   4.681992     59.613     341422   6202.430     589646    34.9261  0.0000e+00
    18.9816   4.682425     59.428     341362   6202.664     589472    34.9261  0.0000e+00
    18.9859   4.682916     59.206     341306   6202.930     589264    34.9263  0.0000e+00
    18.9903   4.683219     58.976     341249   6203.094     589048    34.9266  0.0000e+00
    18.9945   4.683826     58.728     341194   6203.422     588815    34.9271  0.0000e+00
    18.9992   4.684426     58.466     341134   6203.746     588569    34.9271  0.0000e+00
    19.0037   4.684729     58.180     341075   6203.910     588300    34.9271  0.0000e+00
    19.0080   4.685140     57.869     341019   6204.133     588008    34.9271  0.0000e+00
    19.0123   4.685415     57.558     340963   6204.281     587716    34.9271  0.0000e+00
    19.0158   4.685711     57.241     340918   6204.441     587418    34.9271  0.0000e+00
    19.0196   4.686534     56.939     340869   6204.887     587134    34.9265  0.0000e+00
    19.0259   4.687112     56.631     340787   6205.199     586845    34.9265  0.0000e+00
    19.0314   4.687358     56.354     340716   6205.332     586585    34.9265  0.0000e+00
    19.0357   4.687524     56.086     340660   6205.422     586333    34.9256  0.0000e+00
    19.0393   4.687798     55.839     340613   6205.570     586101    34.9256  0.0000e+00
    19.0426   4.688348     55.608     340571   6205.867     585884    34.9254  0.0000e+00
    19.0463   4.688868     55.382     340523   6206.148     585672    34.9254  0.0000e+00
    19.0510   4.689149     55.174     340462   6206.301     585476    34.9254  0.0000e+00
    19.0547   4.689258     54.961     340414   6206.359     585276    34.9254  0.0000e+00
    19.0576   4.689778     54.771     340376   6206.641     585098    34.9254  0.0000e+00
    19.0616   4.690241     54.569     340325   6206.891     584908    34.9258  0.0000e+00
    19.0658   4.690725     54.369     340270   6207.152     584720    34.9263  0.0000e+00
    19.0708   4.691368     54.163     340205   6207.500     584527    34.9263  0.0000e+00
    19.0760   4.691809     53.945     340138   6207.738     584322    34.9263  0.0000e+00
    19.0811   4.692141     53.715     340072   6207.918     584106    34.9255  0.0000e+00
    19.0850   4.692278     53.477     340021   6207.992     583882    34.9247  0.0000e+00
    19.0887   4.692662     53.230     339973   6208.199     583650    34.9247  0.0000e+00
    19.0925   4.693153     52.961     339925   6208.465     583398    34.9236  0.0000e+00
    19.0961   4.693514     52.697     339878   6208.660     583150    34.9236  0.0000e+00
    19.0999   4.693753     52.423     339829   6208.789     582892    34.9247  0.0000e+00
    19.1036   4.694114     52.144     339781   6208.984     582630    34.9247  0.0000e+00
    19.1079   4.694721     51.864     339725   6209.313     582367    34.9237  0.0000e+00
    19.1126   4.695191     51.581     339664   6209.566     582101    34.9252  0.0000e+00
    19.1174   4.695488     51.338     339602   6209.727     581873    34.9252  0.0000e+00
    19.1218   4.696182     51.053     339546   6210.102     581605    34.9252  0.0000e+00
    19.1268   4.696702     50.776     339481   6210.383     581345    34.9242  0.0000e+00
    19.1321   4.696919     50.540     339412   6210.500     581123    34.9255  0.0000e+00
    19.1369   4.697462     50.275     339350   6210.793     580875    34.9255  0.0000e+00
    19.1416   4.698076     50.029     339290   6211.125     580643    34.9251  0.0000e+00
    19.1465   4.698763     49.801     339226   6211.496     580429    34.9251  0.0000e+00
    19.1521   4.699067     49.572     339154   6211.660     580214    34.9251  0.0000e+00
    19.1568   4.699277     49.360     339093   6211.773     580015    34.9243  0.0000e+00
    19.1609   4.699841     49.150     339040   6212.078     579818    34.9243  0.0000e+00
    19.1646   4.700166     48.940     338993   6212.254     579620    34.9243  0.0000e+00
    19.1682   4.700607     48.737     338946   6212.492     579430    34.9243  0.0000e+00
    19.1723   4.700984     48.539     338893   6212.695     579244    34.9244  0.0000e+00
    19.1757   4.701302     48.343     338850   6212.867     579060    34.9247  0.0000e+00
    19.1793   4.701765     48.117     338803   6213.117     578847    34.9252  0.0000e+00
    19.1833   4.702249     47.886     338752   6213.379     578630    34.9260  0.0000e+00
    19.1874   4.702785     47.630     338698   6213.668     578390    34.9267  0.0000e+00
    19.1924   4.703450     47.359     338634   6214.027     578135    34.9267  0.0000e+00
    19.1982   4.703805     47.047     338559   6214.219     577842    34.9267  0.0000e+00
    19.2033   4.704253     46.735     338493   6214.461     577549    34.9263  0.0000e+00
    19.2086   4.704745     46.406     338425   6214.727     577240    34.9260  0.0000e+00
    19.2133   4.705100     46.061     338364   6214.918     576916    34.9252  0.0000e+00
    19.2174   4.705433     45.724     338312   6215.098     576599    34.9252  0.0000e+00
    19.2214   4.705888     45.384     338260   6215.344     576280    34.9251  0.0000e+00
    19.2261   4.706344     45.069     338200   6215.590     575984    34.9246  0.0000e+00
    19.2310   4.706670     44.772     338137   6215.766     575705    34.9239  0.0000e+00
    19.2354   4.706894     44.493     338080   6215.887     575443    34.9235  0.0000e+00
    19.2394   4.707444     44.233     338029   6216.184     575199    34.9229  0.0000e+00
    19.2435   4.707719     44.002     337976   6216.332     574982    34.9226  0.0000e+00
    19.2476   4.708190     43.784     337923   6216.586     574777    34.9229  0.0000e+00
    19.2514   4.708530     43.595     337874   6216.770     574599    34.9229  0.0000e+00
    19.2557   4.709181     43.428     337819   6217.121     574442    34.9229  0.0000e+00
    19.2606   4.709543     43.241     337755   6217.316     574267    34.9226  0.0000e+00
    19.2657   4.709927     43.044     337690   6217.523     574082    34.9224  0.0000e+00
    19.2704   4.710202     42.856     337629   6217.672     573905    34.9208  0.0000e+00
    19.2746   4.710455     42.673     337576   6217.809     573733    34.9208  0.0000e+00
    19.2785   4.710868     42.476     337525   6218.031     573548    34.9197  0.0000e+00
    19.2837   4.711541     42.269     337459   6218.395     573354    34.9195  0.0000e+00
    19.2889   4.711751     42.056     337392   6218.508     573154    34.9185  0.0000e+00
    19.2931   4.711780     41.818     337337   6218.523     572930    34.9152  0.0000e+00
    19.2960   4.711910     41.587     337300   6218.594     572713    34.9140  0.0000e+00
    19.2988   4.711968     41.313     337264   6218.625     572456    34.9122  0.0000e+00
    19.3019   4.712134     41.039     337225   6218.715     572198    34.9112  0.0000e+00
    19.3050   4.712409     40.744     337185   6218.863     571921    34.9109  0.0000e+00
    19.3081   4.712648     40.443     337145   6218.992     571638    34.9106  0.0000e+00
    19.3116   4.712967     40.154     337100   6219.164     571367    34.9104  0.0000e+00
    19.3162   4.713459     39.846     337041   6219.430     571077    34.9102  0.0000e+00
    19.3213   4.713836     39.564     336975   6219.633     570812    34.9095  0.0000e+00
    19.3264   4.714067     39.274     336910   6219.758     570540    34.9087  0.0000e+00
    19.3307   4.714487     39.022     336854   6219.984     570303    34.9080  0.0000e+00
    19.3358   4.715161     38.767     336789   6220.348     570064    34.9073  0.0000e+00
    19.3421   4.715704     38.529     336708   6220.641     569840    34.9072  0.0000e+00
    19.3486   4.716030     38.290     336625   6220.816     569616    34.9053  0.0000e+00
    19.3547   4.716167     38.054     336547   6220.891     569394    34.9015  0.0000e+00
    19.3598   4.716428     37.806     336481   6221.031     569161    34.8994  0.0000e+00
    19.3650   4.716920     37.567     336414   6221.297     568936    34.8992  0.0000e+00
    19.3702   4.717225     37.318     336348   6221.461     568702    34.8975  0.0000e+00
    19.3751   4.717326     37.071     336285   6221.516     568470    34.8943  0.0000e+00
    19.3789   4.717550     36.809     336236   6221.637     568224    34.8931  0.0000e+00
    19.3829   4.717854     36.565     336185   6221.801     567995    34.8926  0.0000e+00
    19.3869   4.717883     36.306     336134   6221.816     567752    34.8891  0.0000e+00
    19.3909   4.717992     36.062     336082   6221.875     567522    34.8873  0.0000e+00
    19.3948   4.718412     35.814     336032   6222.102     567289    34.8869  0.0000e+00
    19.3987   4.718629     35.574     335982   6222.219     567064    34.8859  0.0000e+00
    19.4026   4.718731     35.337     335933   6222.273     566841    34.8836  0.0000e+00
    19.4070   4.718825     35.099     335876   6222.324     566618    34.8807  0.0000e+00
    19.4109   4.718904     34.873     335826   6222.367     566405    34.8788  0.0000e+00
    19.4147   4.719339     34.652     335778   6222.602     566198    34.8782  0.0000e+00
    19.4186   4.719433     34.422     335728   6222.652     565982    34.8774  0.0000e+00
    19.4235   4.720042     34.185     335665   6222.980     565759    34.8764  0.0000e+00
    19.4285   4.720317     33.948     335601   6223.129     565536    34.8756  0.0000e+00
    19.4334   4.720788     33.703     335539   6223.383     565306    34.8755  0.0000e+00
    19.4386   4.721121     33.477     335472   6223.563     565094    34.8740  0.0000e+00
    19.4438   4.721375     33.217     335406   6223.699     564850    34.8718  0.0000e+00
    19.4490   4.721563     32.974     335339   6223.801     564621    34.8691  0.0000e+00
    19.4536   4.721729     32.720     335280   6223.891     564383    34.8667  0.0000e+00
    19.4574   4.721867     32.453     335232   6223.965     564132    34.8648  0.0000e+00
    19.4615   4.722113     32.206     335179   6224.098     563900    34.8635  0.0000e+00
    19.4660   4.722367     31.971     335121   6224.234     563679    34.8619  0.0000e+00
    19.4713   4.722809     31.733     335054   6224.473     563455    34.8612  0.0000e+00
    19.4773   4.722961     31.523     334977   6224.555     563258    34.8575  0.0000e+00
    19.4826   4.723229     31.327     334910   6224.699     563074    34.8554  0.0000e+00
    19.4872   4.723388     31.118     334851   6224.785     562878    34.8530  0.0000e+00
    19.4911   4.723628     30.932     334801   6224.914     562703    34.8518  0.0000e+00
    19.4953   4.723671     30.728     334747   6224.938     562511    34.8514  0.0000e+00
    19.4998   4.724004     30.522     334690   6225.117     562318    34.8466  0.0000e+00
    19.5040   4.724141     30.301     334636   6225.191     562110    34.8450  0.0000e+00
    19.5097   4.724287     30.053     334564   6225.270     561877    34.8424  0.0000e+00
    19.5147   4.724330     29.814     334499   6225.293     561652    34.8367  0.0000e+00
    19.5188   4.724337     29.559     334447   6225.297     561413    34.8367  0.0000e+00
    19.5231   4.724946     29.266     334393   6225.625     561138    34.8366  0.0000e+00
    19.5279   4.725439     28.994     334331   6225.891     560882    34.8358  0.0000e+00
    19.5327   4.725692     28.716     334270   6226.027     560621    34.8358  0.0000e+00
    19.5368   4.725692     28.435     334218   6226.027     560357    34.8323  0.0000e+00
    19.5414   4.725692     28.189     334159   6226.027     560126    34.8278  0.0000e+00
    19.5460   4.725192     27.905     334100   6225.758     559859    34.8199  0.0000e+00
    19.5500   4.724684     27.642     334050   6225.484     559612    34.8126  0.0000e+00
    19.5536   4.724111     27.383     334003   6225.176     559368    34.8048  0.0000e+00
    19.5569   4.723639     27.122     333961   6224.922     559123    34.7983  0.0000e+00
    19.5596   4.723226     26.850     333927   6224.699     558868    34.7928  0.0000e+00
    19.5623   4.722725     26.571     333893   6224.430     558606    34.7865  0.0000e+00
    19.5663   4.722420     26.293     333842   6224.266     558344    34.7800  0.0000e+00
    19.5705   4.722391     26.022     333788   6224.250     558090    34.7750  0.0000e+00
    19.5739   4.722334     25.750     333745   6224.219     557834    34.7746  0.0000e+00
    19.5771   4.722138     25.492     333704   6224.113     557592    34.7718  0.0000e+00
    19.5789   4.721739     25.240     333681   6223.898     557355    34.7650  0.0000e+00
    19.5800   4.719426     24.988     333667   6222.652     557118    34.7451  0.0000e+00
    19.5814   4.718817     24.799     333649   6222.324     556941    34.7389  0.0000e+00
    19.5838   4.718803     24.615     333619   6222.316     556768    34.7369  0.0000e+00
    19.5895   4.717766     24.411     333546   6221.758     556576    34.7237  0.0000e+00
