tests/resources/test-data/19plus_V2_CTD-processing_example_triangle_5_excluded.cnv
* Sea-Bird SBE19plus Data File:
* FileName = C:\seabirdscientific\documentation\example_data\19plus_V2_01906130_Profiling.hex
* Software Version 1.59
* Temperature SN =  6130
* Conductivity SN =  6130
* System UpLoad Time = Dec 12 2016 13:25:15
* ds
* SBE 19plus V 2.5.2  SERIAL NO. 6130    12 Dec 2016 09:24:17
# nquan = 8
# nvalues = 3069                        
# units = specified
# name 0 = tv290C: Temperature [ITS-90, deg C]
# name 1 = c0S/m: Conductivity [S/m]
# name 2 = prdM: Pressure, Strain Gauge [db]
# name 3 = f0: Frequency 0
# name 4 = f1: Frequency 1
# name 5 = f2: Frequency 2
# name 6 = sal00: Salinity, Practical [PSU]
# name 7 = flag:  0.000e+00
# span 0 =    18.1982,    22.0322       
# span 1 =   0.008202,   5.061976       
# span 2 =     -0.107,    222.836       
# span 3 =     303681,     351666       
# span 4 =   2638.018,   6404.541       
# span 5 =     533538,     742874       
# span 6 =     0.0463,    35.4967       
# span 7 =  0.0000e+00,  0.0000e+00     
# interval = seconds: 0.25
# start_time = Dec 10 2016 06:16:51 [Instrument's time stamp, header]
# bad_flag = -9.990e-29
*END*
[from data line 2845]
    20.1900   4.707776     -0.102     325978   6216.381     533543    34.1578  0.0000e+00
    20.1899   4.707870     -0.102     325979   6216.432     533543    34.1587  0.0000e+00
    20.1900   4.707873     -0.102     325979   6216.434     533543    34.1587  0.0000e+00
    20.1899   4.707730     -0.102     325979   6216.357     533543    34.1575  0.0000e+00
    20.1896   4.707496     -0.103     325983   6216.230     533542    34.1559  0.0000e+00
    20.1889   4.707310     -0.103     325992   6216.130     533542    34.1549  0.0000e+00
    20.1882   4.707213     -0.104     326001   6216.078     533541    34.1547  0.0000e+00
    20.1876   4.707186     -0.103     326008   6216.063     533542    34.1550  0.0000e+00
    20.1875   4.707171     -0.103     326009   6216.055     533542    34.1550  0.0000e+00
    20.1878   4.707077     -0.103     326005   6216.004     533542    34.1539  0.0000e+00
    20.1885   4.706885     -0.102     325997   6215.900     533543    34.1518  0.0000e+00
    20.1891   4.706497     -0.103     325990   6215.691     533542    34.1482  0.0000e+00
    20.1893   4.705993     -0.103     325987   6215.419     533542    34.1439  0.0000e+00
    20.1892   4.705654     -0.103     325988   6215.236     533542    34.1413  0.0000e+00
    20.1890   4.705818     -0.104     325991   6215.324     533541    34.1428  0.0000e+00
    20.1888   4.706495     -0.103     325993   6215.690     533542    34.1484  0.0000e+00
    20.1884   4.707162     -0.102     325998   6216.050     533543    34.1541  0.0000e+00
    20.1877   4.707575     -0.101     326007   6216.273     533544    34.1581  0.0000e+00
    20.1866   4.707860     -0.101     326021   6216.427     533544    34.1613  0.0000e+00
    20.1855   4.708245     -0.101     326035   6216.634     533544    34.1653  0.0000e+00
    20.1849   4.708627     -0.101     326042   6216.840     533544    34.1689  0.0000e+00
    20.1852   4.708813     -0.101     326038   6216.941     533544    34.1702  0.0000e+00
    20.1859   4.708851     -0.101     326029   6216.961     533544    34.1699  0.0000e+00
    20.1864   4.708872     -0.101     326023   6216.973     533544    34.1697  0.0000e+00
    20.1862   4.708928     -0.100     326026   6217.003     533545    34.1704  0.0000e+00
    20.1855   4.708974     -0.100     326035   6217.028     533545    34.1713  0.0000e+00
    20.1848   4.708963     -0.100     326043   6217.022     533545    34.1717  0.0000e+00
    20.1845   4.708890     -0.100     326047   6216.982     533545    34.1714  0.0000e+00
    20.1845   4.708835     -0.100     326046   6216.952     533545    34.1709  0.0000e+00
    20.1846   4.708815     -0.100     326045   6216.942     533545    34.1707  0.0000e+00
    20.1845   4.708832     -0.101     326047   6216.951     533544    34.1709  0.0000e+00
    20.1843   4.708821     -0.100     326050   6216.945     533545    34.1710  0.0000e+00
    20.1839   4.708804     -0.100     326055   6216.936     533545    34.1712  0.0000e+00
    20.1835   4.708814     -0.100     326060   6216.941     533545    34.1716  0.0000e+00
    20.1832   4.708832     -0.100     326063   6216.951     533545    34.1719  0.0000e+00
    20.1834   4.708835     -0.100     326061   6216.952     533545    34.1718  0.0000e+00
    20.1838   4.708767     -0.101     326055   6216.916     533544    34.1709  0.0000e+00
    20.1841   4.708724     -0.102     326052   6216.893     533543    34.1703  0.0000e+00
    20.1839   4.708697     -0.102     326054   6216.878     533543    34.1703  0.0000e+00
    20.1832   4.708695     -0.102     326063   6216.877     533543    34.1708  0.0000e+00
    20.1824   4.708614     -0.102     326073   6216.833     533543    34.1708  0.0000e+00
    20.1819   4.708527     -0.102     326079   6216.786     533543    34.1705  0.0000e+00
    20.1815   4.708501     -0.103     326085   6216.772     533542    34.1707  0.0000e+00
    20.1810   4.708573     -0.103     326090   6216.811     533542    34.1716  0.0000e+00
    20.1803   4.708650     -0.103     326099   6216.853     533542    34.1728  0.0000e+00
    20.1794   4.708662     -0.102     326110   6216.859     533543    34.1736  0.0000e+00
    20.1784   4.708609     -0.102     326122   6216.831     533543    34.1740  0.0000e+00
    20.1776   4.708525     -0.102     326132   6216.786     533543    34.1740  0.0000e+00
    20.1773   4.708454     -0.103     326137   6216.747     533542    34.1737  0.0000e+00
    20.1773   4.708403     -0.104     326136   6216.719     533541    34.1732  0.0000e+00
    20.1776   4.708369     -0.104     326132   6216.701     533541    34.1727  0.0000e+00
    20.1781   4.708323     -0.104     326127   6216.676     533541    34.1720  0.0000e+00
    20.1786   4.708266     -0.104     326120   6216.645     533541    34.1710  0.0000e+00
    20.1793   4.708212     -0.104     326112   6216.616     533541    34.1701  0.0000e+00
    20.1799   4.708104     -0.105     326105   6216.559     533540    34.1688  0.0000e+00
    20.1803   4.707907     -0.105     326099   6216.452     533540    34.1668  0.0000e+00
    20.1808   4.707615     -0.105     326093   6216.294     533540    34.1641  0.0000e+00
    20.1811   4.707387     -0.104     326089   6216.171     533541    34.1619  0.0000e+00
    20.1812   4.707316     -0.103     326088   6216.133     533542    34.1612  0.0000e+00
    20.1807   4.707373     -0.102     326094   6216.164     533543    34.1621  0.0000e+00
    20.1798   4.707422     -0.101     326105   6216.190     533544    34.1632  0.0000e+00
    20.1790   4.707385     -0.100     326115   6216.170     533545    34.1636  0.0000e+00
    20.1786   4.707337     -0.100     326120   6216.144     533545    34.1635  0.0000e+00
    20.1787   4.707346     -0.099     326119   6216.149     533546    34.1635  0.0000e+00
    20.1790   4.707445     -0.099     326115   6216.203     533546    34.1641  0.0000e+00
    20.1792   4.707562     -0.099     326112   6216.266     533546    34.1648  0.0000e+00
    20.1794   4.707667     -0.099     326110   6216.323     533546    34.1655  0.0000e+00
    20.1796   4.707736     -0.099     326107   6216.360     533545    34.1659  0.0000e+00
    20.1800   4.707759     -0.099     326103   6216.373     533546    34.1658  0.0000e+00
    20.1803   4.707743     -0.099     326099   6216.363     533546    34.1655  0.0000e+00
    20.1801   4.707710     -0.099     326102   6216.345     533546    34.1654  0.0000e+00
    20.1790   4.707692     -0.099     326115   6216.336     533546    34.1661  0.0000e+00
    20.1773   4.707678     -0.099     326137   6216.328     533545    34.1673  0.0000e+00
    20.1756   4.707652     -0.100     326158   6216.314     533545    34.1685  0.0000e+00
    20.1745   4.707616     -0.100     326172   6216.295     533545    34.1691  0.0000e+00
    20.1740   4.707566     -0.101     326178   6216.268     533544    34.1691  0.0000e+00
    20.1736   4.707488     -0.101     326182   6216.226     533544    34.1688  0.0000e+00
    20.1732   4.707379     -0.101     326188   6216.167     533544    34.1683  0.0000e+00
    20.1725   4.707280     -0.101     326197   6216.114     533544    34.1680  0.0000e+00
    20.1720   4.707181     -0.101     326203   6216.060     533544    34.1676  0.0000e+00
    20.1719   4.707069     -0.102     326203   6215.999     533543    34.1667  0.0000e+00
    20.1724   4.706917     -0.102     326198   6215.918     533543    34.1652  0.0000e+00
    20.1728   4.706779     -0.102     326193   6215.843     533543    34.1637  0.0000e+00
    20.1728   4.706687     -0.103     326192   6215.794     533542    34.1629  0.0000e+00
    20.1726   4.706650     -0.103     326196   6215.773     533542    34.1628  0.0000e+00
    20.1723   4.706629     -0.103     326199   6215.762     533542    34.1629  0.0000e+00
    20.1722   4.706604     -0.104     326200   6215.749     533541    34.1627  0.0000e+00
    20.1722   4.706568     -0.104     326200   6215.729     533541    34.1624  0.0000e+00
    20.1722   4.706544     -0.106     326200   6215.716     533539    34.1623  0.0000e+00
    20.1720   4.706523     -0.106     326203   6215.705     533539    34.1623  0.0000e+00
    20.1717   4.706495     -0.106     326207   6215.690     533539    34.1623  0.0000e+00
    20.1714   4.706429     -0.105     326210   6215.654     533540    34.1619  0.0000e+00
    20.1713   4.706348     -0.105     326212   6215.610     533540    34.1614  0.0000e+00
    20.1713   4.706267     -0.104     326212   6215.567     533541    34.1608  0.0000e+00
    20.1714   4.706197     -0.104     326211   6215.529     533541    34.1601  0.0000e+00
    20.1716   4.706098     -0.104     326208   6215.475     533541    34.1592  0.0000e+00
    20.1718   4.705929     -0.103     326205   6215.384     533542    34.1576  0.0000e+00
    20.1721   4.705692     -0.102     326202   6215.257     533543    34.1554  0.0000e+00
    20.1724   4.705442     -0.102     326198   6215.122     533543    34.1532  0.0000e+00
    20.1728   4.705290     -0.101     326192   6215.040     533544    34.1515  0.0000e+00
    20.1735   4.705264     -0.101     326184   6215.026     533544    34.1508  0.0000e+00
    20.1741   4.705307     -0.101     326177   6215.049     533544    34.1507  0.0000e+00
    20.1745   4.705319     -0.101     326171   6215.056     533544    34.1504  0.0000e+00
    20.1748   4.705310     -0.100     326168   6215.051     533545    34.1501  0.0000e+00
    20.1751   4.705326     -0.099     326164   6215.059     533545    34.1500  0.0000e+00
    20.1752   4.705387     -0.099     326162   6215.092     533546    34.1504  0.0000e+00
    20.1753   4.705465     -0.098     326161   6215.134     533546    34.1509  0.0000e+00
    20.1752   4.705552     -0.098     326162   6215.181     533546    34.1517  0.0000e+00
    20.1751   4.705631     -0.098     326164   6215.224     533546    34.1525  0.0000e+00
    20.1749   4.705671     -0.099     326167   6215.245     533546    34.1530  0.0000e+00
    20.1744   4.705656     -0.100     326172   6215.237     533545    34.1532  0.0000e+00
    20.1736   4.705598     -0.101     326183   6215.206     533544    34.1534  0.0000e+00
    20.1725   4.705507     -0.102     326197   6215.157     533543    34.1536  0.0000e+00
    20.1713   4.705366     -0.103     326211   6215.081     533542    34.1534  0.0000e+00
    20.1703   4.705197     -0.103     326223   6214.990     533542    34.1528  0.0000e+00
    20.1694   4.705007     -0.103     326235   6214.887     533542    34.1520  0.0000e+00
    20.1686   4.704794     -0.103     326245   6214.772     533542    34.1510  0.0000e+00
    20.1679   4.704542     -0.104     326254   6214.636     533541    34.1495  0.0000e+00
    20.1674   4.704360     -0.104     326260   6214.538     533541    34.1484  0.0000e+00
    20.1672   4.704320     -0.104     326263   6214.516     533541    34.1482  0.0000e+00
    20.1670   4.704435     -0.104     326265   6214.578     533541    34.1493  0.0000e+00
    20.1665   4.704525     -0.104     326271   6214.627     533541    34.1504  0.0000e+00
    20.1659   4.704525     -0.104     326279   6214.627     533541    34.1509  0.0000e+00
    20.1652   4.704433     -0.104     326287   6214.577     533541    34.1507  0.0000e+00
    20.1646   4.704336     -0.104     326295   6214.525     533541    34.1505  0.0000e+00
    20.1640   4.704262     -0.103     326302   6214.485     533542    34.1503  0.0000e+00
    20.1637   4.704193     -0.103     326306   6214.447     533542    34.1500  0.0000e+00
    20.1638   4.704139     -0.104     326306   6214.418     533541    34.1495  0.0000e+00
    20.1642   4.704131     -0.105     326300   6214.414     533540    34.1491  0.0000e+00
    20.1650   4.704206     -0.105     326291   6214.455     533540    34.1491  0.0000e+00
    20.1659   4.704311     -0.105     326279   6214.511     533540    34.1492  0.0000e+00
    20.1669   4.704369     -0.105     326266   6214.543     533540    34.1488  0.0000e+00
    20.1680   4.704334     -0.105     326252   6214.524     533540    34.1477  0.0000e+00
    20.1688   4.704314     -0.105     326243   6214.513     533540    34.1469  0.0000e+00
    20.1690   4.704334     -0.105     326240   6214.524     533540    34.1469  0.0000e+00
    20.1688   4.704343     -0.105     326243   6214.529     533540    34.1471  0.0000e+00
    20.1685   4.704054     -0.104     326246   6214.373     533541    34.1450  0.0000e+00
    20.1686   4.703495     -0.104     326245   6214.071     533541    34.1404  0.0000e+00
    20.1688   4.702802     -0.103     326242   6213.697     533542    34.1346  0.0000e+00
    20.1683   4.702369     -0.103     326249   6213.463     533542    34.1315  0.0000e+00
    20.1664   4.702196     -0.102     326272   6213.370     533543    34.1315  0.0000e+00
    20.1635   4.702293     -0.101     326309   6213.423     533544    34.1347  0.0000e+00
    20.1604   4.702496     -0.101     326348   6213.532     533544    34.1389  0.0000e+00
    20.1579   4.702771     -0.100     326379   6213.680     533545    34.1432  0.0000e+00
    20.1564   4.703002     -0.100     326397   6213.805     533545    34.1462  0.0000e+00
    20.1561   4.703105     -0.100     326402   6213.861     533545    34.1474  0.0000e+00
    20.1566   4.702974     -0.100     326396   6213.790     533545    34.1459  0.0000e+00
    20.1575   4.702903     -0.101     326384   6213.751     533544    34.1446  0.0000e+00
    20.1585   4.703023     -0.101     326372   6213.816     533544    34.1447  0.0000e+00
    20.1592   4.703564     -0.101     326363   6214.108     533544    34.1485  0.0000e+00
    20.1597   4.704012     -0.102     326357   6214.350     533543    34.1518  0.0000e+00
    20.1598   4.704282     -0.103     326355   6214.496     533542    34.1539  0.0000e+00
    20.1598   4.704244     -0.103     326355   6214.476     533542    34.1536  0.0000e+00
    20.1596   4.704045     -0.103     326357   6214.368     533542    34.1521  0.0000e+00
    20.1595   4.703621     -0.102     326359   6214.139     533543    34.1487  0.0000e+00
    20.1596   4.702988     -0.102     326358   6213.797     533543    34.1435  0.0000e+00
    20.1597   4.702491     -0.101     326356   6213.529     533544    34.1394  0.0000e+00
    20.1598   4.702380     -0.101     326355   6213.469     533544    34.1384  0.0000e+00
    20.1596   4.702667     -0.101     326358   6213.624     533544    34.1409  0.0000e+00
    20.1590   4.703049     -0.102     326365   6213.830     533543    34.1445  0.0000e+00
    20.1582   4.703390     -0.102     326375   6214.015     533543    34.1479  0.0000e+00
    20.1574   4.703767     -0.103     326385   6214.218     533542    34.1516  0.0000e+00
    20.1569   4.704260     -0.103     326391   6214.484     533542    34.1561  0.0000e+00
    20.1569   4.704717     -0.103     326391   6214.731     533542    34.1598  0.0000e+00
    20.1575   4.705013     -0.104     326384   6214.890     533541    34.1618  0.0000e+00
    20.1584   4.705100     -0.104     326373   6214.937     533541    34.1617  0.0000e+00
    20.1593   4.705153     -0.105     326361   6214.966     533540    34.1614  0.0000e+00
    20.1603   4.705123     -0.105     326349   6214.950     533540    34.1604  0.0000e+00
    20.1611   4.705082     -0.105     326339   6214.927     533540    34.1594  0.0000e+00
    20.1619   4.704952     -0.105     326329   6214.857     533540    34.1577  0.0000e+00
    20.1625   4.704900     -0.105     326322   6214.829     533540    34.1568  0.0000e+00
    20.1629   4.704764     -0.105     326316   6214.756     533540    34.1553  0.0000e+00
    20.1632   4.704501     -0.105     326313   6214.614     533540    34.1530  0.0000e+00
    20.1633   4.704095     -0.105     326311   6214.395     533540    34.1495  0.0000e+00
    20.1635   4.703870     -0.105     326309   6214.273     533540    34.1476  0.0000e+00
    20.1635   4.703976     -0.105     326309   6214.331     533540    34.1484  0.0000e+00
    20.1634   4.704355     -0.104     326310   6214.535     533541    34.1516  0.0000e+00
