tests/resources/test-data/19plus_V2_CTD-processing_example_boxcar_5_excluded.cnv
* Sea-Bird SBE19plus Data File:
* FileName = C:\seabirdscientific\documentation\example_data\19plus_V2_01906130_Profiling.hex
* Software Version 1.59
* Temperature SN =  6130
* Conductivity SN =  6130
* System UpLoad Time = Dec 12 2016 13:25:15
* ds
* SBE 19plus V 2.5.2  SERIAL NO. 6130    12 Dec 2016 09:24:17
# nquan = 8
# nvalues = 3069                        
# units = specified
# name 0 = tv290C: Temperature [ITS-90, deg C]
# name 1 = c0S/m: Conductivity [S/m]
# name 2 = prdM: Pressure, Strain Gauge [db]
# name 3 = f0: Frequency 0
# name 4 = f1: Frequency 1
# name 5 = f2: Frequency 2
# name 6 = sal00: Salinity, Practical [PSU]
# name 7 = flag:  0.000e+00
# span 0 =    18.1982,    22.0311       
# span 1 =   0.008202,   5.060955       
# span 2 =     -0.107,    222.811       
# span 3 =     303693,     351666       
# span 4 =   2638.017,   6404.006       
# span 5 =     533538,     742851       
# span 6 =     0.0463,    35.4893       
# span 7 =  0.0000e+00,  0.0000e+00     
# interval = seconds: 0.25
# start_time = Dec 10 2016 06:16:51 [Instrument's time stamp, header]
# bad_flag = -9.990e-29
*END*
[from data line 356]
    21.0029   4.710627      1.836     315970   6217.926     535363    33.5317  0.0000e+00
    21.0021   4.710367      1.708     315980   6217.785     535243    33.5303  0.0000e+00
    21.0003   4.710245      1.594     316001   6217.719     535136    33.5308  0.0000e+00
    20.9980   4.710246      1.507     316029   6217.720     535054    33.5326  0.0000e+00
    20.9957   4.710401      1.467     316057   6217.804     535016    33.5357  0.0000e+00
    20.9936   4.710752      1.482     316082   6217.993     535030    33.5401  0.0000e+00
    20.9922   4.711021      1.550     316100   6218.138     535095    33.5434  0.0000e+00
    20.9915   4.710881      1.663     316109   6218.062     535201    33.5428  0.0000e+00
    20.9913   4.710587      1.806     316111   6217.904     535335    33.5405  0.0000e+00
    20.9916   4.710195      1.950     316107   6217.692     535470    33.5371  0.0000e+00
    20.9924   4.709653      2.077     316097   6217.400     535589    33.5321  0.0000e+00
    20.9933   4.709190      2.176     316086   6217.150     535683    33.5277  0.0000e+00
    20.9939   4.709165      2.240     316079   6217.137     535742    33.5270  0.0000e+00
    20.9942   4.709310      2.262     316075   6217.215     535763    33.5279  0.0000e+00
    20.9943   4.709465      2.251     316074   6217.298     535753    33.5291  0.0000e+00
    20.9940   4.709587      2.213     316077   6217.364     535717    33.5303  0.0000e+00
    20.9936   4.709818      2.156     316083   6217.489     535664    33.5325  0.0000e+00
    20.9930   4.710102      2.087     316089   6217.642     535599    33.5352  0.0000e+00
    20.9926   4.710377      2.013     316095   6217.790     535530    33.5378  0.0000e+00
    20.9923   4.710620      1.941     316098   6217.922     535461    33.5400  0.0000e+00
    20.9922   4.710880      1.878     316100   6218.062     535403    33.5421  0.0000e+00
    20.9922   4.710992      1.836     316099   6218.123     535363    33.5430  0.0000e+00
    20.9922   4.710956      1.826     316100   6218.103     535354    33.5428  0.0000e+00
    20.9919   4.710835      1.862     316103   6218.038     535387    33.5420  0.0000e+00
    20.9914   4.710671      1.940     316109   6217.949     535461    33.5410  0.0000e+00
    20.9909   4.710467      2.058     316116   6217.839     535572    33.5398  0.0000e+00
    20.9902   4.710238      2.204     316124   6217.716     535709    33.5385  0.0000e+00
    20.9896   4.709973      2.357     316131   6217.573     535853    33.5368  0.0000e+00
    20.9892   4.709678      2.494     316136   6217.413     535981    33.5347  0.0000e+00
    20.9889   4.709388      2.603     316139   6217.257     536084    33.5325  0.0000e+00
    20.9888   4.709194      2.673     316141   6217.152     536149    33.5311  0.0000e+00
    20.9888   4.709196      2.695     316141   6217.153     536170    33.5311  0.0000e+00
    20.9888   4.709417      2.669     316141   6217.273     536147    33.5329  0.0000e+00
    20.9887   4.709868      2.599     316142   6217.516     536081    33.5366  0.0000e+00
    20.9886   4.710398      2.490     316144   6217.802     535978    33.5410  0.0000e+00
    20.9885   4.710832      2.348     316145   6218.036     535844    33.5445  0.0000e+00
    20.9889   4.711080      2.183     316140   6218.170     535690    33.5462  0.0000e+00
    20.9900   4.711145      2.011     316127   6218.205     535528    33.5460  0.0000e+00
    20.9917   4.710996      1.845     316106   6218.124     535372    33.5435  0.0000e+00
    20.9938   4.710758      1.696     316081   6217.996     535232    33.5400  0.0000e+00
    20.9959   4.710523      1.573     316055   6217.870     535116    33.5365  0.0000e+00
    20.9977   4.710341      1.481     316033   6217.771     535029    33.5337  0.0000e+00
    20.9987   4.710228      1.421     316021   6217.710     534973    33.5320  0.0000e+00
    20.9988   4.710200      1.395     316020   6217.695     534949    33.5317  0.0000e+00
    20.9981   4.710239      1.405     316028   6217.717     534958    33.5325  0.0000e+00
    20.9969   4.710178      1.448     316043   6217.684     534999    33.5330  0.0000e+00
    20.9955   4.709963      1.530     316060   6217.567     535075    33.5324  0.0000e+00
    20.9943   4.709630      1.658     316075   6217.387     535196    33.5306  0.0000e+00
    20.9936   4.709221      1.812     316083   6217.167     535340    33.5279  0.0000e+00
    20.9935   4.708778      1.974     316084   6216.928     535492    33.5244  0.0000e+00
    20.9938   4.708468      2.134     316080   6216.761     535643    33.5215  0.0000e+00
    20.9943   4.708292      2.277     316074   6216.666     535777    33.5197  0.0000e+00
    20.9946   4.708166      2.379     316071   6216.598     535873    33.5184  0.0000e+00
    20.9947   4.708056      2.449     316069   6216.538     535939    33.5174  0.0000e+00
    20.9946   4.708008      2.489     316070   6216.512     535977    33.5171  0.0000e+00
    20.9945   4.708053      2.501     316072   6216.537     535988    33.5176  0.0000e+00
    20.9942   4.708147      2.490     316076   6216.587     535978    33.5186  0.0000e+00
    20.9939   4.708311      2.463     316079   6216.676     535953    33.5201  0.0000e+00
    20.9935   4.708519      2.427     316084   6216.788     535919    33.5221  0.0000e+00
    20.9932   4.708683      2.386     316088   6216.877     535880    33.5237  0.0000e+00
    20.9928   4.708799      2.342     316092   6216.939     535839    33.5249  0.0000e+00
    20.9925   4.708959      2.297     316097   6217.026     535796    33.5265  0.0000e+00
    20.9922   4.709164      2.250     316099   6217.136     535752    33.5283  0.0000e+00
    20.9921   4.709433      2.201     316102   6217.281     535706    33.5306  0.0000e+00
    20.9919   4.709739      2.155     316103   6217.446     535662    33.5332  0.0000e+00
    20.9919   4.710020      2.112     316104   6217.598     535622    33.5355  0.0000e+00
    20.9920   4.710250      2.074     316102   6217.722     535587    33.5372  0.0000e+00
    20.9921   4.710411      2.037     316101   6217.809     535552    33.5384  0.0000e+00
    20.9924   4.710463      2.000     316098   6217.837     535517    33.5386  0.0000e+00
    20.9928   4.710451      1.961     316092   6217.831     535481    33.5382  0.0000e+00
    20.9935   4.710399      1.919     316084   6217.802     535441    33.5372  0.0000e+00
    20.9944   4.710306      1.873     316073   6217.752     535398    33.5358  0.0000e+00
    20.9955   4.710212      1.830     316059   6217.702     535357    33.5342  0.0000e+00
    20.9967   4.710144      1.797     316045   6217.665     535327    33.5328  0.0000e+00
    20.9976   4.710116      1.778     316034   6217.650     535309    33.5318  0.0000e+00
    20.9983   4.710131      1.776     316026   6217.658     535307    33.5314  0.0000e+00
    20.9986   4.710180      1.791     316021   6217.684     535321    33.5315  0.0000e+00
    20.9986   4.710252      1.819     316022   6217.724     535347    33.5321  0.0000e+00
    20.9982   4.710336      1.850     316027   6217.769     535376    33.5331  0.0000e+00
    20.9976   4.710415      1.880     316034   6217.811     535405    33.5342  0.0000e+00
    20.9968   4.710484      1.904     316043   6217.849     535427    33.5353  0.0000e+00
    20.9960   4.710557      1.915     316054   6217.888     535437    33.5366  0.0000e+00
    20.9951   4.710606      1.913     316064   6217.914     535436    33.5376  0.0000e+00
    20.9943   4.710606      1.902     316074   6217.914     535426    33.5382  0.0000e+00
    20.9937   4.710551      1.886     316082   6217.884     535410    33.5383  0.0000e+00
    20.9933   4.710454      1.872     316087   6217.832     535397    33.5379  0.0000e+00
    20.9932   4.710332      1.871     316087   6217.766     535396    33.5370  0.0000e+00
    20.9934   4.710219      1.892     316085   6217.706     535416    33.5359  0.0000e+00
    20.9938   4.710158      1.939     316081   6217.673     535460    33.5351  0.0000e+00
    20.9940   4.710157      2.009     316078   6217.672     535525    33.5349  0.0000e+00
    20.9941   4.710201      2.094     316077   6217.695     535605    33.5352  0.0000e+00
    20.9938   4.710273      2.185     316080   6217.734     535691    33.5359  0.0000e+00
    20.9931   4.710380      2.268     316088   6217.792     535769    33.5373  0.0000e+00
    20.9922   4.710486      2.335     316100   6217.849     535832    33.5389  0.0000e+00
    20.9911   4.710573      2.382     316113   6217.896     535876    33.5404  0.0000e+00
    20.9899   4.710634      2.407     316127   6217.929     535900    33.5418  0.0000e+00
    20.9890   4.710671      2.410     316139   6217.949     535902    33.5429  0.0000e+00
    20.9882   4.710660      2.395     316149   6217.943     535889    33.5434  0.0000e+00
    20.9877   4.710621      2.368     316154   6217.922     535863    33.5434  0.0000e+00
    20.9875   4.710561      2.335     316157   6217.890     535831    33.5432  0.0000e+00
    20.9874   4.710506      2.296     316158   6217.860     535796    33.5428  0.0000e+00
    20.9874   4.710447      2.252     316157   6217.828     535754    33.5423  0.0000e+00
    20.9875   4.710370      2.196     316156   6217.787     535701    33.5416  0.0000e+00
    20.9877   4.710254      2.128     316154   6217.724     535638    33.5406  0.0000e+00
    20.9879   4.710108      2.047     316151   6217.646     535561    33.5393  0.0000e+00
    20.9884   4.709914      1.952     316146   6217.541     535472    33.5374  0.0000e+00
    20.9889   4.709698      1.846     316139   6217.425     535373    33.5353  0.0000e+00
    20.9896   4.709494      1.737     316131   6217.314     535270    33.5332  0.0000e+00
    20.9904   4.709408      1.639     316122   6217.268     535178    33.5319  0.0000e+00
    20.9909   4.709444      1.575     316116   6217.288     535118    33.5318  0.0000e+00
    20.9910   4.709583      1.561     316114   6217.363     535105    33.5328  0.0000e+00
    20.9908   4.709799      1.602     316117   6217.479     535143    33.5347  0.0000e+00
    20.9902   4.710064      1.698     316124   6217.622     535233    33.5373  0.0000e+00
    20.9894   4.710205      1.832     316134   6217.698     535360    33.5390  0.0000e+00
    20.9885   4.710134      1.981     316145   6217.660     535500    33.5391  0.0000e+00
    20.9876   4.709973      2.122     316156   6217.573     535632    33.5385  0.0000e+00
    20.9868   4.709779      2.237     316166   6217.468     535739    33.5375  0.0000e+00
    20.9861   4.709536      2.308     316174   6217.337     535807    33.5361  0.0000e+00
    20.9854   4.709338      2.325     316182   6217.230     535822    33.5350  0.0000e+00
    20.9848   4.709283      2.279     316189   6217.200     535780    33.5350  0.0000e+00
    20.9844   4.709332      2.175     316195   6217.227     535682    33.5358  0.0000e+00
    20.9840   4.709448      2.025     316199   6217.289     535541    33.5371  0.0000e+00
    20.9836   4.709575      1.858     316204   6217.358     535384    33.5385  0.0000e+00
    20.9834   4.709691      1.706     316206   6217.420     535241    33.5396  0.0000e+00
    20.9833   4.709779      1.595     316208   6217.468     535137    33.5404  0.0000e+00
    20.9832   4.709782      1.545     316209   6217.470     535089    33.5405  0.0000e+00
    20.9833   4.709649      1.560     316208   6217.398     535104    33.5394  0.0000e+00
    20.9832   4.709444      1.631     316209   6217.287     535171    33.5378  0.0000e+00
    20.9828   4.709140      1.742     316214   6217.123     535275    33.5357  0.0000e+00
    20.9822   4.708771      1.876     316221   6216.924     535400    33.5332  0.0000e+00
    20.9815   4.708393      2.015     316229   6216.720     535531    33.5306  0.0000e+00
    20.9809   4.708030      2.150     316237   6216.524     535658    33.5282  0.0000e+00
    20.9804   4.707700      2.274     316244   6216.346     535774    33.5259  0.0000e+00
    20.9801   4.707484      2.374     316247   6216.230     535869    33.5244  0.0000e+00
    20.9800   4.707367      2.446     316248   6216.166     535936    33.5235  0.0000e+00
    20.9799   4.707318      2.484     316249   6216.140     535972    33.5231  0.0000e+00
    20.9798   4.707354      2.486     316251   6216.159     535974    33.5236  0.0000e+00
    20.9795   4.707468      2.449     316254   6216.221     535939    33.5247  0.0000e+00
    20.9792   4.707623      2.379     316258   6216.305     535874    33.5262  0.0000e+00
    20.9789   4.707794      2.283     316262   6216.397     535783    33.5279  0.0000e+00
    20.9785   4.707952      2.172     316266   6216.482     535679    33.5294  0.0000e+00
    20.9782   4.708108      2.057     316269   6216.566     535571    33.5309  0.0000e+00
    20.9780   4.708275      1.951     316272   6216.656     535471    33.5325  0.0000e+00
    20.9779   4.708418      1.863     316274   6216.733     535388    33.5338  0.0000e+00
    20.9777   4.708512      1.800     316276   6216.784     535329    33.5347  0.0000e+00
    20.9775   4.708497      1.763     316279   6216.776     535294    33.5347  0.0000e+00
    20.9772   4.708343      1.753     316282   6216.693     535285    33.5337  0.0000e+00
    20.9768   4.708105      1.771     316287   6216.565     535301    33.5321  0.0000e+00
    20.9764   4.707873      1.808     316292   6216.440     535337    33.5306  0.0000e+00
    20.9758   4.707713      1.859     316299   6216.353     535384    33.5298  0.0000e+00
    20.9752   4.707711      1.915     316306   6216.352     535437    33.5302  0.0000e+00
    20.9747   4.707827      1.969     316312   6216.415     535488    33.5315  0.0000e+00
    20.9743   4.707953      2.013     316317   6216.483     535529    33.5328  0.0000e+00
    20.9740   4.707998      2.044     316320   6216.507     535558    33.5334  0.0000e+00
    20.9738   4.707985      2.064     316324   6216.500     535577    33.5335  0.0000e+00
    20.9735   4.707931      2.075     316327   6216.471     535588    33.5332  0.0000e+00
    20.9733   4.707937      2.084     316330   6216.474     535596    33.5335  0.0000e+00
    20.9730   4.708065      2.092     316333   6216.543     535603    33.5347  0.0000e+00
    20.9727   4.708307      2.099     316336   6216.673     535610    33.5368  0.0000e+00
    20.9726   4.708580      2.104     316338   6216.821     535615    33.5391  0.0000e+00
    20.9727   4.708824      2.106     316337   6216.952     535617    33.5410  0.0000e+00
    20.9728   4.708976      2.102     316335   6217.034     535614    33.5420  0.0000e+00
    20.9731   4.709042      2.091     316332   6217.070     535603    33.5424  0.0000e+00
    20.9733   4.709081      2.074     316329   6217.092     535586    33.5425  0.0000e+00
    20.9735   4.709115      2.049     316327   6217.110     535563    33.5427  0.0000e+00
    20.9736   4.709142      2.020     316326   6217.124     535536    33.5428  0.0000e+00
    20.9737   4.709184      1.991     316325   6217.147     535508    33.5431  0.0000e+00
    20.9738   4.709227      1.967     316323   6217.170     535486    33.5434  0.0000e+00
    20.9741   4.709239      1.951     316320   6217.177     535471    33.5433  0.0000e+00
    20.9746   4.709227      1.947     316314   6217.170     535467    33.5428  0.0000e+00
    20.9751   4.709210      1.956     316308   6217.161     535476    33.5423  0.0000e+00
    20.9757   4.709188      1.977     316300   6217.149     535496    33.5416  0.0000e+00
    20.9764   4.709155      2.007     316292   6217.131     535524    33.5408  0.0000e+00
    20.9769   4.709128      2.044     316285   6217.116     535558    33.5401  0.0000e+00
    20.9772   4.709083      2.079     316282   6217.092     535592    33.5395  0.0000e+00
    20.9773   4.708947      2.105     316280   6217.019     535616    33.5383  0.0000e+00
    20.9771   4.708725      2.114     316283   6216.899     535624    33.5367  0.0000e+00
