tests/resources/test-data/19plus_V2_CTD-processing_example_triangle_5_excluded.cnv
* Sea-Bird SBE19plus Data File:
* FileName = C:\seabirdscientific\documentation\example_data\19plus_V2_01906130_Profiling.hex
* Software Version 1.59
* Temperature SN =  6130
* Conductivity SN =  6130
* System UpLoad Time = Dec 12 2016 13:25:15
* ds
* SBE 19plus V 2.5.2  SERIAL NO. 6130    12 Dec 2016 09:24:17
# nquan = 8
# nvalues = 3069                        
# units = specified
# name 0 = tv290C: Temperature [ITS-90, deg C]
# name 1 = c0S/m: Conductivity [S/m]
# name 2 = prdM: Pressure, Strain Gauge [db]
# name 3 = f0: Frequency 0
# name 4 = f1: Frequency 1
# name 5 = f2: Frequency 2
# name 6 = sal00: Salinity, Practical [PSU]
# name 7 = flag:  0.000e+00
# span 0 =    18.1982,    22.0322       
# span 1 =   0.008202,   5.061976       
# span 2 =     -0.107,    222.836       
# span 3 =     303681,     351666       
# span 4 =   2638.018,   6404.541       
# span 5 =     533538,     742874       
# span 6 =     0.0463,    35.4967       
# span 7 =  0.0000e+00,  0.0000e+00     
# interval = seconds: 0.25
# start_time = Dec 10 2016 06:16:51 [Instrument's time stamp, header]
# bad_flag = -9.990e-29
*END*
[from data line 1956]
    18.3174   4.617079    161.066     350081   6167.194     684908    34.9007  0.0000e+00
    18.3157   4.616845    160.723     350104   6167.067     684586    34.9003  0.0000e+00
    18.3137   4.616577    160.370     350130   6166.921     684255    34.8999  0.0000e+00
    18.3113   4.616313    160.014     350161   6166.778     683920    34.8998  0.0000e+00
    18.3089   4.616085    159.662     350194   6166.654     683590    34.9001  0.0000e+00
    18.3065   4.615872    159.316     350226   6166.538     683265    34.9004  0.0000e+00
    18.3044   4.615666    158.982     350254   6166.426     682952    34.9006  0.0000e+00
    18.3023   4.615461    158.662     350281   6166.315     682652    34.9007  0.0000e+00
    18.3003   4.615267    158.360     350308   6166.209     682368    34.9009  0.0000e+00
    18.2984   4.615064    158.075     350334   6166.098     682101    34.9009  0.0000e+00
    18.2964   4.614848    157.809     350360   6165.981     681851    34.9009  0.0000e+00
    18.2944   4.614613    157.555     350386   6165.853     681613    34.9006  0.0000e+00
    18.2924   4.614373    157.311     350413   6165.723     681384    34.9004  0.0000e+00
    18.2903   4.614124    157.072     350442   6165.587     681159    34.9002  0.0000e+00
    18.2880   4.613888    156.839     350471   6165.459     680940    34.9002  0.0000e+00
    18.2858   4.613682    156.604     350501   6165.347     680720    34.9005  0.0000e+00
    18.2836   4.613515    156.364     350530   6165.256     680494    34.9010  0.0000e+00
    18.2815   4.613369    156.108     350558   6165.177     680255    34.9016  0.0000e+00
    18.2797   4.613217    155.837     350582   6165.094     680000    34.9020  0.0000e+00
    18.2779   4.613055    155.546     350605   6165.006     679727    34.9022  0.0000e+00
    18.2763   4.612899    155.241     350627   6164.921     679441    34.9024  0.0000e+00
    18.2747   4.612770    154.922     350649   6164.851     679141    34.9028  0.0000e+00
    18.2732   4.612633    154.594     350668   6164.777     678833    34.9030  0.0000e+00
    18.2717   4.612446    154.258     350687   6164.675     678518    34.9028  0.0000e+00
    18.2702   4.612205    153.920     350708   6164.544     678201    34.9022  0.0000e+00
    18.2684   4.611946    153.584     350732   6164.403     677885    34.9016  0.0000e+00
    18.2663   4.611717    153.254     350759   6164.278     677576    34.9016  0.0000e+00
    18.2643   4.611524    152.932     350787   6164.173     677273    34.9018  0.0000e+00
    18.2624   4.611379    152.615     350811   6164.094     676975    34.9022  0.0000e+00
    18.2609   4.611256    152.297     350831   6164.028     676677    34.9026  0.0000e+00
    18.2597   4.611128    151.978     350848   6163.958     676378    34.9027  0.0000e+00
    18.2585   4.610969    151.656     350864   6163.872     676075    34.9025  0.0000e+00
    18.2572   4.610796    151.336     350880   6163.777     675775    34.9022  0.0000e+00
    18.2559   4.610640    151.019     350898   6163.693     675477    34.9021  0.0000e+00
    18.2545   4.610506    150.709     350916   6163.620     675186    34.9022  0.0000e+00
    18.2532   4.610378    150.403     350934   6163.550     674899    34.9024  0.0000e+00
    18.2519   4.610234    150.106     350951   6163.472     674620    34.9024  0.0000e+00
    18.2505   4.610077    149.816     350969   6163.387     674348    34.9023  0.0000e+00
    18.2491   4.609921    149.534     350988   6163.302     674083    34.9024  0.0000e+00
    18.2476   4.609787    149.257     351008   6163.229     673823    34.9026  0.0000e+00
    18.2461   4.609669    148.986     351028   6163.165     673569    34.9030  0.0000e+00
    18.2448   4.609563    148.721     351046   6163.107     673320    34.9033  0.0000e+00
    18.2436   4.609441    148.456     351061   6163.040     673072    34.9033  0.0000e+00
    18.2425   4.609309    148.187     351076   6162.969     672819    34.9032  0.0000e+00
    18.2414   4.609153    147.910     351091   6162.884     672558    34.9030  0.0000e+00
    18.2401   4.608986    147.622     351107   6162.793     672288    34.9027  0.0000e+00
    18.2387   4.608818    147.324     351127   6162.702     672008    34.9026  0.0000e+00
    18.2371   4.608671    147.016     351147   6162.622     671720    34.9028  0.0000e+00
    18.2357   4.608545    146.704     351167   6162.553     671427    34.9031  0.0000e+00
    18.2343   4.608428    146.397     351184   6162.490     671138    34.9034  0.0000e+00
    18.2332   4.608305    146.098     351200   6162.423     670858    34.9034  0.0000e+00
    18.2321   4.608189    145.815     351214   6162.359     670593    34.9035  0.0000e+00
    18.2311   4.608078    145.549     351228   6162.300     670343    34.9035  0.0000e+00
    18.2301   4.607980    145.307     351242   6162.246     670116    34.9036  0.0000e+00
    18.2290   4.607858    145.086     351256   6162.180     669908    34.9036  0.0000e+00
    18.2278   4.607704    144.886     351272   6162.095     669720    34.9034  0.0000e+00
    18.2264   4.607531    144.696     351291   6162.001     669541    34.9032  0.0000e+00
    18.2248   4.607382    144.510     351311   6161.920     669367    34.9033  0.0000e+00
    18.2234   4.607271    144.317     351330   6161.860     669186    34.9036  0.0000e+00
    18.2221   4.607175    144.112     351347   6161.808     668993    34.9040  0.0000e+00
    18.2210   4.607081    143.887     351361   6161.757     668783    34.9042  0.0000e+00
    18.2202   4.606988    143.638     351373   6161.706     668549    34.9042  0.0000e+00
    18.2193   4.606901    143.357     351384   6161.659     668285    34.9043  0.0000e+00
    18.2186   4.606800    143.042     351395   6161.604     667989    34.9042  0.0000e+00
    18.2178   4.606671    142.697     351406   6161.534     667665    34.9040  0.0000e+00
    18.2168   4.606536    142.329     351418   6161.460     667320    34.9038  0.0000e+00
    18.2158   4.606419    141.945     351432   6161.396     666959    34.9038  0.0000e+00
    18.2147   4.606341    141.554     351446   6161.354     666592    34.9042  0.0000e+00
    18.2138   4.606270    141.162     351459   6161.315     666225    34.9045  0.0000e+00
    18.2130   4.606180    140.786     351469   6161.267     665871    34.9046  0.0000e+00
    18.2122   4.606060    140.432     351480   6161.202     665539    34.9043  0.0000e+00
    18.2113   4.605932    140.112     351491   6161.132     665239    34.9041  0.0000e+00
    18.2104   4.605832    139.823     351504   6161.077     664967    34.9042  0.0000e+00
    18.2094   4.605755    139.565     351516   6161.036     664725    34.9044  0.0000e+00
    18.2087   4.605690    139.336     351526   6161.000     664510    34.9046  0.0000e+00
    18.2079   4.605615    139.137     351536   6160.960     664323    34.9047  0.0000e+00
    18.2072   4.605542    138.961     351546   6160.920     664158    34.9047  0.0000e+00
    18.2064   4.605491    138.796     351556   6160.892     664004    34.9050  0.0000e+00
    18.2058   4.605457    138.629     351564   6160.874     663846    34.9053  0.0000e+00
    18.2052   4.605429    138.446     351572   6160.859     663674    34.9056  0.0000e+00
    18.2047   4.605387    138.238     351579   6160.836     663479    34.9058  0.0000e+00
    18.2041   4.605338    138.003     351587   6160.809     663258    34.9060  0.0000e+00
    18.2034   4.605294    137.737     351596   6160.785     663009    34.9063  0.0000e+00
    18.2028   4.605265    137.444     351605   6160.769     662733    34.9067  0.0000e+00
    18.2021   4.605236    137.124     351614   6160.754     662434    34.9071  0.0000e+00
    18.2014   4.605192    136.786     351623   6160.729     662116    34.9075  0.0000e+00
    18.2007   4.605129    136.434     351632   6160.695     661785    34.9077  0.0000e+00
    18.2000   4.605060    136.073     351641   6160.658     661446    34.9078  0.0000e+00
    18.1995   4.605000    135.708     351648   6160.625     661104    34.9079  0.0000e+00
    18.1991   4.604949    135.348     351654   6160.598     660766    34.9079  0.0000e+00
    18.1988   4.604898    134.999     351658   6160.570     660438    34.9079  0.0000e+00
    18.1985   4.604841    134.663     351662   6160.539     660123    34.9078  0.0000e+00
    18.1983   4.604787    134.344     351665   6160.510     659824    34.9076  0.0000e+00
    18.1982   4.604751    134.042     351666   6160.490     659540    34.9075  0.0000e+00
    18.1982   4.604733    133.756     351666   6160.480     659272    34.9075  0.0000e+00
    18.1982   4.604723    133.485     351666   6160.475     659018    34.9074  0.0000e+00
    18.1983   4.604710    133.234     351664   6160.468     658781    34.9073  0.0000e+00
    18.1984   4.604703    133.001     351663   6160.464     658562    34.9073  0.0000e+00
    18.1985   4.604708    132.785     351662   6160.467     658360    34.9074  0.0000e+00
    18.1985   4.604727    132.578     351662   6160.477     658166    34.9076  0.0000e+00
    18.1986   4.604751    132.377     351661   6160.491     657977    34.9078  0.0000e+00
    18.1987   4.604774    132.174     351659   6160.503     657786    34.9080  0.0000e+00
    18.1988   4.604804    131.965     351658   6160.519     657590    34.9082  0.0000e+00
    18.1989   4.604836    131.746     351656   6160.537     657384    34.9085  0.0000e+00
    18.1990   4.604873    131.519     351655   6160.557     657171    34.9088  0.0000e+00
    18.1992   4.604897    131.284     351653   6160.570     656951    34.9089  0.0000e+00
    18.1993   4.604906    131.042     351650   6160.575     656724    34.9090  0.0000e+00
    18.1996   4.604908    130.795     351647   6160.577     656492    34.9089  0.0000e+00
    18.1998   4.604908    130.542     351644   6160.577     656254    34.9087  0.0000e+00
    18.2001   4.604913    130.285     351640   6160.579     656012    34.9086  0.0000e+00
    18.2004   4.604919    130.020     351636   6160.583     655764    34.9085  0.0000e+00
    18.2008   4.604932    129.751     351631   6160.590     655511    34.9084  0.0000e+00
    18.2012   4.604949    129.475     351625   6160.599     655252    34.9083  0.0000e+00
    18.2016   4.604969    129.192     351620   6160.610     654987    34.9082  0.0000e+00
    18.2020   4.604998    128.902     351615   6160.626     654714    34.9083  0.0000e+00
    18.2024   4.605041    128.605     351610   6160.649     654435    34.9084  0.0000e+00
    18.2028   4.605094    128.304     351605   6160.679     654153    34.9087  0.0000e+00
    18.2032   4.605139    128.004     351599   6160.703     653872    34.9088  0.0000e+00
    18.2036   4.605172    127.711     351594   6160.721     653596    34.9089  0.0000e+00
    18.2039   4.605202    127.430     351590   6160.737     653332    34.9089  0.0000e+00
    18.2041   4.605254    127.163     351587   6160.766     653082    34.9093  0.0000e+00
    18.2045   4.605322    126.910     351582   6160.803     652845    34.9096  0.0000e+00
    18.2050   4.605394    126.669     351575   6160.842     652618    34.9099  0.0000e+00
    18.2057   4.605445    126.437     351566   6160.870     652401    34.9098  0.0000e+00
    18.2063   4.605482    126.209     351558   6160.890     652186    34.9097  0.0000e+00
    18.2069   4.605512    125.977     351550   6160.907     651969    34.9095  0.0000e+00
    18.2074   4.605545    125.728     351544   6160.924     651735    34.9095  0.0000e+00
    18.2078   4.605584    125.460     351538   6160.946     651483    34.9096  0.0000e+00
    18.2081   4.605626    125.166     351534   6160.969     651207    34.9098  0.0000e+00
    18.2085   4.605677    124.848     351529   6160.996     650909    34.9100  0.0000e+00
    18.2089   4.605736    124.507     351523   6161.029     650589    34.9103  0.0000e+00
    18.2095   4.605805    124.150     351515   6161.066     650253    34.9105  0.0000e+00
    18.2102   4.605876    123.781     351506   6161.105     649906    34.9107  0.0000e+00
    18.2110   4.605948    123.402     351495   6161.145     649551    34.9107  0.0000e+00
    18.2120   4.606028    123.020     351483   6161.189     649192    34.9107  0.0000e+00
    18.2130   4.606111    122.639     351469   6161.234     648834    34.9107  0.0000e+00
    18.2140   4.606193    122.269     351455   6161.279     648487    34.9106  0.0000e+00
    18.2151   4.606261    121.913     351441   6161.316     648152    34.9105  0.0000e+00
    18.2160   4.606336    121.572     351429   6161.357     647833    34.9105  0.0000e+00
    18.2168   4.606426    121.252     351418   6161.406     647531    34.9106  0.0000e+00
    18.2177   4.606540    120.950     351406   6161.468     647249    34.9109  0.0000e+00
    18.2188   4.606657    120.669     351391   6161.532     646984    34.9111  0.0000e+00
    18.2200   4.606765    120.400     351376   6161.590     646732    34.9111  0.0000e+00
    18.2211   4.606860    120.148     351360   6161.642     646495    34.9110  0.0000e+00
    18.2222   4.606945    119.908     351346   6161.688     646270    34.9109  0.0000e+00
    18.2232   4.607045    119.679     351333   6161.743     646055    34.9111  0.0000e+00
    18.2241   4.607160    119.459     351321   6161.806     645848    34.9113  0.0000e+00
    18.2251   4.607301    119.250     351307   6161.882     645652    34.9117  0.0000e+00
    18.2262   4.607441    119.052     351292   6161.959     645467    34.9120  0.0000e+00
    18.2274   4.607600    118.862     351276   6162.045     645288    34.9124  0.0000e+00
    18.2287   4.607782    118.673     351259   6162.144     645110    34.9129  0.0000e+00
    18.2303   4.607989    118.479     351238   6162.257     644928    34.9134  0.0000e+00
    18.2320   4.608169    118.275     351215   6162.355     644737    34.9136  0.0000e+00
    18.2338   4.608301    118.056     351191   6162.427     644532    34.9132  0.0000e+00
    18.2355   4.608396    117.818     351169   6162.478     644308    34.9127  0.0000e+00
    18.2369   4.608502    117.559     351151   6162.536     644065    34.9125  0.0000e+00
    18.2382   4.608612    117.280     351133   6162.596     643802    34.9124  0.0000e+00
    18.2396   4.608716    116.982     351115   6162.653     643523    34.9123  0.0000e+00
    18.2409   4.608810    116.663     351098   6162.705     643224    34.9121  0.0000e+00
    18.2421   4.608935    116.328     351081   6162.773     642909    34.9122  0.0000e+00
    18.2434   4.609105    115.978     351064   6162.866     642580    34.9127  0.0000e+00
    18.2450   4.609303    115.623     351043   6162.974     642246    34.9132  0.0000e+00
    18.2467   4.609497    115.263     351020   6163.079     641909    34.9135  0.0000e+00
    18.2485   4.609667    114.909     350996   6163.172     641576    34.9135  0.0000e+00
    18.2503   4.609823    114.556     350972   6163.257     641245    34.9134  0.0000e+00
    18.2521   4.609972    114.214     350949   6163.338     640923    34.9133  0.0000e+00
    18.2538   4.610119    113.881     350926   6163.418     640611    34.9132  0.0000e+00
    18.2555   4.610247    113.563     350903   6163.488     640313    34.9130  0.0000e+00
    18.2571   4.610349    113.259     350882   6163.544     640028    34.9126  0.0000e+00
    18.2585   4.610444    112.972     350863   6163.595     639758    34.9123  0.0000e+00
    18.2598   4.610548    112.701     350846   6163.652     639504    34.9122  0.0000e+00
    18.2611   4.610677    112.447     350829   6163.722     639265    34.9123  0.0000e+00
    18.2624   4.610802    112.202     350812   6163.790     639035    34.9123  0.0000e+00
    18.2637   4.610958    111.962     350795   6163.875     638809    34.9127  0.0000e+00
    18.2650   4.611164    111.721     350777   6163.987     638583    34.9134  0.0000e+00
    18.2666   4.611427    111.479     350756   6164.131     638356    34.9143  0.0000e+00
    18.2686   4.611675    111.232     350729   6164.266     638124    34.9148  0.0000e+00
