tests/resources/test-data/19plus_V2_CTD-processing_example_triangle_5_excluded.cnv
* Sea-Bird SBE19plus Data File:
* FileName = C:\seabirdscientific\documentation\example_data\19plus_V2_01906130_Profiling.hex
* Software Version 1.59
* Temperature SN =  6130
* Conductivity SN =  6130
* System UpLoad Time = Dec 12 2016 13:25:15
* ds
* SBE 19plus V 2.5.2  SERIAL NO. 6130    12 Dec 2016 09:24:17
# nquan = 8
# nvalues = 3069                        
# units = specified
# name 0 = tv290C: Temperature [ITS-90, deg C]
# name 1 = c0S/m: Conductivity [S/m]
# name 2 = prdM: Pressure, Strain Gauge [db]
# name 3 = f0: Frequency 0
# name 4 = f1: Frequency 1
# name 5 = f2: Frequency 2
# name 6 = sal00: Salinity, Practical [PSU]
# name 7 = flag:  0.000e+00
# span 0 =    18.1982,    22.0322       
# span 1 =   0.008202,   5.061976       
# span 2 =     -0.107,    222.836       
# span 3 =     303681,     351666       
# span 4 =   2638.018,   6404.541       
# span 5 =     533538,     742874       
# span 6 =     0.0463,    35.4967       
# span 7 =  0.0000e+00,  0.0000e+00     
# interval = seconds: 0.25
# start_time = Dec 10 2016 06:16:51 [Instrument's time stamp, header]
# bad_flag = -9.990e-29
*END*
[from data line 1067]
    21.7644   4.959215    111.684     306837   6350.526     638550    34.8607  0.0000e+00
    21.7630   4.959024    111.799     306853   6350.426     638658    34.8603  0.0000e+00
    21.7618   4.958859    111.928     306868   6350.339     638778    34.8600  0.0000e+00
    21.7606   4.958678    112.073     306882   6350.243     638915    34.8595  0.0000e+00
    21.7594   4.958495    112.235     306897   6350.146     639068    34.8590  0.0000e+00
    21.7578   4.958321    112.414     306915   6350.055     639236    34.8588  0.0000e+00
    21.7562   4.958204    112.605     306934   6349.993     639415    34.8591  0.0000e+00
    21.7544   4.958135    112.805     306955   6349.956     639603    34.8599  0.0000e+00
    21.7526   4.958101    113.011     306976   6349.938     639796    34.8610  0.0000e+00
    21.7509   4.958089    113.220     306997   6349.932     639992    34.8623  0.0000e+00
    21.7491   4.958127    113.430     307018   6349.952     640189    34.8640  0.0000e+00
    21.7474   4.958202    113.637     307038   6349.991     640383    34.8659  0.0000e+00
    21.7458   4.958283    113.836     307057   6350.034     640570    34.8677  0.0000e+00
    21.7443   4.958324    114.027     307074   6350.056     640750    34.8692  0.0000e+00
    21.7428   4.958303    114.210     307093   6350.044     640921    34.8702  0.0000e+00
    21.7412   4.958225    114.385     307111   6350.004     641085    34.8708  0.0000e+00
    21.7396   4.958108    114.552     307131   6349.942     641242    34.8711  0.0000e+00
    21.7380   4.958006    114.711     307150   6349.888     641392    34.8715  0.0000e+00
    21.7364   4.957917    114.864     307168   6349.840     641536    34.8720  0.0000e+00
    21.7350   4.957834    115.014     307185   6349.796     641676    34.8725  0.0000e+00
    21.7337   4.957726    115.163     307200   6349.740     641816    34.8726  0.0000e+00
    21.7325   4.957594    115.315     307215   6349.670     641959    34.8725  0.0000e+00
    21.7312   4.957447    115.472     307230   6349.592     642106    34.8723  0.0000e+00
    21.7299   4.957283    115.632     307246   6349.506     642257    34.8721  0.0000e+00
    21.7284   4.957088    115.798     307263   6349.403     642412    34.8716  0.0000e+00
    21.7267   4.956849    115.967     307283   6349.277     642571    34.8711  0.0000e+00
    21.7247   4.956581    116.140     307308   6349.135     642734    34.8705  0.0000e+00
    21.7223   4.956345    116.317     307336   6349.010     642900    34.8705  0.0000e+00
    21.7200   4.956187    116.497     307363   6348.927     643069    34.8711  0.0000e+00
    21.7180   4.956100    116.676     307387   6348.881     643237    34.8719  0.0000e+00
    21.7165   4.956022    116.850     307405   6348.840     643400    34.8725  0.0000e+00
    21.7152   4.955897    117.019     307420   6348.774     643559    34.8725  0.0000e+00
    21.7139   4.955722    117.185     307435   6348.682     643715    34.8721  0.0000e+00
    21.7124   4.955519    117.350     307453   6348.574     643870    34.8717  0.0000e+00
    21.7107   4.955304    117.515     307473   6348.461     644025    34.8713  0.0000e+00
    21.7091   4.955095    117.683     307493   6348.350     644182    34.8709  0.0000e+00
    21.7076   4.954878    117.856     307510   6348.235     644345    34.8703  0.0000e+00
    21.7061   4.954647    118.035     307528   6348.113     644513    34.8696  0.0000e+00
    21.7045   4.954363    118.221     307546   6347.963     644687    34.8686  0.0000e+00
    21.7027   4.954054    118.412     307569   6347.800     644867    34.8676  0.0000e+00
    21.7005   4.953747    118.608     307594   6347.638     645051    34.8668  0.0000e+00
    21.6983   4.953458    118.808     307621   6347.485     645239    34.8663  0.0000e+00
    21.6960   4.953162    119.010     307648   6347.329     645429    34.8658  0.0000e+00
    21.6935   4.952858    119.213     307677   6347.168     645619    34.8653  0.0000e+00
    21.6909   4.952585    119.414     307708   6347.024     645808    34.8652  0.0000e+00
    21.6883   4.952375    119.613     307739   6346.913     645994    34.8656  0.0000e+00
    21.6858   4.952237    119.806     307769   6346.840     646175    34.8664  0.0000e+00
    21.6836   4.952151    119.989     307794   6346.795     646348    34.8674  0.0000e+00
    21.6818   4.952096    120.164     307817   6346.766     646512    34.8684  0.0000e+00
    21.6801   4.952032    120.331     307836   6346.732     646669    34.8691  0.0000e+00
    21.6786   4.951950    120.497     307854   6346.689     646824    34.8697  0.0000e+00
    21.6770   4.951858    120.665     307873   6346.640     646982    34.8701  0.0000e+00
    21.6755   4.951768    120.840     307891   6346.592     647147    34.8707  0.0000e+00
    21.6738   4.951661    121.024     307911   6346.536     647319    34.8711  0.0000e+00
    21.6720   4.951511    121.218     307932   6346.456     647501    34.8713  0.0000e+00
    21.6700   4.951295    121.419     307956   6346.342     647691    34.8711  0.0000e+00
    21.6677   4.951056    121.622     307984   6346.216     647881    34.8711  0.0000e+00
    21.6651   4.950841    121.817     308015   6346.103     648063    34.8714  0.0000e+00
    21.6625   4.950701    121.997     308046   6346.029     648233    34.8723  0.0000e+00
    21.6603   4.950586    122.160     308071   6345.968     648386    34.8731  0.0000e+00
    21.6585   4.950457    122.303     308093   6345.899     648520    34.8735  0.0000e+00
    21.6569   4.950320    122.426     308113   6345.827     648636    34.8737  0.0000e+00
    21.6552   4.950198    122.532     308133   6345.763     648735    34.8741  0.0000e+00
    21.6535   4.950096    122.624     308152   6345.708     648822    34.8746  0.0000e+00
    21.6518   4.949949    122.711     308172   6345.631     648903    34.8748  0.0000e+00
    21.6500   4.949758    122.801     308194   6345.530     648987    34.8747  0.0000e+00
    21.6479   4.949538    122.901     308219   6345.413     649081    34.8746  0.0000e+00
    21.6457   4.949320    123.019     308245   6345.298     649192    34.8747  0.0000e+00
    21.6434   4.949112    123.159     308273   6345.189     649324    34.8748  0.0000e+00
    21.6411   4.948919    123.325     308299   6345.086     649479    34.8751  0.0000e+00
    21.6390   4.948757    123.516     308325   6345.001     649659    34.8754  0.0000e+00
    21.6372   4.948597    123.730     308346   6344.916     649860    34.8755  0.0000e+00
    21.6356   4.948415    123.964     308365   6344.820     650080    34.8753  0.0000e+00
    21.6341   4.948186    124.208     308383   6344.699     650309    34.8747  0.0000e+00
    21.6324   4.947973    124.453     308403   6344.587     650539    34.8743  0.0000e+00
    21.6308   4.947808    124.691     308423   6344.499     650762    34.8742  0.0000e+00
    21.6292   4.947684    124.918     308441   6344.434     650975    34.8744  0.0000e+00
    21.6278   4.947541    125.131     308458   6344.358     651175    34.8743  0.0000e+00
    21.6263   4.947336    125.325     308475   6344.249     651357    34.8738  0.0000e+00
    21.6245   4.947067    125.496     308497   6344.107     651519    34.8731  0.0000e+00
    21.6223   4.946730    125.645     308524   6343.930     651658    34.8722  0.0000e+00
    21.6195   4.946376    125.772     308556   6343.742     651777    34.8716  0.0000e+00
    21.6165   4.946033    125.886     308592   6343.561     651884    34.8713  0.0000e+00
    21.6135   4.945741    125.995     308629   6343.407     651987    34.8714  0.0000e+00
    21.6106   4.945467    126.111     308663   6343.262     652095    34.8715  0.0000e+00
    21.6079   4.945202    126.243     308695   6343.122     652219    34.8715  0.0000e+00
    21.6054   4.944939    126.400     308724   6342.983     652367    34.8714  0.0000e+00
    21.6031   4.944698    126.590     308752   6342.856     652546    34.8713  0.0000e+00
    21.6009   4.944494    126.819     308778   6342.748     652760    34.8714  0.0000e+00
    21.5989   4.944335    127.085     308802   6342.664     653010    34.8716  0.0000e+00
    21.5971   4.944211    127.385     308823   6342.598     653291    34.8720  0.0000e+00
    21.5954   4.944091    127.707     308843   6342.534     653594    34.8723  0.0000e+00
    21.5937   4.943953    128.037     308864   6342.461     653904    34.8725  0.0000e+00
    21.5918   4.943795    128.359     308887   6342.378     654206    34.8727  0.0000e+00
    21.5896   4.943627    128.653     308913   6342.289     654482    34.8731  0.0000e+00
    21.5872   4.943433    128.908     308941   6342.186     654722    34.8734  0.0000e+00
    21.5846   4.943215    129.119     308972   6342.071     654920    34.8737  0.0000e+00
    21.5818   4.942979    129.284     309006   6341.946     655074    34.8740  0.0000e+00
    21.5788   4.942773    129.401     309041   6341.837     655184    34.8748  0.0000e+00
    21.5759   4.942609    129.474     309076   6341.751     655253    34.8758  0.0000e+00
    21.5733   4.942460    129.511     309107   6341.671     655288    34.8767  0.0000e+00
    21.5710   4.942307    129.525     309134   6341.591     655301    34.8773  0.0000e+00
    21.5690   4.942115    129.530     309158   6341.489     655306    34.8775  0.0000e+00
    21.5670   4.941858    129.545     309182   6341.354     655319    34.8771  0.0000e+00
    21.5647   4.941505    129.586     309210   6341.167     655358    34.8761  0.0000e+00
    21.5618   4.941106    129.664     309244   6340.956     655431    34.8752  0.0000e+00
    21.5587   4.940756    129.780     309281   6340.771     655540    34.8750  0.0000e+00
    21.5556   4.940480    129.926     309318   6340.625     655677    34.8752  0.0000e+00
    21.5529   4.940258    130.092     309350   6340.508     655833    34.8756  0.0000e+00
    21.5506   4.940043    130.270     309377   6340.394     656000    34.8757  0.0000e+00
    21.5484   4.939832    130.452     309403   6340.283     656171    34.8757  0.0000e+00
    21.5463   4.939609    130.636     309430   6340.165     656343    34.8757  0.0000e+00
    21.5439   4.939391    130.814     309458   6340.049     656510    34.8758  0.0000e+00
    21.5414   4.939207    130.983     309488   6339.952     656669    34.8763  0.0000e+00
    21.5388   4.939060    131.144     309518   6339.874     656820    34.8772  0.0000e+00
    21.5364   4.938894    131.300     309548   6339.786     656967    34.8778  0.0000e+00
    21.5337   4.938667    131.457     309579   6339.666     657115    34.8781  0.0000e+00
    21.5308   4.938367    131.618     309614   6339.507     657266    34.8780  0.0000e+00
    21.5275   4.938046    131.785     309653   6339.338     657422    34.8781  0.0000e+00
    21.5243   4.937718    131.959     309692   6339.164     657586    34.8780  0.0000e+00
    21.5213   4.937410    132.142     309728   6339.001     657758    34.8780  0.0000e+00
    21.5185   4.937094    132.334     309760   6338.834     657938    34.8776  0.0000e+00
    21.5161   4.936779    132.534     309790   6338.667     658126    34.8770  0.0000e+00
    21.5138   4.936506    132.739     309816   6338.523     658318    34.8766  0.0000e+00
    21.5119   4.936272    132.946     309839   6338.399     658512    34.8762  0.0000e+00
    21.5102   4.936039    133.148     309859   6338.276     658703    34.8757  0.0000e+00
    21.5084   4.935685    133.345     309881   6338.088     658887    34.8743  0.0000e+00
    21.5059   4.935225    133.535     309910   6337.845     659065    34.8726  0.0000e+00
    21.5026   4.934749    133.719     309950   6337.593     659238    34.8714  0.0000e+00
    21.4988   4.934412    133.901     309996   6337.415     659409    34.8717  0.0000e+00
    21.4952   4.934189    134.085     310039   6337.297     659582    34.8728  0.0000e+00
    21.4921   4.933974    134.275     310076   6337.184     659760    34.8736  0.0000e+00
    21.4890   4.933671    134.474     310112   6337.023     659947    34.8736  0.0000e+00
    21.4858   4.933364    134.683     310152   6336.861     660144    34.8738  0.0000e+00
    21.4824   4.933140    134.903     310192   6336.742     660350    34.8747  0.0000e+00
    21.4794   4.933024    135.129     310228   6336.680     660562    34.8761  0.0000e+00
    21.4770   4.932884    135.357     310257   6336.606     660776    34.8769  0.0000e+00
    21.4748   4.932672    135.582     310283   6336.494     660988    34.8769  0.0000e+00
    21.4724   4.932370    135.800     310312   6336.334     661192    34.8764  0.0000e+00
    21.4696   4.932114    136.009     310345   6336.199     661388    34.8765  0.0000e+00
    21.4670   4.931929    136.205     310376   6336.101     661572    34.8771  0.0000e+00
    21.4647   4.931801    136.388     310404   6336.034     661744    34.8778  0.0000e+00
    21.4627   4.931586    136.557     310428   6335.920     661903    34.8777  0.0000e+00
    21.4604   4.931239    136.713     310456   6335.736     662049    34.8768  0.0000e+00
    21.4574   4.930835    136.858     310491   6335.522     662185    34.8759  0.0000e+00
    21.4539   4.930500    136.997     310533   6335.345     662316    34.8761  0.0000e+00
    21.4504   4.930280    137.135     310574   6335.228     662445    34.8771  0.0000e+00
    21.4474   4.930091    137.277     310610   6335.128     662579    34.8780  0.0000e+00
    21.4448   4.929873    137.425     310642   6335.013     662717    34.8783  0.0000e+00
    21.4421   4.929610    137.580     310673   6334.874     662863    34.8783  0.0000e+00
    21.4393   4.929338    137.741     310707   6334.730     663014    34.8783  0.0000e+00
    21.4364   4.929045    137.906     310742   6334.575     663169    34.8784  0.0000e+00
    21.4334   4.928723    138.073     310778   6334.404     663326    34.8782  0.0000e+00
    21.4301   4.928375    138.240     310818   6334.220     663483    34.8781  0.0000e+00
    21.4267   4.928059    138.407     310859   6334.053     663639    34.8783  0.0000e+00
    21.4233   4.927807    138.573     310899   6333.919     663795    34.8790  0.0000e+00
    21.4202   4.927588    138.735     310936   6333.804     663947    34.8797  0.0000e+00
    21.4174   4.927314    138.891     310970   6333.659     664093    34.8797  0.0000e+00
    21.4145   4.926938    139.038     311004   6333.459     664232    34.8790  0.0000e+00
    21.4113   4.926554    139.181     311042   6333.256     664366    34.8785  0.0000e+00
    21.4080   4.926231    139.322     311083   6333.085     664499    34.8786  0.0000e+00
    21.4048   4.925964    139.466     311121   6332.944     664634    34.8790  0.0000e+00
    21.4018   4.925647    139.611     311156   6332.776     664770    34.8789  0.0000e+00
    21.3988   4.925299    139.757     311193   6332.592     664907    34.8785  0.0000e+00
    21.3957   4.924975    139.902     311230   6332.420     665043    34.8784  0.0000e+00
    21.3928   4.924690    140.045     311265   6332.269     665177    34.8784  0.0000e+00
    21.3901   4.924410    140.187     311296   6332.121     665310    34.8783  0.0000e+00
    21.3876   4.924098    140.325     311326   6331.955     665440    34.8778  0.0000e+00
    21.3850   4.923767    140.463     311357   6331.780     665569    34.8773  0.0000e+00
    21.3823   4.923394    140.601     311391   6331.582     665698    34.8765  0.0000e+00
    21.3791   4.923019    140.746     311428   6331.384     665835    34.8760  0.0000e+00
    21.3758   4.922668    140.906     311469   6331.198     665985    34.8759  0.0000e+00
    21.3724   4.922345    141.091     311510   6331.027     666159    34.8760  0.0000e+00
    21.3689   4.921969    141.309     311551   6330.828     666363    34.8758  0.0000e+00
    21.3652   4.921574    141.564     311596   6330.619     666603    34.8756  0.0000e+00
    21.3613   4.921267    141.853     311643   6330.456     666874    34.8762  0.0000e+00
    21.3578   4.921114    142.169     311685   6330.375     667171    34.8777  0.0000e+00
