tests/resources/test-data/19plus_V2_CTD-processing_example_triangle_5_excluded.cnv
* Sea-Bird SBE19plus Data File:
* FileName = C:\seabirdscientific\documentation\example_data\19plus_V2_01906130_Profiling.hex
* Software Version 1.59
* Temperature SN =  6130
* Conductivity SN =  6130
* System UpLoad Time = Dec 12 2016 13:25:15
* ds
* SBE 19plus V 2.5.2  SERIAL NO. 6130    12 Dec 2016 09:24:17
# nquan = 8
# nvalues = 3069                        
# units = specified
# name 0 = tv290C: Temperature [ITS-90, deg C]
# name 1 = c0S/m: Conductivity [S/m]
# name 2 = prdM: Pressure, Strain Gauge [db]
# name 3 = f0: Frequency 0
# name 4 = f1: Frequency 1
# name 5 = f2: Frequency 2
# name 6 = sal00: Salinity, Practical [PSU]
# name 7 = flag:  0.000e+00
# span 0 =    18.1982,    22.0322       
# span 1 =   0.008202,   5.061976       
# span 2 =     -0.107,    222.836       
# span 3 =     303681,     351666       
# span 4 =   2638.018,   6404.541       
# span 5 =     533538,     742874       
# span 6 =     0.0463,    35.4967       
# span 7 =  0.0000e+00,  0.0000e+00     
# interval = seconds: 0.25
# start_time = Dec 10 2016 06:16:51 [Instrument's time stamp, header]
# bad_flag = -9.990e-29
*END*
[from data line 534]
    20.9759   4.708135      2.081     316298   6216.581     535593    33.5329  0.0000e+00
    20.9753   4.707893      2.041     316305   6216.451     535556    33.5315  0.0000e+00
    20.9748   4.707811      2.002     316311   6216.406     535519    33.5313  0.0000e+00
    20.9743   4.707911      1.969     316317   6216.460     535488    33.5325  0.0000e+00
    20.9739   4.708154      1.942     316322   6216.591     535462    33.5348  0.0000e+00
    20.9736   4.708449      1.923     316326   6216.751     535445    33.5374  0.0000e+00
    20.9735   4.708675      1.916     316327   6216.872     535438    33.5393  0.0000e+00
    20.9735   4.708741      1.922     316327   6216.908     535444    33.5398  0.0000e+00
    20.9735   4.708639      1.940     316327   6216.853     535461    33.5389  0.0000e+00
    20.9734   4.708396      1.965     316328   6216.722     535485    33.5371  0.0000e+00
    20.9731   4.708126      1.994     316331   6216.576     535512    33.5351  0.0000e+00
    20.9728   4.707908      2.023     316336   6216.459     535539    33.5336  0.0000e+00
    20.9723   4.707822      2.052     316341   6216.412     535566    33.5333  0.0000e+00
    20.9719   4.707832      2.083     316347   6216.417     535595    33.5337  0.0000e+00
    20.9715   4.707895      2.120     316351   6216.451     535630    33.5345  0.0000e+00
    20.9712   4.707870      2.165     316355   6216.438     535672    33.5346  0.0000e+00
    20.9709   4.707683      2.215     316358   6216.337     535719    33.5333  0.0000e+00
    20.9706   4.707255      2.264     316362   6216.106     535765    33.5301  0.0000e+00
    20.9703   4.706667      2.303     316366   6215.789     535802    33.5257  0.0000e+00
    20.9698   4.706027      2.327     316372   6215.443     535825    33.5209  0.0000e+00
    20.9693   4.705507      2.340     316379   6215.163     535837    33.5171  0.0000e+00
    20.9687   4.705244      2.348     316385   6215.021     535844    33.5155  0.0000e+00
    20.9683   4.705265      2.350     316391   6215.032     535846    33.5160  0.0000e+00
    20.9679   4.705594      2.350     316395   6215.210     535846    33.5189  0.0000e+00
    20.9675   4.706077      2.365     316399   6215.470     535860    33.5230  0.0000e+00
    20.9672   4.706680      2.427     316404   6215.796     535918    33.5282  0.0000e+00
    20.9667   4.707110      2.548     316410   6216.027     536032    33.5319  0.0000e+00
    20.9662   4.707251      2.711     316416   6216.103     536186    33.5334  0.0000e+00
    20.9657   4.707005      2.899     316421   6215.971     536362    33.5317  0.0000e+00
    20.9653   4.706576      3.105     316426   6215.740     536556    33.5285  0.0000e+00
    20.9649   4.705973      3.338     316431   6215.414     536775    33.5239  0.0000e+00
    20.9645   4.704878      3.596     316436   6214.823     537017    33.5154  0.0000e+00
    20.9641   4.702766      3.880     316441   6213.683     537284    33.4988  0.0000e+00
    20.9638   4.699609      4.196     316445   6211.978     537581    33.4737  0.0000e+00
    20.9635   4.696313      4.552     316448   6210.199     537915    33.4475  0.0000e+00
    20.9629   4.694061      4.941     316456   6208.982     538281    33.4299  0.0000e+00
    20.9612   4.693266      5.353     316477   6208.553     538668    33.4248  0.0000e+00
    20.9583   4.693176      5.773     316511   6208.504     539063    33.4261  0.0000e+00
    20.9551   4.692722      6.200     316551   6208.259     539464    33.4250  0.0000e+00
    20.9521   4.691525      6.618     316587   6207.612     539857    33.4176  0.0000e+00
    20.9502   4.689441      7.014     316611   6206.486     540229    33.4023  0.0000e+00
    20.9493   4.686760      7.372     316621   6205.036     540565    33.3815  0.0000e+00
    20.9495   4.683545      7.685     316619   6203.298     540860    33.3556  0.0000e+00
    20.9504   4.680188      7.951     316608   6201.482     541110    33.3280  0.0000e+00
    20.9515   4.676560      8.173     316594   6199.520     541318    33.2981  0.0000e+00
    20.9529   4.672561      8.358     316577   6197.356     541492    33.2651  0.0000e+00
    20.9547   4.668415      8.515     316556   6195.111     541640    33.2306  0.0000e+00
    20.9569   4.664587      8.651     316528   6193.039     541768    33.1983  0.0000e+00
    20.9595   4.661321      8.770     316497   6191.270     541879    33.1702  0.0000e+00
    20.9621   4.658297      8.879     316465   6189.631     541982    33.1440  0.0000e+00
    20.9647   4.655246      8.989     316434   6187.978     542085    33.1177  0.0000e+00
    20.9672   4.652208      9.113     316404   6186.330     542202    33.0915  0.0000e+00
    20.9695   4.649251      9.259     316376   6184.726     542339    33.0661  0.0000e+00
    20.9715   4.646163      9.428     316351   6183.051     542498    33.0399  0.0000e+00
    20.9733   4.642416      9.619     316329   6181.018     542677    33.0086  0.0000e+00
    20.9750   4.637875      9.831     316309   6178.552     542876    32.9711  0.0000e+00
    20.9765   4.632883     10.066     316291   6175.842     543097    32.9302  0.0000e+00
    20.9779   4.628039     10.327     316273   6173.210     543342    32.8904  0.0000e+00
    20.9795   4.623591     10.615     316254   6170.793     543613    32.8537  0.0000e+00
    20.9812   4.619677     10.926     316234   6168.664     543905    32.8212  0.0000e+00
    20.9830   4.616311     11.253     316211   6166.834     544212    32.7929  0.0000e+00
    20.9851   4.613510     11.588     316186   6165.310     544527    32.7689  0.0000e+00
    20.9873   4.611222     11.927     316160   6164.065     544846    32.7489  0.0000e+00
    20.9896   4.609428     12.268     316132   6163.089     545166    32.7328  0.0000e+00
    20.9922   4.608219     12.605     316099   6162.430     545483    32.7210  0.0000e+00
    20.9953   4.607530     12.932     316062   6162.055     545790    32.7131  0.0000e+00
    20.9988   4.607261     13.242     316019   6161.909     546082    32.7082  0.0000e+00
    21.0026   4.607288     13.531     315973   6161.923     546353    32.7053  0.0000e+00
    21.0066   4.607472     13.797     315924   6162.024     546603    32.7037  0.0000e+00
    21.0107   4.607792     14.040     315875   6162.198     546832    32.7030  0.0000e+00
    21.0150   4.608178     14.263     315823   6162.408     547041    32.7027  0.0000e+00
    21.0195   4.608656     14.468     315767   6162.668     547233    32.7030  0.0000e+00
    21.0242   4.609155     14.658     315711   6162.940     547412    32.7033  0.0000e+00
    21.0286   4.609660     14.839     315658   6163.214     547582    32.7039  0.0000e+00
    21.0323   4.610176     15.016     315613   6163.495     547749    32.7051  0.0000e+00
    21.0356   4.610721     15.194     315573   6163.792     547916    32.7068  0.0000e+00
    21.0391   4.611314     15.375     315530   6164.115     548086    32.7088  0.0000e+00
    21.0434   4.611943     15.562     315478   6164.457     548261    32.7105  0.0000e+00
    21.0485   4.612646     15.757     315416   6164.840     548445    32.7121  0.0000e+00
    21.0536   4.613524     15.963     315354   6165.317     548638    32.7151  0.0000e+00
    21.0582   4.614613     16.181     315299   6165.910     548843    32.7202  0.0000e+00
    21.0620   4.615827     16.412     315253   6166.570     549060    32.7268  0.0000e+00
    21.0659   4.617001     16.656     315205   6167.209     549289    32.7330  0.0000e+00
    21.0707   4.618133     16.913     315148   6167.825     549531    32.7383  0.0000e+00
    21.0767   4.619443     17.184     315075   6168.537     549785    32.7440  0.0000e+00
    21.0838   4.621184     17.468     314989   6169.484     550052    32.7522  0.0000e+00
    21.0919   4.623632     17.766     314891   6170.815     550332    32.7654  0.0000e+00
    21.1007   4.626563     18.078     314784   6172.407     550625    32.7818  0.0000e+00
    21.1099   4.629664     18.403     314673   6174.093     550931    32.7992  0.0000e+00
    21.1190   4.632364     18.738     314562   6175.560     551246    32.8136  0.0000e+00
    21.1279   4.634678     19.078     314455   6176.816     551565    32.8250  0.0000e+00
    21.1365   4.636886     19.414     314351   6178.015     551881    32.8358  0.0000e+00
    21.1449   4.639337     19.740     314248   6179.346     552188    32.8486  0.0000e+00
    21.1531   4.641946     20.046     314149   6180.762     552475    32.8629  0.0000e+00
    21.1608   4.644268     20.325     314056   6182.022     552736    32.8753  0.0000e+00
    21.1679   4.646109     20.567     313971   6183.021     552964    32.8844  0.0000e+00
    21.1744   4.647757     20.773     313893   6183.915     553158    32.8924  0.0000e+00
    21.1806   4.649615     20.941     313818   6184.923     553315    32.9023  0.0000e+00
    21.1869   4.651816     21.076     313742   6186.117     553442    32.9149  0.0000e+00
    21.1939   4.654166     21.187     313657   6187.391     553546    32.9280  0.0000e+00
    21.2020   4.656586     21.284     313560   6188.703     553638    32.9409  0.0000e+00
    21.2110   4.659113     21.381     313451   6190.073     553729    32.9540  0.0000e+00
    21.2206   4.661659     21.489     313336   6191.452     553830    32.9668  0.0000e+00
    21.2305   4.664045     21.619     313215   6192.744     553952    32.9780  0.0000e+00
    21.2409   4.665987     21.779     313091   6193.796     554103    32.9853  0.0000e+00
    21.2510   4.667547     21.977     312969   6194.641     554289    32.9898  0.0000e+00
    21.2603   4.669090     22.216     312857   6195.477     554514    32.9948  0.0000e+00
    21.2689   4.671147     22.498     312754   6196.590     554779    33.0044  0.0000e+00
    21.2773   4.673848     22.820     312653   6198.052     555082    33.0192  0.0000e+00
    21.2856   4.676773     23.178     312552   6199.635     555418    33.0358  0.0000e+00
    21.2933   4.679445     23.561     312460   6201.080     555778    33.0509  0.0000e+00
    21.2999   4.681684     23.958     312381   6202.291     556151    33.0634  0.0000e+00
    21.3056   4.683516     24.357     312311   6203.281     556525    33.0733  0.0000e+00
    21.3111   4.685062     24.749     312245   6204.117     556893    33.0812  0.0000e+00
    21.3165   4.686495     25.120     312181   6204.892     557242    33.0882  0.0000e+00
    21.3223   4.687973     25.461     312111   6205.691     557563    33.0953  0.0000e+00
    21.3291   4.689431     25.763     312029   6206.479     557847    33.1015  0.0000e+00
    21.3369   4.690635     26.027     311936   6207.129     558094    33.1050  0.0000e+00
    21.3447   4.691567     26.248     311841   6207.633     558302    33.1062  0.0000e+00
    21.3519   4.692580     26.429     311755   6208.180     558472    33.1086  0.0000e+00
    21.3585   4.694312     26.574     311676   6209.116     558608    33.1172  0.0000e+00
    21.3654   4.697055     26.693     311593   6210.597     558720    33.1335  0.0000e+00
    21.3734   4.700465     26.800     311497   6212.438     558821    33.1542  0.0000e+00
    21.3822   4.703692     26.908     311391   6214.180     558922    33.1729  0.0000e+00
    21.3908   4.706245     27.029     311288   6215.558     559036    33.1863  0.0000e+00
    21.3986   4.708149     27.175     311195   6216.586     559173    33.1954  0.0000e+00
    21.4057   4.709640     27.353     311110   6217.390     559341    33.2016  0.0000e+00
    21.4128   4.710961     27.566     311025   6218.103     559540    33.2065  0.0000e+00
    21.4207   4.712173     27.809     310931   6218.756     559769    33.2099  0.0000e+00
    21.4293   4.713570     28.077     310827   6219.510     560020    33.2141  0.0000e+00
    21.4387   4.715246     28.363     310715   6220.413     560289    33.2200  0.0000e+00
    21.4481   4.717212     28.662     310602   6221.473     560570    33.2281  0.0000e+00
    21.4571   4.719292     28.967     310494   6222.595     560857    33.2375  0.0000e+00
    21.4649   4.721248     29.276     310402   6223.649     561147    33.2468  0.0000e+00
    21.4712   4.723424     29.583     310326   6224.821     561435    33.2590  0.0000e+00
    21.4765   4.726310     29.884     310262   6226.376     561718    33.2775  0.0000e+00
    21.4815   4.730396     30.179     310203   6228.575     561995    33.3058  0.0000e+00
    21.4866   4.735233     30.464     310142   6231.180     562263    33.3400  0.0000e+00
    21.4922   4.739501     30.738     310075   6233.476     562521    33.3692  0.0000e+00
    21.4990   4.741465     31.002     309994   6234.533     562769    33.3793  0.0000e+00
    21.5062   4.741626     31.256     309908   6234.619     563007    33.3749  0.0000e+00
    21.5125   4.741642     31.500     309832   6234.628     563237    33.3700  0.0000e+00
    21.5176   4.743980     31.738     309772   6235.885     563460    33.3845  0.0000e+00
    21.5225   4.747462     31.971     309713   6237.757     563679    33.4081  0.0000e+00
    21.5287   4.750402     32.202     309639   6239.338     563896    33.4264  0.0000e+00
    21.5357   4.750498     32.427     309556   6239.390     564108    33.4217  0.0000e+00
    21.5416   4.749436     32.644     309485   6238.819     564311    33.4086  0.0000e+00
    21.5456   4.748928     32.848     309437   6238.546     564503    33.4014  0.0000e+00
    21.5491   4.751439     33.035     309395   6239.895     564679    33.4184  0.0000e+00
    21.5541   4.755511     33.206     309336   6242.083     564839    33.4466  0.0000e+00
    21.5612   4.760269     33.362     309252   6244.639     564987    33.4785  0.0000e+00
    21.5694   4.765092     33.510     309154   6247.228     565125    33.5101  0.0000e+00
    21.5780   4.771196     33.651     309052   6250.503     565257    33.5515  0.0000e+00
    21.5871   4.778982     33.791     308943   6254.678     565389    33.6057  0.0000e+00
    21.5976   4.787498     33.935     308818   6259.242     565524    33.6646  0.0000e+00
    21.6097   4.795699     34.090     308674   6263.634     565670    33.7198  0.0000e+00
    21.6235   4.803150     34.263     308509   6267.621     565833    33.7676  0.0000e+00
    21.6390   4.811100     34.458     308325   6271.872     566016    33.8181  0.0000e+00
    21.6557   4.821028     34.679     308126   6277.175     566223    33.8831  0.0000e+00
    21.6731   4.833571     34.926     307920   6283.869     566455    33.9683  0.0000e+00
    21.6905   4.847403     35.198     307713   6291.244     566711    34.0635  0.0000e+00
    21.7080   4.860990     35.492     307505   6298.482     566987    34.1566  0.0000e+00
    21.7258   4.873764     35.800     307294   6305.278     567276    34.2431  0.0000e+00
    21.7440   4.886219     36.111     307078   6311.896     567569    34.3267  0.0000e+00
    21.7622   4.898652     36.418     306863   6318.495     567857    34.4101  0.0000e+00
    21.7804   4.911311     36.715     306647   6325.207     568137    34.4953  0.0000e+00
    21.7984   4.923988     37.000     306435   6331.921     568404    34.5808  0.0000e+00
    21.8161   4.937456     37.268     306225   6339.046     568656    34.6727  0.0000e+00
    21.8337   4.951125     37.516     306017   6346.269     568889    34.7662  0.0000e+00
    21.8512   4.965123     37.746     305811   6353.657     569105    34.8625  0.0000e+00
    21.8681   4.978208     37.963     305611   6360.556     569309    34.9519  0.0000e+00
    21.8846   4.990917     38.171     305416   6367.249     569504    35.0387  0.0000e+00
    21.9011   5.003408     38.372     305222   6373.820     569693    35.1238  0.0000e+00
    21.9180   5.016156     38.566     305024   6380.518     569875    35.2106  0.0000e+00
    21.9351   5.028447     38.751     304821   6386.971     570050    35.2934  0.0000e+00
    21.9521   5.039309     38.927     304621   6392.668     570215    35.3652  0.0000e+00
    21.9685   5.048394     39.091     304429   6397.429     570369    35.4234  0.0000e+00
