tests/resources/test-data/19plus_V2_CTD-processing_example_boxcar_5_excluded.cnv
* Sea-Bird SBE19plus Data File:
* FileName = C:\seabirdscientific\documentation\example_data\19plus_V2_01906130_Profiling.hex
* Software Version 1.59
* Temperature SN =  6130
* Conductivity SN =  6130
* System UpLoad Time = Dec 12 2016 13:25:15
* ds
* SBE 19plus V 2.5.2  SERIAL NO. 6130    12 Dec 2016 09:24:17
# nquan = 8
# nvalues = 3069                        
# units = specified
# name 0 = tv290C: Temperature [ITS-90, deg C]
# name 1 = c0S/m: Conductivity [S/m]
# name 2 = prdM: Pressure, Strain Gauge [db]
# name 3 = f0: Frequency 0
# name 4 = f1: Frequency 1
# name 5 = f2: Frequency 2
# name 6 = sal00: Salinity, Practical [PSU]
# name 7 = flag:  0.000e+00
# span 0 =    18.1982,    22.0311       
# span 1 =   0.008202,   5.060955       
# span 2 =     -0.107,    222.811       
# span 3 =     303693,     351666       
# span 4 =   2638.017,   6404.006       
# span 5 =     533538,     742851       
# span 6 =     0.0463,    35.4893       
# span 7 =  0.0000e+00,  0.0000e+00     
# interval = seconds: 0.25
# start_time = Dec 10 2016 06:16:51 [Instrument's time stamp, header]
# bad_flag = -9.990e-29
*END*
[from data line 2667]
    20.1240   4.680425     -0.103     326803   6201.606     533542    33.9887  0.0000e+00
    20.1254   4.681133     -0.101     326786   6201.989     533544    33.9933  0.0000e+00
    20.1269   4.680223     -0.100     326766   6201.497     533544    33.9847  0.0000e+00
    20.1288   4.680972     -0.100     326742   6201.902     533545    33.9892  0.0000e+00
    20.1308   4.685529     -0.099     326718   6204.365     533546    34.0247  0.0000e+00
    20.1327   4.689308     -0.099     326694   6206.407     533546    34.0540  0.0000e+00
    20.1346   4.691561     -0.100     326670   6207.624     533545    34.0707  0.0000e+00
    20.1364   4.695424     -0.100     326647   6209.713     533545    34.1007  0.0000e+00
    20.1377   4.697059     -0.101     326631   6210.596     533544    34.1130  0.0000e+00
    20.1387   4.694640     -0.101     326618   6209.289     533544    34.0925  0.0000e+00
    20.1394   4.692611     -0.102     326610   6208.193     533543    34.0754  0.0000e+00
    20.1397   4.688861     -0.102     326607   6206.166     533543    34.0447  0.0000e+00
    20.1398   4.685070     -0.102     326605   6204.117     533543    34.0137  0.0000e+00
    20.1401   4.682571     -0.103     326602   6202.766     533542    33.9932  0.0000e+00
    20.1407   4.680623     -0.103     326594   6201.713     533542    33.9768  0.0000e+00
    20.1415   4.679960     -0.103     326583   6201.355     533542    33.9708  0.0000e+00
    20.1423   4.681936     -0.104     326573   6202.424     533541    33.9862  0.0000e+00
    20.1434   4.683788     -0.104     326560   6203.425     533541    34.0004  0.0000e+00
    20.1445   4.685732     -0.105     326546   6204.476     533540    34.0153  0.0000e+00
    20.1452   4.691752     -0.104     326537   6207.728     533541    34.0637  0.0000e+00
    20.1460   4.696919     -0.103     326528   6210.518     533542    34.1052  0.0000e+00
    20.1472   4.695545     -0.103     326513   6209.775     533542    34.0930  0.0000e+00
    20.1484   4.693599     -0.102     326498   6208.723     533543    34.0762  0.0000e+00
    20.1496   4.691435     -0.100     326483   6207.553     533545    34.0576  0.0000e+00
    20.1509   4.688435     -0.099     326467   6205.934     533546    34.0322  0.0000e+00
    20.1520   4.686677     -0.098     326452   6204.985     533546    34.0170  0.0000e+00
    20.1526   4.691626     -0.097     326445   6207.659     533547    34.0568  0.0000e+00
    20.1529   4.698169     -0.096     326442   6211.193     533548    34.1098  0.0000e+00
    20.1530   4.705283     -0.096     326440   6215.034     533548    34.1676  0.0000e+00
    20.1528   4.710678     -0.096     326442   6217.945     533548    34.2116  0.0000e+00
    20.1523   4.714269     -0.096     326448   6219.882     533548    34.2413  0.0000e+00
    20.1518   4.717208     -0.096     326456   6221.467     533548    34.2657  0.0000e+00
    20.1510   4.719234     -0.097     326465   6222.559     533548    34.2828  0.0000e+00
    20.1502   4.720103     -0.097     326476   6223.028     533548    34.2906  0.0000e+00
    20.1496   4.720347     -0.097     326483   6223.160     533547    34.2931  0.0000e+00
    20.1494   4.720463     -0.098     326485   6223.222     533547    34.2941  0.0000e+00
    20.1497   4.720492     -0.099     326481   6223.238     533546    34.2941  0.0000e+00
    20.1502   4.720641     -0.099     326475   6223.318     533545    34.2949  0.0000e+00
    20.1506   4.720840     -0.100     326469   6223.425     533545    34.2962  0.0000e+00
    20.1512   4.721005     -0.100     326462   6223.514     533545    34.2970  0.0000e+00
    20.1520   4.721177     -0.100     326452   6223.607     533545    34.2978  0.0000e+00
    20.1529   4.721370     -0.100     326441   6223.711     533545    34.2986  0.0000e+00
    20.1538   4.721482     -0.100     326430   6223.771     533545    34.2988  0.0000e+00
    20.1546   4.721448     -0.100     326420   6223.753     533545    34.2979  0.0000e+00
    20.1551   4.721361     -0.099     326414   6223.706     533546    34.2968  0.0000e+00
    20.1551   4.721334     -0.100     326413   6223.691     533545    34.2965  0.0000e+00
    20.1547   4.721324     -0.100     326418   6223.686     533545    34.2968  0.0000e+00
    20.1543   4.721297     -0.100     326424   6223.671     533545    34.2969  0.0000e+00
    20.1540   4.721330     -0.100     326427   6223.689     533545    34.2974  0.0000e+00
    20.1542   4.721368     -0.099     326425   6223.709     533546    34.2975  0.0000e+00
    20.1547   4.721347     -0.100     326419   6223.698     533545    34.2970  0.0000e+00
    20.1555   4.721141     -0.099     326409   6223.587     533545    34.2947  0.0000e+00
    20.1562   4.720808     -0.099     326400   6223.408     533546    34.2914  0.0000e+00
    20.1569   4.720442     -0.099     326391   6223.211     533546    34.2878  0.0000e+00
    20.1579   4.720120     -0.099     326379   6223.037     533546    34.2844  0.0000e+00
    20.1590   4.719642     -0.098     326365   6222.780     533546    34.2796  0.0000e+00
    20.1603   4.719239     -0.099     326349   6222.562     533546    34.2752  0.0000e+00
    20.1619   4.718964     -0.099     326328   6222.414     533545    34.2717  0.0000e+00
    20.1638   4.718793     -0.100     326305   6222.322     533545    34.2688  0.0000e+00
    20.1656   4.718588     -0.101     326283   6222.212     533544    34.2657  0.0000e+00
    20.1672   4.718558     -0.101     326263   6222.195     533544    34.2641  0.0000e+00
    20.1686   4.718696     -0.101     326245   6222.269     533544    34.2641  0.0000e+00
    20.1700   4.718081     -0.102     326228   6221.938     533543    34.2579  0.0000e+00
    20.1716   4.717526     -0.102     326208   6221.639     533543    34.2521  0.0000e+00
    20.1729   4.716713     -0.102     326192   6221.201     533543    34.2445  0.0000e+00
    20.1738   4.716671     -0.102     326180   6221.178     533543    34.2434  0.0000e+00
    20.1745   4.716651     -0.102     326172   6221.167     533543    34.2427  0.0000e+00
    20.1748   4.717497     -0.101     326168   6221.624     533544    34.2493  0.0000e+00
    20.1749   4.718274     -0.101     326166   6222.042     533544    34.2555  0.0000e+00
    20.1752   4.719248     -0.101     326163   6222.567     533544    34.2632  0.0000e+00
    20.1758   4.719327     -0.100     326155   6222.610     533545    34.2634  0.0000e+00
    20.1766   4.719304     -0.100     326146   6222.598     533545    34.2626  0.0000e+00
    20.1773   4.719193     -0.100     326137   6222.538     533545    34.2611  0.0000e+00
    20.1777   4.718903     -0.100     326131   6222.381     533545    34.2583  0.0000e+00
    20.1780   4.718565     -0.100     326128   6222.199     533545    34.2554  0.0000e+00
    20.1779   4.718232     -0.101     326129   6222.019     533544    34.2527  0.0000e+00
    20.1777   4.717858     -0.100     326131   6221.818     533545    34.2498  0.0000e+00
    20.1775   4.717410     -0.099     326134   6221.576     533545    34.2464  0.0000e+00
    20.1771   4.716979     -0.099     326138   6221.344     533545    34.2431  0.0000e+00
    20.1768   4.716663     -0.099     326143   6221.174     533546    34.2409  0.0000e+00
    20.1766   4.716504     -0.098     326144   6221.088     533546    34.2397  0.0000e+00
    20.1769   4.716423     -0.099     326141   6221.045     533546    34.2388  0.0000e+00
    20.1775   4.716374     -0.100     326134   6221.018     533545    34.2380  0.0000e+00
    20.1779   4.716301     -0.100     326129   6220.979     533545    34.2371  0.0000e+00
    20.1780   4.716213     -0.101     326128   6220.931     533544    34.2362  0.0000e+00
    20.1780   4.716129     -0.101     326128   6220.886     533544    34.2356  0.0000e+00
    20.1777   4.716072     -0.100     326132   6220.855     533545    34.2354  0.0000e+00
    20.1773   4.716139     -0.100     326137   6220.891     533545    34.2362  0.0000e+00
    20.1774   4.716278     -0.100     326135   6220.966     533545    34.2372  0.0000e+00
    20.1782   4.716411     -0.100     326125   6221.038     533545    34.2377  0.0000e+00
    20.1793   4.716537     -0.100     326111   6221.106     533545    34.2378  0.0000e+00
    20.1805   4.716533     -0.099     326097   6221.104     533545    34.2368  0.0000e+00
    20.1816   4.716339     -0.099     326084   6220.999     533546    34.2344  0.0000e+00
    20.1821   4.716126     -0.099     326077   6220.885     533546    34.2322  0.0000e+00
    20.1822   4.715892     -0.098     326076   6220.759     533546    34.2303  0.0000e+00
    20.1819   4.715529     -0.098     326079   6220.563     533546    34.2275  0.0000e+00
    20.1815   4.715162     -0.099     326084   6220.365     533545    34.2248  0.0000e+00
    20.1812   4.714819     -0.101     326088   6220.180     533544    34.2223  0.0000e+00
    20.1811   4.714496     -0.101     326088   6220.005     533544    34.2197  0.0000e+00
    20.1815   4.714193     -0.101     326085   6219.842     533544    34.2170  0.0000e+00
    20.1820   4.713880     -0.101     326078   6219.673     533544    34.2140  0.0000e+00
    20.1826   4.713616     -0.101     326070   6219.531     533544    34.2113  0.0000e+00
    20.1834   4.713412     -0.101     326061   6219.421     533544    34.2091  0.0000e+00
    20.1841   4.713312     -0.101     326052   6219.367     533544    34.2077  0.0000e+00
    20.1849   4.713599     -0.101     326041   6219.522     533544    34.2093  0.0000e+00
    20.1861   4.714110     -0.100     326027   6219.798     533545    34.2125  0.0000e+00
    20.1872   4.714645     -0.100     326013   6220.086     533545    34.2160  0.0000e+00
    20.1881   4.715126     -0.100     326001   6220.345     533545    34.2191  0.0000e+00
    20.1889   4.715436     -0.100     325992   6220.513     533545    34.2210  0.0000e+00
    20.1893   4.715452     -0.100     325986   6220.521     533545    34.2208  0.0000e+00
    20.1894   4.715200     -0.100     325986   6220.385     533545    34.2187  0.0000e+00
    20.1895   4.714798     -0.100     325985   6220.169     533545    34.2154  0.0000e+00
    20.1896   4.714345     -0.100     325983   6219.924     533545    34.2116  0.0000e+00
    20.1898   4.713855     -0.100     325981   6219.660     533545    34.2075  0.0000e+00
    20.1898   4.713231     -0.101     325981   6219.324     533544    34.2024  0.0000e+00
    20.1896   4.712742     -0.101     325982   6219.060     533544    34.1985  0.0000e+00
    20.1895   4.712328     -0.101     325984   6218.837     533544    34.1952  0.0000e+00
    20.1892   4.711940     -0.101     325987   6218.628     533544    34.1923  0.0000e+00
    20.1889   4.711628     -0.101     325992   6218.460     533544    34.1901  0.0000e+00
    20.1885   4.711363     -0.102     325996   6218.317     533543    34.1882  0.0000e+00
    20.1882   4.711133     -0.102     326000   6218.192     533543    34.1866  0.0000e+00
    20.1877   4.711023     -0.102     326006   6218.133     533543    34.1861  0.0000e+00
    20.1876   4.711008     -0.102     326008   6218.125     533543    34.1861  0.0000e+00
    20.1880   4.710997     -0.102     326003   6218.119     533543    34.1857  0.0000e+00
    20.1886   4.711066     -0.102     325996   6218.156     533543    34.1858  0.0000e+00
    20.1894   4.711130     -0.101     325985   6218.190     533544    34.1856  0.0000e+00
    20.1904   4.711118     -0.101     325972   6218.184     533544    34.1847  0.0000e+00
    20.1912   4.711039     -0.101     325963   6218.141     533544    34.1834  0.0000e+00
    20.1913   4.710972     -0.101     325961   6218.105     533544    34.1828  0.0000e+00
    20.1912   4.710853     -0.100     325964   6218.041     533545    34.1820  0.0000e+00
    20.1909   4.710700     -0.100     325967   6217.958     533545    34.1809  0.0000e+00
    20.1905   4.710578     -0.100     325971   6217.893     533545    34.1802  0.0000e+00
    20.1901   4.710442     -0.100     325976   6217.819     533545    34.1794  0.0000e+00
    20.1898   4.710260     -0.099     325980   6217.721     533546    34.1782  0.0000e+00
    20.1895   4.709999     -0.100     325985   6217.580     533545    34.1764  0.0000e+00
    20.1890   4.709789     -0.100     325991   6217.467     533545    34.1751  0.0000e+00
    20.1885   4.709612     -0.101     325997   6217.372     533544    34.1740  0.0000e+00
    20.1882   4.709531     -0.101     326000   6217.328     533544    34.1736  0.0000e+00
    20.1885   4.707238     -0.101     325997   6216.091     533544    34.1547  0.0000e+00
    20.1893   4.698133     -0.101     325987   6211.169     533544    34.0801  0.0000e+00
    20.1905   4.688961     -0.101     325972   6206.211     533544    34.0045  0.0000e+00
    20.1920   4.680303     -0.101     325953   6201.531     533544    33.9329  0.0000e+00
    20.1935   4.676105     -0.101     325934   6199.265     533544    33.8976  0.0000e+00
    20.1946   4.669700     -0.100     325921   6195.802     533545    33.8447  0.0000e+00
    20.1950   4.674270     -0.100     325916   6198.274     533545    33.8815  0.0000e+00
    20.1949   4.683485     -0.100     325917   6203.256     533545    33.9564  0.0000e+00
    20.1946   4.692094     -0.099     325920   6207.909     533546    34.0266  0.0000e+00
    20.1941   4.696157     -0.099     325927   6210.102     533546    34.0601  0.0000e+00
    20.1934   4.704645     -0.099     325935   6214.690     533546    34.1296  0.0000e+00
    20.1929   4.709116     -0.099     325942   6217.104     533546    34.1664  0.0000e+00
    20.1925   4.708811     -0.100     325946   6216.940     533545    34.1642  0.0000e+00
    20.1921   4.708607     -0.100     325951   6216.830     533544    34.1628  0.0000e+00
    20.1917   4.708525     -0.101     325956   6216.785     533544    34.1625  0.0000e+00
    20.1914   4.708509     -0.102     325960   6216.777     533543    34.1626  0.0000e+00
    20.1911   4.708453     -0.103     325964   6216.747     533542    34.1624  0.0000e+00
    20.1910   4.708746     -0.103     325966   6216.905     533542    34.1649  0.0000e+00
    20.1912   4.709166     -0.103     325963   6217.131     533542    34.1682  0.0000e+00
    20.1915   4.709580     -0.104     325959   6217.355     533541    34.1713  0.0000e+00
    20.1917   4.710116     -0.104     325957   6217.644     533541    34.1755  0.0000e+00
    20.1917   4.710695     -0.104     325956   6217.956     533541    34.1802  0.0000e+00
    20.1916   4.711166     -0.103     325958   6218.210     533542    34.1842  0.0000e+00
    20.1913   4.711481     -0.102     325962   6218.380     533543    34.1870  0.0000e+00
    20.1913   4.711620     -0.101     325962   6218.455     533544    34.1881  0.0000e+00
    20.1917   4.711470     -0.101     325957   6218.374     533544    34.1865  0.0000e+00
    20.1923   4.711069     -0.100     325949   6218.158     533545    34.1828  0.0000e+00
    20.1929   4.710433     -0.100     325942   6217.815     533545    34.1771  0.0000e+00
    20.1931   4.709770     -0.100     325939   6217.457     533545    34.1715  0.0000e+00
    20.1931   4.709239     -0.100     325940   6217.170     533545    34.1673  0.0000e+00
    20.1928   4.708785     -0.100     325943   6216.926     533545    34.1638  0.0000e+00
    20.1924   4.708452     -0.100     325948   6216.746     533545    34.1614  0.0000e+00
    20.1919   4.708281     -0.101     325955   6216.654     533544    34.1604  0.0000e+00
    20.1913   4.708129     -0.101     325962   6216.572     533544    34.1597  0.0000e+00
    20.1906   4.707953     -0.100     325971   6216.477     533545    34.1588  0.0000e+00
    20.1900   4.707870     -0.101     325978   6216.432     533544    34.1586  0.0000e+00
    20.1897   4.707812     -0.101     325981   6216.401     533544    34.1583  0.0000e+00
    20.1897   4.707767     -0.102     325982   6216.376     533543    34.1580  0.0000e+00
    20.1897   4.707737     -0.102     325981   6216.360     533543    34.1577  0.0000e+00
