tests/resources/test-data/19plus_V2_CTD-processing_example_median_5.cnv
* Sea-Bird SBE19plus Data File:
* FileName = C:\seabirdscientific\documentation\example_data\19plus_V2_01906130_Profiling.hex
* Software Version 1.59
* Temperature SN =  6130
* Conductivity SN =  6130
* System UpLoad Time = Dec 12 2016 13:25:15
* ds
* SBE 19plus V 2.5.2  SERIAL NO. 6130    12 Dec 2016 09:24:17
# nquan = 8
# nvalues = 3069                        
# units = specified
# name 0 = tv290C: Temperature [ITS-90, deg C]
# name 1 = c0S/m: Conductivity [S/m]
# name 2 = prdM: Pressure, Strain Gauge [db]
# name 3 = f0: Frequency 0
# name 4 = f1: Frequency 1
# name 5 = f2: Frequency 2
# name 6 = sal00: Salinity, Practical [PSU]
# name 7 = flag:  0.000e+00
# span 0 =    18.1982,    22.0324       
# span 1 =   0.008200,   5.061988       
# span 2 =     -0.107,    222.838       
# span 3 =     303678,     351666       
# span 4 =   2638.016,   6404.547       
# span 5 =     533538,     742876       
# span 6 =     0.0463,    35.4938       
# span 7 =  0.0000e+00,  0.0000e+00     
# interval = seconds: 0.25
# start_time = Dec 10 2016 06:16:51 [Instrument's time stamp, header]
# bad_flag = -9.990e-29
*END*
[from data line 889]
    21.8569   4.970966     77.268     305743   6356.734     606230    34.8905  0.0000e+00
    21.8579   4.970188     77.524     305732   6356.324     606470    34.8835  0.0000e+00
    21.8585   4.969203     77.795     305725   6355.805     606725    34.8752  0.0000e+00
    21.8591   4.968411     78.080     305717   6355.387     606993    34.8683  0.0000e+00
    21.8596   4.967225     78.361     305712   6354.762     607256    34.8585  0.0000e+00
    21.8598   4.966011     78.620     305709   6354.121     607500    34.8486  0.0000e+00
    21.8601   4.965093     78.859     305706   6353.637     607724    34.8411  0.0000e+00
    21.8603   4.963952     79.064     305703   6353.035     607917    34.8318  0.0000e+00
    21.8605   4.962879     79.259     305701   6352.469     608100    34.8230  0.0000e+00
    21.8605   4.961694     79.427     305701   6351.844     608258    34.8138  0.0000e+00
    21.8605   4.960347     79.575     305701   6351.133     608397    34.8030  0.0000e+00
    21.8603   4.959377     79.726     305703   6350.621     608538    34.7956  0.0000e+00
    21.8602   4.958600     79.877     305705   6350.211     608680    34.7895  0.0000e+00
    21.8599   4.957586     80.043     305708   6349.676     608836    34.7817  0.0000e+00
    21.8597   4.956824     80.224     305710   6349.273     609006    34.7757  0.0000e+00
    21.8595   4.956232     80.421     305713   6348.961     609191    34.7712  0.0000e+00
    21.8590   4.955789     80.636     305719   6348.727     609393    34.7681  0.0000e+00
    21.8586   4.955781     80.865     305723   6348.723     609608    34.7681  0.0000e+00
    21.8586   4.955781     81.103     305723   6348.723     609832    34.7681  0.0000e+00
    21.8583   4.955781     81.346     305727   6348.723     610060    34.7683  0.0000e+00
    21.8583   4.956374     81.592     305727   6349.035     610291    34.7730  0.0000e+00
    21.8582   4.957084     81.835     305728   6349.410     610519    34.7784  0.0000e+00
    21.8580   4.957898     82.057     305730   6349.840     610728    34.7850  0.0000e+00
    21.8579   4.959164     82.267     305732   6350.508     610925    34.7950  0.0000e+00
    21.8579   4.960400     82.471     305732   6351.160     611117    34.8047  0.0000e+00
    21.8579   4.961526     82.654     305732   6351.754     611288    34.8135  0.0000e+00
    21.8579   4.962858     82.835     305732   6352.457     611458    34.8239  0.0000e+00
    21.8580   4.964236     83.018     305730   6353.184     611630    34.8346  0.0000e+00
    21.8584   4.965421     83.194     305726   6353.809     611796    34.8436  0.0000e+00
    21.8587   4.966517     83.372     305722   6354.387     611963    34.8519  0.0000e+00
    21.8589   4.967539     83.552     305720   6354.926     612132    34.8597  0.0000e+00
    21.8591   4.968554     83.737     305717   6355.461     612306    34.8675  0.0000e+00
    21.8596   4.969287     83.945     305712   6355.848     612501    34.8728  0.0000e+00
    21.8600   4.969851     84.154     305707   6356.145     612697    34.8769  0.0000e+00
    21.8605   4.970443     84.374     305701   6356.457     612904    34.8811  0.0000e+00
    21.8607   4.970955     84.599     305699   6356.727     613115    34.8849  0.0000e+00
    21.8613   4.971318     84.825     305691   6356.918     613327    34.8871  0.0000e+00
    21.8619   4.971548     85.062     305684   6357.039     613550    34.8876  0.0000e+00
    21.8624   4.971577     85.298     305678   6357.055     613772    34.8876  0.0000e+00
    21.8629   4.971577     85.530     305672   6357.055     613989    34.8876  0.0000e+00
    21.8635   4.971577     85.754     305666   6357.055     614200    34.8871  0.0000e+00
    21.8640   4.971378     85.980     305660   6356.949     614412    34.8851  0.0000e+00
    21.8644   4.970955     86.190     305655   6356.727     614609    34.8813  0.0000e+00
    21.8646   4.970585     86.390     305652   6356.531     614797    34.8781  0.0000e+00
    21.8652   4.970052     86.567     305646   6356.250     614963    34.8735  0.0000e+00
    21.8654   4.969511     86.736     305643   6355.965     615122    34.8689  0.0000e+00
    21.8656   4.968896     86.900     305641   6355.641     615276    34.8639  0.0000e+00
    21.8660   4.968304     87.066     305636   6355.328     615432    34.8588  0.0000e+00
    21.8660   4.967593     87.219     305636   6354.953     615576    34.8532  0.0000e+00
    21.8663   4.966689     87.373     305633   6354.477     615720    34.8458  0.0000e+00
    21.8665   4.965956     87.526     305630   6354.090     615864    34.8398  0.0000e+00
    21.8666   4.965171     87.680     305629   6353.676     616009    34.8335  0.0000e+00
    21.8667   4.964519     87.832     305628   6353.332     616151    34.8282  0.0000e+00
    21.8668   4.963897     87.987     305627   6353.004     616297    34.8231  0.0000e+00
    21.8668   4.963364     88.144     305627   6352.723     616444    34.8189  0.0000e+00
    21.8668   4.962942     88.287     305627   6352.500     616579    34.8156  0.0000e+00
    21.8668   4.962602     88.422     305627   6352.320     616705    34.8128  0.0000e+00
    21.8664   4.962350     88.568     305631   6352.188     616843    34.8111  0.0000e+00
    21.8663   4.962350     88.716     305632   6352.188     616982    34.8111  0.0000e+00
    21.8660   4.962350     88.877     305636   6352.188     617133    34.8111  0.0000e+00
    21.8657   4.962417     89.065     305640   6352.223     617309    34.8120  0.0000e+00
    21.8654   4.962632     89.269     305643   6352.336     617501    34.8139  0.0000e+00
    21.8651   4.962995     89.490     305647   6352.527     617708    34.8169  0.0000e+00
    21.8647   4.963365     89.748     305651   6352.723     617951    34.8200  0.0000e+00
    21.8646   4.963958     90.038     305653   6353.035     618223    34.8247  0.0000e+00
    21.8641   4.964491     90.362     305658   6353.316     618527    34.8292  0.0000e+00
    21.8640   4.965098     90.700     305660   6353.637     618845    34.8340  0.0000e+00
    21.8637   4.965646     91.027     305663   6353.926     619152    34.8384  0.0000e+00
    21.8636   4.966158     91.335     305664   6354.195     619441    34.8424  0.0000e+00
    21.8633   4.966780     91.620     305668   6354.523     619709    34.8475  0.0000e+00
    21.8631   4.967284     91.875     305670   6354.789     619948    34.8515  0.0000e+00
    21.8629   4.967928     92.108     305673   6355.129     620167    34.8567  0.0000e+00
    21.8628   4.968358     92.294     305674   6355.355     620342    34.8601  0.0000e+00
    21.8624   4.968669     92.444     305678   6355.520     620483    34.8628  0.0000e+00
    21.8619   4.968980     92.559     305684   6355.684     620591    34.8656  0.0000e+00
    21.8615   4.969232     92.641     305689   6355.816     620668    34.8679  0.0000e+00
    21.8612   4.969603     92.710     305693   6356.012     620732    34.8711  0.0000e+00
    21.8608   4.969818     92.773     305697   6356.125     620792    34.8730  0.0000e+00
    21.8607   4.969914     92.851     305699   6356.176     620865    34.8739  0.0000e+00
    21.8606   4.969914     92.950     305700   6356.176     620958    34.8741  0.0000e+00
    21.8600   4.969914     93.080     305707   6356.176     621080    34.8741  0.0000e+00
    21.8596   4.969885     93.248     305711   6356.160     621238    34.8741  0.0000e+00
    21.8593   4.969744     93.453     305715   6356.086     621430    34.8734  0.0000e+00
    21.8593   4.969470     93.681     305715   6355.941     621644    34.8712  0.0000e+00
    21.8592   4.969374     93.936     305716   6355.891     621884    34.8704  0.0000e+00
    21.8588   4.969211     94.197     305721   6355.805     622129    34.8694  0.0000e+00
    21.8587   4.968900     94.455     305722   6355.641     622371    34.8669  0.0000e+00
    21.8580   4.968611     94.699     305730   6355.488     622600    34.8651  0.0000e+00
    21.8578   4.968344     94.931     305733   6355.348     622818    34.8631  0.0000e+00
    21.8574   4.968019     95.148     305737   6355.176     623022    34.8607  0.0000e+00
    21.8572   4.967656     95.344     305740   6354.984     623206    34.8580  0.0000e+00
    21.8565   4.967315     95.527     305748   6354.805     623378    34.8558  0.0000e+00
    21.8557   4.966782     95.694     305757   6354.523     623535    34.8522  0.0000e+00
    21.8549   4.966382     95.847     305767   6354.313     623678    34.8497  0.0000e+00
    21.8544   4.965901     96.000     305773   6354.059     623822    34.8462  0.0000e+00
    21.8538   4.965486     96.161     305780   6353.840     623973    34.8434  0.0000e+00
    21.8529   4.965057     96.325     305791   6353.613     624127    34.8407  0.0000e+00
    21.8524   4.964664     96.502     305796   6353.406     624293    34.8379  0.0000e+00
    21.8517   4.964442     96.687     305805   6353.289     624467    34.8367  0.0000e+00
    21.8512   4.964183     96.874     305811   6353.152     624643    34.8350  0.0000e+00
    21.8507   4.964043     97.069     305816   6353.078     624826    34.8342  0.0000e+00
    21.8502   4.963932     97.268     305823   6353.020     625013    34.8342  0.0000e+00
    21.8495   4.963932     97.480     305831   6353.020     625212    34.8342  0.0000e+00
    21.8487   4.963932     97.696     305840   6353.020     625415    34.8345  0.0000e+00
    21.8475   4.964132     97.892     305854   6353.125     625599    34.8372  0.0000e+00
    21.8467   4.964280     98.077     305864   6353.203     625772    34.8390  0.0000e+00
    21.8461   4.964665     98.248     305871   6353.406     625933    34.8424  0.0000e+00
    21.8448   4.965006     98.399     305886   6353.586     626075    34.8461  0.0000e+00
    21.8440   4.965258     98.549     305896   6353.719     626216    34.8487  0.0000e+00
    21.8428   4.965599     98.688     305910   6353.898     626346    34.8523  0.0000e+00
    21.8419   4.965932     98.824     305921   6354.074     626474    34.8556  0.0000e+00
    21.8410   4.966110     98.958     305931   6354.168     626600    34.8577  0.0000e+00
    21.8401   4.966414     99.108     305942   6354.328     626741    34.8608  0.0000e+00
    21.8395   4.966643     99.280     305949   6354.449     626902    34.8630  0.0000e+00
    21.8386   4.966673     99.479     305959   6354.465     627089    34.8638  0.0000e+00
    21.8378   4.966866     99.698     305969   6354.566     627295    34.8660  0.0000e+00
    21.8369   4.966932     99.937     305979   6354.602     627519    34.8671  0.0000e+00
    21.8364   4.967125    100.188     305985   6354.703     627755    34.8689  0.0000e+00
    21.8361   4.967177    100.457     305989   6354.730     628007    34.8702  0.0000e+00
    21.8354   4.967178    100.727     305997   6354.730     628261    34.8702  0.0000e+00
    21.8348   4.967178    100.990     306004   6354.730     628508    34.8704  0.0000e+00
    21.8338   4.967177    101.261     306016   6354.730     628762    34.8711  0.0000e+00
    21.8331   4.967170    101.506     306025   6354.727     628992    34.8711  0.0000e+00
    21.8320   4.967007    101.729     306038   6354.641     629202    34.8711  0.0000e+00
    21.8309   4.966896    101.929     306050   6354.582     629390    34.8710  0.0000e+00
    21.8298   4.966756    102.098     306064   6354.508     629548    34.8708  0.0000e+00
    21.8287   4.966586    102.250     306077   6354.418     629691    34.8703  0.0000e+00
    21.8276   4.966341    102.387     306089   6354.289     629820    34.8691  0.0000e+00
    21.8265   4.965964    102.527     306103   6354.090     629951    34.8670  0.0000e+00
    21.8247   4.965630    102.666     306124   6353.914     630082    34.8658  0.0000e+00
    21.8234   4.965371    102.807     306139   6353.777     630214    34.8647  0.0000e+00
    21.8228   4.965090    102.951     306146   6353.629     630349    34.8629  0.0000e+00
    21.8221   4.964668    103.102     306155   6353.406     630491    34.8602  0.0000e+00
    21.8213   4.964372    103.262     306164   6353.250     630641    34.8584  0.0000e+00
    21.8208   4.964105    103.433     306170   6353.109     630802    34.8567  0.0000e+00
    21.8204   4.963824    103.618     306174   6352.961     630976    34.8546  0.0000e+00
    21.8201   4.963595    103.807     306178   6352.840     631153    34.8530  0.0000e+00
    21.8193   4.963343    103.997     306187   6352.707     631332    34.8516  0.0000e+00
    21.8181   4.963069    104.194     306202   6352.563     631517    34.8504  0.0000e+00
    21.8165   4.962810    104.386     306221   6352.426     631697    34.8504  0.0000e+00
    21.8144   4.962699    104.582     306245   6352.367     631881    34.8504  0.0000e+00
    21.8127   4.962670    104.773     306266   6352.352     632060    34.8505  0.0000e+00
    21.8111   4.962663    104.958     306284   6352.348     632234    34.8528  0.0000e+00
    21.8101   4.962663    105.138     306296   6352.348     632403    34.8534  0.0000e+00
    21.8089   4.962663    105.314     306311   6352.348     632568    34.8543  0.0000e+00
    21.8077   4.962640    105.497     306325   6352.336     632740    34.8550  0.0000e+00
    21.8061   4.962640    105.684     306344   6352.336     632916    34.8555  0.0000e+00
    21.8047   4.962611    105.871     306360   6352.320     633091    34.8570  0.0000e+00
    21.8034   4.962574    106.053     306375   6352.301     633262    34.8583  0.0000e+00
    21.8023   4.962574    106.225     306389   6352.301     633424    34.8584  0.0000e+00
    21.8010   4.962574    106.386     306404   6352.301     633575    34.8586  0.0000e+00
    21.7990   4.962574    106.548     306427   6352.301     633727    34.8607  0.0000e+00
    21.7978   4.962723    106.691     306442   6352.379     633861    34.8632  0.0000e+00
    21.7978   4.962952    106.829     306442   6352.500     633991    34.8650  0.0000e+00
    21.7976   4.962952    106.954     306444   6352.500     634108    34.8650  0.0000e+00
    21.7974   4.962952    107.068     306447   6352.500     634215    34.8655  0.0000e+00
    21.7962   4.962782    107.175     306461   6352.410     634316    34.8655  0.0000e+00
    21.7936   4.962782    107.287     306491   6352.410     634421    34.8655  0.0000e+00
    21.7913   4.962782    107.412     306519   6352.410     634538    34.8687  0.0000e+00
    21.7906   4.962812    107.559     306527   6352.426     634676    34.8700  0.0000e+00
    21.7903   4.962812    107.734     306531   6352.426     634841    34.8700  0.0000e+00
    21.7897   4.962812    107.935     306537   6352.426     635029    34.8716  0.0000e+00
    21.7876   4.962701    108.159     306562   6352.367     635240    34.8716  0.0000e+00
    21.7855   4.962502    108.425     306587   6352.262     635490    34.8716  0.0000e+00
    21.7843   4.962501    108.719     306601   6352.262     635766    34.8719  0.0000e+00
    21.7828   4.962398    109.027     306619   6352.207     636055    34.8719  0.0000e+00
    21.7813   4.962272    109.352     306637   6352.141     636360    34.8716  0.0000e+00
    21.7804   4.962110    109.682     306647   6352.055     636670    34.8713  0.0000e+00
    21.7794   4.961910    109.986     306659   6351.949     636955    34.8705  0.0000e+00
    21.7783   4.961681    110.273     306673   6351.828     637225    34.8695  0.0000e+00
    21.7768   4.961399    110.544     306690   6351.680     637479    34.8684  0.0000e+00
    21.7754   4.961148    110.771     306707   6351.547     637692    34.8675  0.0000e+00
    21.7738   4.960978    110.965     306726   6351.457     637875    34.8674  0.0000e+00
    21.7726   4.960726    111.121     306740   6351.324     638021    34.8663  0.0000e+00
    21.7714   4.960386    111.258     306754   6351.145     638150    34.8645  0.0000e+00
    21.7696   4.959912    111.372     306775   6350.895     638257    34.8622  0.0000e+00
    21.7678   4.959720    111.479     306797   6350.793     638357    34.8621  0.0000e+00
