tests/resources/test-data/19plus_V2_CTD-processing_example_median_5.cnv
* Sea-Bird SBE19plus Data File:
* FileName = C:\seabirdscientific\documentation\example_data\19plus_V2_01906130_Profiling.hex
* Software Version 1.59
* Temperature SN =  6130
* Conductivity SN =  6130
* System UpLoad Time = Dec 12 2016 13:25:15
* ds
* SBE 19plus V 2.5.2  SERIAL NO. 6130    12 Dec 2016 09:24:17
# nquan = 8
# nvalues = 3069                        
# units = specified
# name 0 = tv290C: Temperature [ITS-90, deg C]
# name 1 = c0S/m: Conductivity [S/m]
# name 2 = prdM: Pressure, Strain Gauge [db]
# name 3 = f0: Frequency 0
# name 4 = f1: Frequency 1
# name 5 = f2: Frequency 2
# name 6 = sal00: Salinity, Practical [PSU]
# name 7 = flag:  0.000e+00
# span 0 =    18.1982,    22.0324       
# span 1 =   0.008200,   5.061988       
# span 2 =     -0.107,    222.838       
# span 3 =     303678,     351666       
# span 4 =   2638.016,   6404.547       
# span 5 =     533538,     742876       
# span 6 =     0.0463,    35.4938       
# span 7 =  0.0000e+00,  0.0000e+00     
# interval = seconds: 0.25
# start_time = Dec 10 2016 06:16:51 [Instrument's time stamp, header]
# bad_flag = -9.990e-29
*END*
[from data line 178]
    21.0905   0.578142      1.779     314907   3288.102     535310     3.4130  0.0000e+00
    21.0981   0.510610      1.779     314815   3217.934     535310     2.9889  0.0000e+00
    21.1025   0.510610      1.818     314762   3217.934     535346     2.9889  0.0000e+00
    21.1025   0.501546      1.868     314762   3208.398     535393     2.9323  0.0000e+00
    21.1025   0.478898      1.931     314762   3184.449     535452     2.7913  0.0000e+00
    21.0999   0.478898      1.992     314793   3184.449     535510     2.7913  0.0000e+00
    21.0956   0.465253      2.044     314846   3169.934     535559     2.7072  0.0000e+00
    21.0899   0.420180      2.110     314915   3121.504     535621     2.4295  0.0000e+00
    21.0853   0.391343      2.180     314970   3090.121     535686     2.2530  0.0000e+00
    21.0807   0.379039      2.248     315026   3076.633     535750     2.1781  0.0000e+00
    21.0756   0.374097      2.322     315088   3071.199     535820     2.1483  0.0000e+00
    21.0688   0.340623      2.322     315170   3034.137     535820     1.9453  0.0000e+00
    21.0616   0.320246      2.322     315257   3011.352     535820     1.8230  0.0000e+00
    21.0562   0.320246      2.315     315323   3011.352     535813     1.8230  0.0000e+00
    21.0517   0.320246      2.214     315378   3011.352     535718     1.8230  0.0000e+00
    21.0479   0.482882      2.103     315423   3188.676     535614     2.8196  0.0000e+00
    21.0479   0.659296      1.989     315423   3370.492     535507     3.9313  0.0000e+00
    21.0479   0.699255      1.841     315423   3410.328     535368     4.1868  0.0000e+00
    21.0506   0.707941      1.625     315391   3418.926     535165     4.2411  0.0000e+00
    21.0559   0.707941      1.560     315326   3418.926     535104     4.2411  0.0000e+00
    21.0611   0.711182      1.560     315264   3422.129     535104     4.2608  0.0000e+00
    21.0672   0.707941      1.560     315190   3418.926     535104     4.2411  0.0000e+00
    21.0723   0.687298      1.754     315128   3398.457     535286     4.1075  0.0000e+00
    21.0751   0.641166      1.938     315094   3352.262     535459     3.8140  0.0000e+00
    21.0768   0.622175      2.074     315073   3333.059     535587     3.6925  0.0000e+00
    21.0787   0.622175      2.180     315050   3333.059     535686     3.6925  0.0000e+00
    21.0803   0.622175      2.255     315031   3333.059     535757     3.6925  0.0000e+00
    21.0803   0.617760      2.255     315031   3328.578     535757     3.6642  0.0000e+00
    21.0806   0.617760      2.255     315027   3328.578     535757     3.6642  0.0000e+00
    21.0811   0.617760      2.210     315021   3328.578     535715     3.6642  0.0000e+00
    21.0811   0.617760      2.132     315021   3328.578     535641     3.6642  0.0000e+00
    21.0806   0.617760      2.039     315027   3328.578     535554     3.6642  0.0000e+00
    21.0806   0.741798      1.957     315027   3452.234     535477     4.4567  0.0000e+00
    21.0811   0.831462      1.957     315021   3538.930     535477     5.0370  0.0000e+00
    21.0811   0.958956      1.957     315021   3658.660     535477     5.8717  0.0000e+00
    21.0811   1.117616      1.987     315021   3802.383     535505     6.9243  0.0000e+00
    21.0842   1.152974      2.000     314984   3833.676     535517     7.1584  0.0000e+00
    21.0895   1.152974      2.034     314919   3833.676     535549     7.1584  0.0000e+00
    21.0965   1.152974      2.042     314834   3833.676     535557     7.1584  0.0000e+00
    21.1034   1.152974      2.066     314751   3833.676     535579     7.1584  0.0000e+00
    21.1086   1.152974      2.066     314688   3833.676     535579     7.1584  0.0000e+00
    21.1115   1.294381      2.066     314653   3956.340     535579     8.1084  0.0000e+00
    21.1132   1.585303      2.042     314633   4197.387     535557    10.0991  0.0000e+00
    21.1156   1.616344      2.015     314603   4222.289     535531    10.3133  0.0000e+00
    21.1195   1.884765      2.015     314556   4431.746     535531    12.1867  0.0000e+00
    21.1233   1.907821      2.015     314510   4449.273     535531    12.3481  0.0000e+00
    21.1269   1.960932      2.039     314467   4489.387     535554    12.7219  0.0000e+00
    21.1298   2.245194      2.096     314432   4698.203     535607    14.7456  0.0000e+00
    21.1298   2.284966      2.169     314432   4726.676     535676    15.0316  0.0000e+00
    21.1298   2.289061      2.235     314432   4729.598     535738    15.0606  0.0000e+00
    21.1276   2.543502      2.282     314458   4907.684     535782    16.9054  0.0000e+00
    21.1230   2.551626      2.282     314514   4913.262     535782    16.9677  0.0000e+00
    21.1180   2.584746      2.282     314574   4935.938     535782    17.2043  0.0000e+00
    21.1150   2.592603      2.270     314611   4941.301     535771    17.2655  0.0000e+00
    21.1122   2.592603      2.221     314645   4941.301     535725    17.2655  0.0000e+00
    21.1093   2.583889      2.155     314679   4935.352     535663    17.2078  0.0000e+00
    21.1063   2.598766      2.086     314716   4945.504     535598    17.3179  0.0000e+00
    21.1032   2.591881      2.027     314754   4940.809     535543    17.2690  0.0000e+00
    21.0998   2.583889      1.989     314795   4935.352     535507    17.2078  0.0000e+00
    21.0961   2.583889      1.989     314840   4935.352     535507    17.2078  0.0000e+00
    21.0915   2.577162      1.989     314895   4930.754     535507    17.1633  0.0000e+00
    21.0860   2.554103      2.023     314962   4914.961     535539    16.9972  0.0000e+00
    21.0795   2.530653      2.087     315041   4898.848     535599    16.8338  0.0000e+00
    21.0724   2.530653      2.131     315126   4898.848     535640    16.8338  0.0000e+00
    21.0666   2.530653      2.136     315197   4898.848     535645    16.8338  0.0000e+00
    21.0613   2.550926      2.136     315261   4912.781     535645    16.9855  0.0000e+00
    21.0568   2.563157      2.136     315315   4921.168     535645    17.0730  0.0000e+00
    21.0531   2.569922      2.077     315361   4925.801     535590    17.1283  0.0000e+00
    21.0495   2.587327      1.990     315404   4937.699     535508    17.2529  0.0000e+00
    21.0468   2.587327      1.875     315437   4937.699     535400    17.2529  0.0000e+00
    21.0435   2.569922      1.735     315477   4925.801     535268    17.1283  0.0000e+00
    21.0409   2.562809      1.584     315508   4920.930     535126    17.0803  0.0000e+00
    21.0388   2.562684      1.453     315534   4920.844     535003    17.0778  0.0000e+00
    21.0369   2.548639      1.453     315557   4911.211     535003    16.9761  0.0000e+00
    21.0352   2.536922      1.453     315577   4903.160     535003    16.8919  0.0000e+00
    21.0333   2.528010      1.601     315601   4897.027     535142    16.8298  0.0000e+00
    21.0305   2.528010      1.787     315635   4897.027     535317    16.8298  0.0000e+00
    21.0275   2.513535      2.015     315671   4887.051     535531    16.7221  0.0000e+00
    21.0233   2.510502      2.230     315722   4884.957     535733    16.7050  0.0000e+00
    21.0199   2.510502      2.375     315763   4884.957     535870    16.7050  0.0000e+00
    21.0177   2.510502      2.472     315790   4884.957     535961    16.7050  0.0000e+00
    21.0159   2.510502      2.501     315812   4884.957     535988    16.7050  0.0000e+00
    21.0137   2.600268      2.501     315839   4946.527     535988    17.3647  0.0000e+00
    21.0114   2.652619      2.501     315866   4982.078     535988    17.7472  0.0000e+00
    21.0114   2.674694      2.415     315866   4996.992     535907    17.9103  0.0000e+00
    21.0114   2.704879      2.280     315866   5017.313     535780    18.1306  0.0000e+00
    21.0127   2.689707      2.123     315851   5007.109     535633    18.0172  0.0000e+00
    21.0155   2.689707      1.978     315817   5007.109     535497    18.0172  0.0000e+00
    21.0198   2.703396      1.924     315764   5016.316     535446    18.1132  0.0000e+00
    21.0251   2.689707      1.924     315700   5007.109     535446    18.0172  0.0000e+00
    21.0309   2.687752      1.924     315630   5005.793     535446    18.0006  0.0000e+00
    21.0345   2.686458      1.985     315586   5004.922     535503    17.9872  0.0000e+00
    21.0352   2.657620      2.059     315578   4985.461     535573    17.7751  0.0000e+00
    21.0352   2.657620      2.148     315578   4985.461     535656    17.7751  0.0000e+00
    21.0352   2.657620      2.233     315578   4985.461     535736    17.7751  0.0000e+00
    21.0351   2.670931      2.305     315579   4994.453     535804    17.8729  0.0000e+00
    21.0349   2.674028      2.368     315581   4996.543     535863    17.8956  0.0000e+00
    21.0349   2.678696      2.409     315581   4999.691     535902    17.9301  0.0000e+00
    21.0351   2.715690      2.446     315579   5024.570     535936    18.2019  0.0000e+00
    21.0351   2.748348      2.446     315579   5046.430     535936    18.4423  0.0000e+00
    21.0358   2.777650      2.446     315570   5065.961     535936    18.6581  0.0000e+00
    21.0368   2.795610      2.431     315558   5077.895     535922    18.7902  0.0000e+00
    21.0385   2.848574      2.347     315538   5112.922     535843    19.1811  0.0000e+00
    21.0385   3.052469      2.233     315538   5245.547     535736    20.6963  0.0000e+00
    21.0385   3.389832      2.090     315538   5457.785     535602    23.2341  0.0000e+00
    21.0376   3.389832      1.928     315548   5457.785     535450    23.2341  0.0000e+00
    21.0325   3.389832      1.743     315610   5457.785     535276    23.2341  0.0000e+00
    21.0263   3.402549      1.576     315686   5465.621     535119    23.3456  0.0000e+00
    21.0193   3.292774      1.463     315770   5397.598     535013    22.5077  0.0000e+00
    21.0126   3.274967      1.463     315852   5386.480     535013    22.3770  0.0000e+00
    21.0078   3.150984      1.463     315910   5308.418     535013    21.4500  0.0000e+00
    21.0045   2.792662      1.467     315950   5075.938     535016    18.7827  0.0000e+00
    21.0045   2.624777      1.566     315950   4963.203     535109    17.5473  0.0000e+00
    21.0045   2.624777      1.671     315950   4963.203     535208    17.5473  0.0000e+00
    21.0053   2.624777      1.789     315940   4963.203     535319    17.5473  0.0000e+00
    21.0070   2.633253      1.915     315920   4968.957     535437    17.6079  0.0000e+00
    21.0089   2.861144      2.034     315897   5121.199     535549    19.2875  0.0000e+00
    21.0089   3.752325      2.123     315897   5676.816     535633    26.0192  0.0000e+00
    21.0089   3.838432      2.188     315897   5727.586     535694    26.6821  0.0000e+00
    21.0088   3.838432      2.226     315898   5727.586     535730    26.6821  0.0000e+00
    21.0088   3.752325      2.255     315898   5676.816     535757    26.0192  0.0000e+00
    21.0086   3.752325      2.270     315901   5676.816     535771    26.0192  0.0000e+00
    21.0078   3.871247      2.271     315910   5746.813     535772    26.9360  0.0000e+00
    21.0078   3.936218      2.273     315910   5784.688     535774    27.4393  0.0000e+00
    21.0078   3.946497      2.274     315910   5790.656     535775    27.5196  0.0000e+00
    21.0079   4.196867      2.281     315909   5934.141     535781    29.4671  0.0000e+00
    21.0090   4.228838      2.291     315895   5952.207     535791    29.7197  0.0000e+00
    21.0104   4.388913      2.299     315879   6041.828     535798    30.9727  0.0000e+00
    21.0121   4.421417      2.299     315858   6059.859     535798    31.2272  0.0000e+00
    21.0137   4.388913      2.299     315838   6041.828     535798    30.9727  0.0000e+00
    21.0161   4.409280      2.289     315809   6053.133     535789    31.1278  0.0000e+00
    21.0185   4.409280      2.253     315780   6053.133     535755    31.1278  0.0000e+00
    21.0213   4.421417      2.206     315746   6059.859     535711    31.2272  0.0000e+00
    21.0240   4.666581      2.157     315714   6194.121     535665    33.1642  0.0000e+00
    21.0240   4.692746      2.096     315714   6208.273     535607    33.3717  0.0000e+00
    21.0240   4.693043      2.030     315714   6208.434     535545    33.3743  0.0000e+00
    21.0234   4.703699      1.989     315721   6214.188     535507    33.4633  0.0000e+00
    21.0213   4.703699      1.985     315746   6214.188     535503    33.4633  0.0000e+00
    21.0196   4.705110      1.985     315767   6214.949     535503    33.4716  0.0000e+00
    21.0188   4.710461      1.985     315777   6217.836     535503    33.5159  0.0000e+00
    21.0184   4.711388      2.008     315782   6218.336     535525    33.5262  0.0000e+00
    21.0179   4.711460      2.049     315788   6218.375     535563    33.5267  0.0000e+00
    21.0169   4.711511      2.105     315800   6218.402     535616    33.5270  0.0000e+00
    21.0163   4.711902      2.165     315807   6218.613     535672    33.5313  0.0000e+00
    21.0153   4.712511      2.207     315819   6218.941     535712    33.5369  0.0000e+00
    21.0145   4.712590      2.235     315829   6218.984     535738    33.5382  0.0000e+00
    21.0132   4.712590      2.235     315844   6218.984     535738    33.5396  0.0000e+00
    21.0114   4.712590      2.235     315866   6218.984     535738    33.5408  0.0000e+00
    21.0094   4.712561      2.224     315891   6218.969     535728    33.5419  0.0000e+00
    21.0080   4.712525      2.190     315908   6218.949     535696    33.5419  0.0000e+00
    21.0067   4.712366      2.124     315923   6218.863     535634    33.5419  0.0000e+00
    21.0067   4.711924      2.037     315923   6218.625     535552    33.5397  0.0000e+00
    21.0067   4.711482      1.938     315923   6218.387     535459    33.5362  0.0000e+00
    21.0067   4.711149      1.832     315923   6218.207     535359    33.5329  0.0000e+00
    21.0074   4.710852      1.720     315915   6218.047     535254    33.5296  0.0000e+00
    21.0074   4.710852      1.611     315915   6218.047     535152    33.5296  0.0000e+00
    21.0074   4.710852      1.513     315915   6218.047     535060    33.5296  0.0000e+00
    21.0053   4.711018      1.483     315940   6218.137     535031    33.5331  0.0000e+00
    21.0026   4.711265      1.483     315973   6218.270     535031    33.5372  0.0000e+00
    21.0000   4.711402      1.483     316005   6218.344     535031    33.5403  0.0000e+00
    20.9974   4.712156      1.628     316036   6218.750     535168    33.5483  0.0000e+00
    20.9951   4.713641      1.782     316065   6219.551     535312    33.5620  0.0000e+00
    20.9941   4.714329      2.072     316076   6219.922     535585    33.5683  0.0000e+00
    20.9941   4.714720      2.283     316076   6220.133     535783    33.5714  0.0000e+00
    20.9941   4.715054      2.474     316076   6220.313     535963    33.5737  0.0000e+00
    20.9946   4.715162      2.616     316070   6220.371     536096    33.5737  0.0000e+00
    20.9952   4.715162      2.721     316063   6220.371     536195    33.5737  0.0000e+00
    20.9965   4.715162      2.757     316047   6220.371     536229    33.5737  0.0000e+00
    20.9974   4.715199      2.757     316036   6220.391     536229    33.5709  0.0000e+00
    20.9988   4.715054      2.757     316020   6220.313     536229    33.5700  0.0000e+00
    20.9990   4.714887      2.691     316017   6220.223     536167    33.5697  0.0000e+00
    20.9990   4.714829      2.623     316017   6220.191     536103    33.5681  0.0000e+00
    20.9991   4.714221      2.554     316016   6219.863     536038    33.5632  0.0000e+00
    20.9993   4.713554      2.476     316013   6219.504     535965    33.5577  0.0000e+00
    20.9998   4.712895      2.363     316007   6219.148     535858    33.5521  0.0000e+00
    20.9998   4.712120      2.230     316007   6218.730     535733    33.5459  0.0000e+00
    21.0014   4.711439      2.097     315988   6218.363     535608    33.5393  0.0000e+00
