tests/resources/test-data/19plus_V2_CTD-processing_example_boxcar_5_excluded.cnv
* Sea-Bird SBE19plus Data File:
* FileName = C:\seabirdscientific\documentation\example_data\19plus_V2_01906130_Profiling.hex
* Software Version 1.59
* Temperature SN =  6130
* Conductivity SN =  6130
* System UpLoad Time = Dec 12 2016 13:25:15
* ds
* SBE 19plus V 2.5.2  SERIAL NO. 6130    12 Dec 2016 09:24:17
# nquan = 8
# nvalues = 3069                        
# units = specified
# name 0 = tv290C: Temperature [ITS-90, deg C]
# name 1 = c0S/m: Conductivity [S/m]
# name 2 = prdM: Pressure, Strain Gauge [db]
# name 3 = f0: Frequency 0
# name 4 = f1: Frequency 1
# name 5 = f2: Frequency 2
# name 6 = sal00: Salinity, Practical [PSU]
# name 7 = flag:  0.000e+00
# span 0 =    18.1982,    22.0311       
# span 1 =   0.008202,   5.060955       
# span 2 =     -0.107,    222.811       
# span 3 =     303693,     351666       
# span 4 =   2638.017,   6404.006       
# span 5 =     533538,     742851       
# span 6 =     0.0463,    35.4893       
# span 7 =  0.0000e+00,  0.0000e+00     
# interval = seconds: 0.25
# start_time = Dec 10 2016 06:16:51 [Instrument's time stamp, header]
# bad_flag = -9.990e-29
*END*
[from data line 1423]
    20.6416   4.850174    174.013     320385   6292.684     697062    34.8829  0.0000e+00
    20.6384   4.849812    174.110     320424   6292.491     697152    34.8826  0.0000e+00
    20.6349   4.849383    174.172     320467   6292.262     697210    34.8820  0.0000e+00
    20.6309   4.848923    174.205     320516   6292.017     697242    34.8815  0.0000e+00
    20.6264   4.848376    174.217     320572   6291.726     697253    34.8808  0.0000e+00
    20.6212   4.847787    174.220     320635   6291.412     697255    34.8803  0.0000e+00
    20.6157   4.847294    174.223     320704   6291.149     697258    34.8809  0.0000e+00
    20.6104   4.846882    174.240     320769   6290.930     697275    34.8819  0.0000e+00
    20.6055   4.846450    174.282     320828   6290.699     697314    34.8823  0.0000e+00
    20.6008   4.846004    174.357     320887   6290.462     697384    34.8826  0.0000e+00
    20.5962   4.845585    174.468     320944   6290.238     697489    34.8830  0.0000e+00
    20.5918   4.845218    174.616     320998   6290.043     697627    34.8835  0.0000e+00
    20.5876   4.844801    174.795     321049   6289.820     697795    34.8836  0.0000e+00
    20.5835   4.844396    174.997     321100   6289.605     697984    34.8836  0.0000e+00
    20.5794   4.843916    175.215     321150   6289.348     698190    34.8830  0.0000e+00
    20.5750   4.843386    175.441     321204   6289.066     698402    34.8823  0.0000e+00
    20.5701   4.842858    175.665     321265   6288.784     698612    34.8820  0.0000e+00
    20.5650   4.842412    175.881     321327   6288.546     698815    34.8824  0.0000e+00
    20.5600   4.841996    176.091     321389   6288.324     699011    34.8831  0.0000e+00
    20.5554   4.841637    176.290     321446   6288.133     699198    34.8839  0.0000e+00
    20.5512   4.841288    176.479     321498   6287.947     699376    34.8845  0.0000e+00
    20.5472   4.840900    176.663     321547   6287.740     699548    34.8845  0.0000e+00
    20.5433   4.840468    176.840     321595   6287.509     699714    34.8842  0.0000e+00
    20.5393   4.839982    177.011     321644   6287.250     699875    34.8835  0.0000e+00
    20.5350   4.839496    177.179     321698   6286.990     700033    34.8830  0.0000e+00
    20.5306   4.839056    177.345     321752   6286.756     700188    34.8830  0.0000e+00
    20.5265   4.838661    177.508     321802   6286.545     700341    34.8831  0.0000e+00
    20.5226   4.838208    177.671     321850   6286.304     700494    34.8826  0.0000e+00
    20.5185   4.837711    177.833     321900   6286.039     700646    34.8819  0.0000e+00
    20.5142   4.837127    177.990     321954   6285.727     700794    34.8807  0.0000e+00
    20.5091   4.836471    178.145     322017   6285.377     700939    34.8795  0.0000e+00
    20.5033   4.835811    178.297     322088   6285.025     701081    34.8789  0.0000e+00
    20.4972   4.835184    178.443     322164   6284.691     701219    34.8788  0.0000e+00
    20.4910   4.834656    178.584     322240   6284.409     701351    34.8795  0.0000e+00
    20.4854   4.834304    178.719     322310   6284.221     701478    34.8813  0.0000e+00
    20.4810   4.834061    178.844     322365   6284.092     701595    34.8829  0.0000e+00
    20.4774   4.833725    178.966     322409   6283.912     701710    34.8831  0.0000e+00
    20.4738   4.833347    179.088     322453   6283.710     701824    34.8829  0.0000e+00
    20.4701   4.832933    179.211     322499   6283.489     701940    34.8826  0.0000e+00
    20.4660   4.832533    179.342     322550   6283.276     702062    34.8827  0.0000e+00
    20.4618   4.832081    179.479     322602   6283.035     702191    34.8824  0.0000e+00
    20.4573   4.831665    179.620     322657   6282.813     702323    34.8827  0.0000e+00
    20.4528   4.831267    179.762     322713   6282.600     702457    34.8831  0.0000e+00
    20.4484   4.830756    179.906     322768   6282.327     702592    34.8826  0.0000e+00
    20.4436   4.830129    180.047     322827   6281.992     702724    34.8814  0.0000e+00
    20.4380   4.829502    180.184     322896   6281.658     702853    34.8808  0.0000e+00
    20.4322   4.828962    180.319     322968   6281.369     702979    34.8812  0.0000e+00
    20.4266   4.828547    180.445     323037   6281.148     703097    34.8824  0.0000e+00
    20.4218   4.828261    180.563     323097   6280.995     703208    34.8840  0.0000e+00
    20.4177   4.827989    180.677     323147   6280.850     703316    34.8851  0.0000e+00
    20.4144   4.827721    180.789     323188   6280.707     703421    34.8856  0.0000e+00
    20.4112   4.827367    180.905     323228   6280.518     703529    34.8853  0.0000e+00
    20.4077   4.826922    181.030     323271   6280.280     703647    34.8845  0.0000e+00
    20.4038   4.826482    181.169     323319   6280.045     703777    34.8841  0.0000e+00
    20.3997   4.826056    181.321     323370   6279.818     703920    34.8840  0.0000e+00
    20.3954   4.825562    181.489     323424   6279.554     704078    34.8835  0.0000e+00
    20.3907   4.825027    181.670     323482   6279.268     704247    34.8830  0.0000e+00
    20.3856   4.824494    181.859     323546   6278.983     704424    34.8828  0.0000e+00
    20.3804   4.824003    182.051     323609   6278.721     704605    34.8830  0.0000e+00
    20.3754   4.823525    182.241     323672   6278.465     704783    34.8832  0.0000e+00
    20.3706   4.823114    182.421     323732   6278.246     704952    34.8838  0.0000e+00
    20.3661   4.822725    182.587     323787   6278.038     705108    34.8842  0.0000e+00
    20.3622   4.822347    182.733     323836   6277.837     705245    34.8843  0.0000e+00
    20.3583   4.821935    182.860     323884   6277.616     705365    34.8842  0.0000e+00
    20.3543   4.821486    182.969     323933   6277.377     705466    34.8837  0.0000e+00
    20.3501   4.820967    183.064     323985   6277.099     705555    34.8829  0.0000e+00
    20.3456   4.820491    183.152     324042   6276.845     705638    34.8828  0.0000e+00
    20.3409   4.820025    183.242     324099   6276.596     705722    34.8828  0.0000e+00
    20.3363   4.819534    183.341     324157   6276.334     705816    34.8826  0.0000e+00
    20.3315   4.819053    183.456     324216   6276.077     705924    34.8826  0.0000e+00
    20.3268   4.818595    183.595     324275   6275.832     706054    34.8827  0.0000e+00
    20.3223   4.818157    183.762     324331   6275.598     706211    34.8829  0.0000e+00
    20.3178   4.817664    183.957     324387   6275.334     706394    34.8825  0.0000e+00
    20.3132   4.817173    184.175     324443   6275.072     706598    34.8822  0.0000e+00
    20.3086   4.816745    184.411     324501   6274.843     706820    34.8825  0.0000e+00
    20.3041   4.816312    184.651     324558   6274.612     707045    34.8826  0.0000e+00
    20.2994   4.815808    184.883     324615   6274.342     707263    34.8822  0.0000e+00
    20.2945   4.815344    185.098     324676   6274.095     707465    34.8824  0.0000e+00
    20.2897   4.814915    185.289     324736   6273.865     707643    34.8829  0.0000e+00
    20.2849   4.814409    185.445     324796   6273.595     707790    34.8826  0.0000e+00
    20.2798   4.813848    185.566     324859   6273.295     707904    34.8822  0.0000e+00
    20.2745   4.813364    185.653     324925   6273.036     707985    34.8826  0.0000e+00
    20.2693   4.812903    185.705     324990   6272.789     708034    34.8831  0.0000e+00
    20.2642   4.812414    185.728     325053   6272.528     708056    34.8833  0.0000e+00
    20.2593   4.811967    185.731     325114   6272.289     708059    34.8838  0.0000e+00
    20.2547   4.811617    185.725     325172   6272.102     708053    34.8847  0.0000e+00
    20.2505   4.811222    185.719     325224   6271.891     708048    34.8850  0.0000e+00
    20.2465   4.810811    185.727     325274   6271.671     708055    34.8850  0.0000e+00
    20.2424   4.810382    185.760     325324   6271.441     708086    34.8848  0.0000e+00
    20.2382   4.809929    185.828     325377   6271.199     708149    34.8846  0.0000e+00
    20.2337   4.809419    185.939     325433   6270.927     708254    34.8841  0.0000e+00
    20.2292   4.808957    186.095     325490   6270.680     708400    34.8841  0.0000e+00
    20.2246   4.808455    186.293     325547   6270.411     708586    34.8837  0.0000e+00
    20.2198   4.808017    186.529     325606   6270.176     708807    34.8839  0.0000e+00
    20.2153   4.807620    186.792     325662   6269.964     709054    34.8843  0.0000e+00
    20.2111   4.807214    187.071     325715   6269.747     709315    34.8844  0.0000e+00
    20.2068   4.806768    187.353     325769   6269.509     709580    34.8843  0.0000e+00
    20.2024   4.806355    187.629     325824   6269.288     709839    34.8844  0.0000e+00
    20.1979   4.805825    187.888     325880   6269.004     710082    34.8837  0.0000e+00
    20.1927   4.805226    188.124     325944   6268.684     710304    34.8830  0.0000e+00
    20.1872   4.804680    188.330     326013   6268.391     710497    34.8831  0.0000e+00
    20.1816   4.804184    188.503     326084   6268.126     710660    34.8836  0.0000e+00
    20.1761   4.803737    188.641     326151   6267.887     710789    34.8844  0.0000e+00
    20.1712   4.803341    188.743     326212   6267.675     710885    34.8852  0.0000e+00
    20.1669   4.802917    188.812     326267   6267.448     710950    34.8853  0.0000e+00
    20.1628   4.802477    188.855     326318   6267.213     710990    34.8851  0.0000e+00
    20.1587   4.802023    188.879     326369   6266.970     711013    34.8848  0.0000e+00
    20.1545   4.801544    188.895     326421   6266.713     711028    34.8843  0.0000e+00
    20.1501   4.801011    188.914     326476   6266.428     711045    34.8836  0.0000e+00
    20.1455   4.800484    188.943     326534   6266.146     711073    34.8831  0.0000e+00
    20.1407   4.799975    188.992     326594   6265.873     711119    34.8830  0.0000e+00
    20.1359   4.799477    189.065     326654   6265.607     711188    34.8828  0.0000e+00
    20.1311   4.799006    189.163     326714   6265.355     711279    34.8829  0.0000e+00
    20.1265   4.798566    189.284     326772   6265.119     711392    34.8831  0.0000e+00
    20.1219   4.798137    189.426     326828   6264.890     711526    34.8833  0.0000e+00
    20.1175   4.797746    189.583     326884   6264.680     711674    34.8837  0.0000e+00
    20.1130   4.797308    189.752     326940   6264.446     711832    34.8838  0.0000e+00
    20.1084   4.796824    189.928     326998   6264.187     711997    34.8836  0.0000e+00
    20.1034   4.796310    190.105     327060   6263.912     712163    34.8835  0.0000e+00
    20.0981   4.795785    190.278     327127   6263.630     712326    34.8835  0.0000e+00
    20.0926   4.795298    190.445     327195   6263.369     712482    34.8840  0.0000e+00
    20.0873   4.794760    190.599     327262   6263.081     712627    34.8840  0.0000e+00
    20.0817   4.794160    190.741     327332   6262.760     712760    34.8836  0.0000e+00
    20.0761   4.793718    190.873     327402   6262.524     712884    34.8846  0.0000e+00
    20.0712   4.793359    190.998     327464   6262.331     713001    34.8857  0.0000e+00
    20.0667   4.792888    191.120     327520   6262.079     713115    34.8855  0.0000e+00
    20.0623   4.792481    191.246     327575   6261.861     713233    34.8858  0.0000e+00
    20.0583   4.792154    191.379     327625   6261.686     713359    34.8864  0.0000e+00
    20.0546   4.791698    191.523     327672   6261.442     713494    34.8857  0.0000e+00
    20.0504   4.791153    191.682     327724   6261.149     713643    34.8846  0.0000e+00
    20.0459   4.790655    191.855     327781   6260.883     713806    34.8843  0.0000e+00
    20.0411   4.790127    192.043     327840   6260.600     713982    34.8838  0.0000e+00
    20.0361   4.789535    192.242     327903   6260.283     714169    34.8830  0.0000e+00
    20.0308   4.788976    192.448     327970   6259.984     714362    34.8828  0.0000e+00
    20.0254   4.788500    192.655     328038   6259.728     714556    34.8833  0.0000e+00
    20.0204   4.788119    192.858     328101   6259.524     714747    34.8843  0.0000e+00
    20.0160   4.787780    193.055     328156   6259.342     714931    34.8851  0.0000e+00
    20.0121   4.787436    193.242     328205   6259.158     715107    34.8855  0.0000e+00
    20.0083   4.787087    193.415     328252   6258.971     715270    34.8856  0.0000e+00
    20.0047   4.786688    193.575     328297   6258.757     715419    34.8853  0.0000e+00
    20.0007   4.786090    193.719     328348   6258.436     715555    34.8837  0.0000e+00
    19.9957   4.785488    193.849     328410   6258.114     715677    34.8829  0.0000e+00
    19.9901   4.784934    193.968     328480   6257.817     715788    34.8829  0.0000e+00
    19.9845   4.784342    194.080     328552   6257.500     715893    34.8827  0.0000e+00
    19.9787   4.783807    194.189     328625   6257.213     715995    34.8831  0.0000e+00
    19.9731   4.783389    194.296     328694   6256.989     716096    34.8842  0.0000e+00
    19.9682   4.782952    194.404     328756   6256.755     716197    34.8847  0.0000e+00
    19.9637   4.782459    194.520     328813   6256.491     716306    34.8843  0.0000e+00
    19.9592   4.782009    194.643     328870   6256.249     716422    34.8844  0.0000e+00
    19.9547   4.781541    194.772     328926   6255.998     716543    34.8842  0.0000e+00
    19.9502   4.781046    194.905     328983   6255.733     716668    34.8839  0.0000e+00
    19.9455   4.780534    195.040     329042   6255.459     716794    34.8835  0.0000e+00
    19.9405   4.780056    195.166     329104   6255.202     716912    34.8837  0.0000e+00
    19.9356   4.779660    195.281     329166   6254.990     717021    34.8844  0.0000e+00
    19.9311   4.779300    195.385     329222   6254.797     717118    34.8852  0.0000e+00
    19.9271   4.778952    195.477     329274   6254.610     717204    34.8857  0.0000e+00
    19.9231   4.778581    195.557     329323   6254.411     717279    34.8858  0.0000e+00
    19.9192   4.778170    195.629     329372   6254.191     717346    34.8857  0.0000e+00
    19.9150   4.777642    195.695     329425   6253.908     717408    34.8849  0.0000e+00
    19.9102   4.777052    195.757     329486   6253.592     717467    34.8840  0.0000e+00
    19.9048   4.776496    195.821     329554   6253.293     717527    34.8839  0.0000e+00
    19.8991   4.775987    195.892     329625   6253.020     717594    34.8844  0.0000e+00
    19.8938   4.775521    195.973     329692   6252.770     717670    34.8850  0.0000e+00
    19.8888   4.775092    196.065     329755   6252.540     717756    34.8855  0.0000e+00
    19.8843   4.774749    196.170     329812   6252.356     717854    34.8865  0.0000e+00
    19.8803   4.774390    196.286     329862   6252.163     717963    34.8868  0.0000e+00
    19.8766   4.773924    196.415     329910   6251.913     718084    34.8860  0.0000e+00
    19.8723   4.773369    196.559     329963   6251.616     718219    34.8849  0.0000e+00
    19.8676   4.772875    196.719     330023   6251.351     718370    34.8847  0.0000e+00
    19.8628   4.772325    196.899     330084   6251.055     718538    34.8842  0.0000e+00
    19.8576   4.771670    197.097     330149   6250.704     718724    34.8830  0.0000e+00
    19.8519   4.771170    197.314     330221   6250.436     718928    34.8836  0.0000e+00
    19.8468   4.770809    197.545     330286   6250.242     719145    34.8848  0.0000e+00
    19.8423   4.770405    197.786     330342   6250.025     719371    34.8851  0.0000e+00
    19.8380   4.770023    198.033     330396   6249.820     719603    34.8854  0.0000e+00
    19.8340   4.769686    198.278     330447   6249.639     719832    34.8859  0.0000e+00
    19.8301   4.769243    198.512     330496   6249.402     720052    34.8854  0.0000e+00
