tests/resources/test-data/CAST0002_mod_filt_loop_min_v_exclude_flags_from_remove_soak.cnv
* Sea-Bird SBE 19 Data File:
* FileName =
* Software Version 4.234
* Temperature SN = 2835
* Conductivity SN = 2835
* System UpLoad Time = Wed Jan 19 11:48:56 2005

* S>ds
# nquan = 4
# nvalues = 911                         
# units = specified
# name 0 = t090C: Temperature [ITS-90, deg C]
# name 1 = c0S/m: Conductivity [S/m]
# name 2 = prSM: Pressure, Strain Gauge [db]
# name 3 = flag:  0.000e+00
# span 0 =     7.6099,    11.0981       
# span 1 =   2.246650,   3.473804       
# span 2 =     -0.364,     29.627       
# span 3 = 0.0000e+00, 0.0000e+00       
# interval = seconds: 0.5
# start_time = Aug 16 2022 12:58:21 [DatCnv date, localtime]
# bad_flag = -9.990e-29
*END*
    11.0560   3.445353      3.853 -9.990e-29
    11.0597   3.444866      3.842 -9.990e-29
    11.0679   3.444379      3.827 -9.990e-29
    11.0661   3.445028      3.807 -9.990e-29
    11.0618   3.445082      3.780 -9.990e-29
    11.0575   3.445145      3.743 -9.990e-29
    11.0532   3.445218      3.693 -9.990e-29
    11.0606   3.445069      3.628 -9.990e-29
    11.0642   3.445083      3.544 -9.990e-29
    11.0652   3.445096      3.437 -9.990e-29
    11.0642   3.444948      3.316 -9.990e-29
    11.0652   3.445286      3.204 -9.990e-29
    11.0642   3.445137      3.110 -9.990e-29
    11.0642   3.445151      3.026 -9.990e-29
    11.0633   3.445327      2.949 -9.990e-29
    11.0652   3.444205      2.873 -9.990e-29
    11.0652   3.444705      2.794 -9.990e-29
    11.0652   3.444719      2.705 -9.990e-29
    11.0652   3.445219      2.603 -9.990e-29
    11.0661   3.444908      2.482 -9.990e-29
    11.0633   3.445571      2.349 -9.990e-29
    11.0652   3.446396      2.226 -9.990e-29
    11.0606   3.445436      2.123 -9.990e-29
    11.0652   3.444801      2.034 -9.990e-29
    11.0642   3.445301      1.951 -9.990e-29
    11.0633   3.446288      1.870 -9.990e-29
    11.0606   3.445328      1.786 -9.990e-29
    11.0633   3.446478      1.694 -9.990e-29
    11.0615   3.446816      1.587 -9.990e-29
    11.0587   3.446992      1.460 -9.990e-29
    11.0606   3.445383      1.320 -9.990e-29
    11.0624   3.446857      1.190 -9.990e-29
    11.0578   3.446059      1.078 -9.990e-29
    11.0606   3.445748      0.975 -9.990e-29
    11.0606   3.445600      0.876 -9.990e-29
    11.0578   3.445938      0.774 -9.990e-29
    11.0587   3.446438      0.664 -9.990e-29
    11.0606   3.445965      0.540 -9.990e-29
    11.0661   3.445330      0.393 -9.990e-29
    11.0670   3.444695      0.213 -9.990e-29
    11.0651   3.445520      0.019 -9.990e-29
    11.0633   3.445695     -0.144 -9.990e-29
    11.0615   3.445709     -0.257 -9.990e-29
    11.0624   3.445723     -0.330 -9.990e-29
    11.0615   3.446710     -0.364 -9.990e-29
    11.0606   3.446399     -0.364 -9.990e-29
    11.0615   3.446737     -0.328 -9.990e-29
    11.0615   3.447075     -0.256 -9.990e-29
    11.0615   3.447089     -0.143 -9.990e-29
    11.0587   3.446616      0.018 -9.990e-29
    11.0578   3.447278      0.209 -9.990e-29
    11.0578   3.446157      0.387 -9.990e-29
    11.0596   3.446332      0.532 -9.990e-29
    11.0615   3.446022      0.655 -9.990e-29
    11.0651   3.445386      0.763 -9.990e-29
    11.0661   3.445562      0.864 -9.990e-29
    11.0660   3.446225      0.963 -9.990e-29
    11.0660   3.446076      1.066 -9.990e-29
    11.0624   3.445441      1.179 -9.990e-29
    11.0633   3.446428      1.307 -9.990e-29
    11.0596   3.446766      1.446 -9.990e-29
    11.0605   3.445969      1.570 -9.990e-29
    11.0605   3.446144      1.674 -9.990e-29
    11.0615   3.447456      1.764 -9.990e-29
    11.0587   3.447632      1.847 -9.990e-29
    11.0560   3.447483      1.927 -9.990e-29
    11.0550   3.447010      2.009 -9.990e-29
    11.0596   3.446699      2.100 -9.990e-29
    11.0587   3.446551      2.204 -9.990e-29
    11.0569   3.446565      2.327 -9.990e-29
    11.0615   3.445929      2.463 -9.990e-29
    11.0642   3.445943      2.588 -9.990e-29
    11.0633   3.446606      2.694 -9.990e-29
    11.0651   3.446457      2.784 -9.990e-29
    11.0651   3.445822      2.867 -9.990e-29
    11.0642   3.445835      2.946 -9.990e-29
    11.0615   3.446498      3.028 -9.990e-29
    11.0615   3.446187      3.116 -9.990e-29
    11.0605   3.447174      3.218 -9.990e-29
    11.0596   3.447512      3.340 -9.990e-29
    11.0596   3.447851      3.474 -9.990e-29
    11.0560   3.448027      3.596 -9.990e-29
    11.0596   3.446580      3.698 -9.990e-29
    11.0605   3.447567      3.787 -9.990e-29
    11.0587   3.428598      3.870 -9.990e-29
    11.0981   3.443376      3.952 -9.990e-29
    11.0688   3.438847      4.035 -9.990e-29
    11.0651   3.438860      4.125 -9.990e-29
    11.0642   3.438549      4.227 -9.990e-29
    11.0669   3.438401      4.348 -9.990e-29
    11.0706   3.437928      4.480 -9.990e-29
    11.0715   3.437455      4.601 -9.990e-29
    11.0697   3.438928      4.702 -9.990e-29
    11.0660   3.438455      4.791 -9.990e-29
    11.0642   3.438631      4.872 -9.990e-29
    11.0651   3.438969      4.950 -9.990e-29
    11.0633   3.439470      5.031 -9.990e-29
    11.0624   3.440132      5.120 -9.990e-29
    11.0605   3.439822      5.221 -9.990e-29
    11.0642   3.440484      5.341 -9.990e-29
    11.0633   3.440173      5.471 -9.990e-29
    11.0578   3.439538      5.591 -9.990e-29
    11.0605   3.439389      5.691 -9.990e-29
    11.0624   3.439241      5.779 -9.990e-29
    11.0596   3.439417      5.860 -9.990e-29
    11.0614   3.439430      5.937 -9.990e-29
    11.0651   3.439768      6.017 -9.990e-29
    11.0633   3.439295      6.105 -9.990e-29
    11.0669   3.438011      6.207 -9.990e-29
    11.0679   3.438836      6.330 -9.990e-29
    11.0651   3.438849      6.463 -9.990e-29
    11.0633   3.438701      6.585 -9.990e-29
    11.0633   3.439850      6.686 -9.990e-29
    11.0614   3.440351      6.775 -9.990e-29
    11.0587   3.439715      6.856 -9.990e-29
    11.0642   3.441027      6.934 -9.990e-29
    11.0596   3.441365      7.014 -9.990e-29
    11.0596   3.440892      7.102 -9.990e-29
    11.0559   3.440743      7.203 -9.990e-29
    11.0559   3.440270      7.325 -9.990e-29
    11.0587   3.441582      7.459 -9.990e-29
    11.0568   3.440784      7.581 -9.990e-29
    11.0623   3.440149      7.684 -9.990e-29
    11.0651   3.439676      7.773 -9.990e-29
    11.0626   3.440059      7.856 -9.990e-29
    11.0602   3.440444      7.936 -9.990e-29
    11.0578   3.440832      8.017 -9.990e-29
    11.0569   3.439538      8.104 -9.990e-29
    11.0633   3.441002      8.205 -9.990e-29
    11.0615   3.441492      8.325 -9.990e-29
    11.0579   3.440035      8.458 -9.990e-29
    11.0615   3.440364      8.579 -9.990e-29
    11.0579   3.441665      8.680 -9.990e-29
    11.0588   3.441831      8.769 -9.990e-29
    11.0543   3.441673      8.850 -9.990e-29
    11.0579   3.441027      8.928 -9.990e-29
    11.0589   3.441031      9.009 -9.990e-29
    11.0580   3.440872      9.098 -9.990e-29
    11.0562   3.440876      9.200 -9.990e-29
    11.0608   3.440717      9.323 -9.990e-29
    11.0626   3.440234      9.457 -9.990e-29
    11.0617   3.441049      9.579 -9.990e-29
    11.0636   3.440890      9.682 -9.990e-29
    11.0636   3.440731      9.772 -9.990e-29
    11.0608   3.440086      9.852 -9.990e-29
    11.0609   3.440252      9.930 -9.990e-29
    11.0572   3.440418     10.010 -9.990e-29
    11.0581   3.440421     10.099 -9.990e-29
    11.0591   3.441074     10.200 -9.990e-29
    11.0573   3.441889     10.322 -9.990e-29
    11.0591   3.440270     10.455 -9.990e-29
    11.0573   3.440923     10.577 -9.990e-29
    11.0601   3.441251     10.679 -9.990e-29
    11.0592   3.440930     10.768 -9.990e-29
    11.0573   3.440933     10.849 -9.990e-29
    11.0610   3.441424     10.928 -9.990e-29
    11.0555   3.439805     11.010 -9.990e-29
    11.0583   3.441431     11.099 -9.990e-29
    11.0620   3.440623     11.202 -9.990e-29
    11.0629   3.440465     11.325 -9.990e-29
    11.0602   3.440631     11.459 -9.990e-29
    11.0630   3.440472     11.583 -9.990e-29
    11.0602   3.441125     11.687 -9.990e-29
    11.0566   3.441128     11.777 -9.990e-29
    11.0566   3.440158     11.859 -9.990e-29
    11.0603   3.440811     11.937 -9.990e-29
    11.0585   3.441301     12.017 -9.990e-29
    11.0594   3.442279     12.105 -9.990e-29
    11.0548   3.442120     12.207 -9.990e-29
    11.0512   3.441961     12.330 -9.990e-29
    11.0530   3.441316     12.464 -9.990e-29
    11.0567   3.441319     12.585 -9.990e-29
    11.0576   3.440674     12.687 -9.990e-29
    11.0567   3.440840     12.776 -9.990e-29
    11.0604   3.440357     12.858 -9.990e-29
    11.0641   3.440036     12.938 -9.990e-29
    11.0651   3.441013     13.019 -9.990e-29
    11.0596   3.440367     13.105 -9.990e-29
    11.0605   3.440046     13.205 -9.990e-29
    11.0624   3.440375     13.326 -9.990e-29
    11.0596   3.441027     13.458 -9.990e-29
    11.0606   3.440382     13.579 -9.990e-29
    11.0606   3.440385     13.681 -9.990e-29
    11.0588   3.442336     13.769 -9.990e-29
    11.0579   3.442178     13.850 -9.990e-29
    11.0551   3.442506     13.928 -9.990e-29
    11.0515   3.441698     14.009 -9.990e-29
    11.0570   3.442026     14.098 -9.990e-29
    11.0570   3.441543     14.200 -9.990e-29
    11.0543   3.441384     14.322 -9.990e-29
    11.0598   3.440901     14.456 -9.990e-29
    11.0552   3.441392     14.578 -9.990e-29
    11.0580   3.441558     14.681 -9.990e-29
    11.0617   3.441399     14.770 -9.990e-29
    11.0654   3.440591     14.853 -9.990e-29
    11.0663   3.439783     14.932 -9.990e-29
    11.0617   3.440598     15.012 -9.990e-29
    11.0572   3.440764     15.100 -9.990e-29
    11.0599   3.440605     15.202 -9.990e-29
    11.0590   3.441583     15.324 -9.990e-29
    11.0581   3.442073     15.457 -9.990e-29
    11.0563   3.442077     15.579 -9.990e-29
    11.0582   3.441431     15.682 -9.990e-29
    11.0573   3.442571     15.771 -9.990e-29
    11.0609   3.442088     15.853 -9.990e-29
    11.0564   3.441118     15.933 -9.990e-29
    11.0573   3.441284     16.016 -9.990e-29
    11.0564   3.441936     16.106 -9.990e-29
    11.0528   3.441940     16.209 -9.990e-29
    11.0546   3.441781     16.331 -9.990e-29
    11.0610   3.441136     16.465 -9.990e-29
    11.0647   3.440166     16.587 -9.990e-29
    11.0638   3.441143     16.689 -9.990e-29
    11.0620   3.441146     16.778 -9.990e-29
    11.0611   3.440988     16.858 -9.990e-29
    11.0593   3.441316     16.936 -9.990e-29
    11.0593   3.441969     17.017 -9.990e-29
    11.0575   3.442622     17.105 -9.990e-29
    11.0575   3.442301     17.206 -9.990e-29
    11.0548   3.442304     17.326 -9.990e-29
    11.0566   3.442632     17.459 -9.990e-29
    11.0539   3.441987     17.579 -9.990e-29
    11.0530   3.441504     17.679 -9.990e-29
    11.0567   3.442319     17.764 -9.990e-29
    11.0558   3.441673     17.842 -9.990e-29
    11.0558   3.441677     17.917 -9.990e-29
    11.0613   3.441680     17.994 -9.990e-29
    11.0622   3.440710     18.078 -9.990e-29
    11.0613   3.440227     18.174 -9.990e-29
    11.0659   3.441529     18.288 -9.990e-29
    11.0614   3.441370     18.411 -9.990e-29
    11.0614   3.440400     18.518 -9.990e-29
    11.0605   3.441540     18.601 -9.990e-29
    11.0559   3.442355     18.665 -9.990e-29
    11.0578   3.441222     18.716 -9.990e-29
    11.0578   3.441875     18.756 -9.990e-29
    11.0560   3.443177     18.787 -9.990e-29
    11.0569   3.443343     18.812 -9.990e-29
    11.0514   3.442211     18.833 -9.990e-29
    11.0524   3.442539     18.850 -9.990e-29
    11.0551   3.441569     18.864 -9.990e-29
    11.0561   3.441897     18.874 -9.990e-29
    11.0588   3.441738     18.881 -9.990e-29
    11.0598   3.441417     18.887 -9.990e-29
    11.0634   3.441418     18.891 -9.990e-29
    11.0671   3.441416     18.894 -9.990e-29
    11.0708   3.441412     18.895 -9.990e-29
    11.0533   3.441894     18.895 -9.990e-29
    11.0625   3.441727     18.895 -9.990e-29
    11.0597   3.442047     18.895 -9.990e-29
    11.0615   3.441880     18.895 -9.990e-29
    11.0588   3.441551     18.896 -9.990e-29
    11.0578   3.441871     18.898 -9.990e-29
    11.0597   3.441704     18.900 -9.990e-29
    11.0596   3.441862     18.900 -9.990e-29
    11.0596   3.441208     18.900 -9.990e-29
    11.0605   3.441366     18.899 -9.990e-29
    11.0541   3.443147     18.898 -9.990e-29
    11.0568   3.442006     18.897 -9.990e-29
    11.0541   3.442002     18.895 -9.990e-29
    11.0522   3.441835     18.894 -9.990e-29
    11.0577   3.441830     18.894 -9.990e-29
    11.0623   3.440527     18.894 -9.990e-29
    11.0641   3.441496     18.894 -9.990e-29
    11.0632   3.441492     18.894 -9.990e-29
    11.0595   3.441812     18.894 -9.990e-29
    11.0576   3.441158     18.892 -9.990e-29
    11.0558   3.441965     18.892 -9.990e-29
    11.0585   3.441636     18.891 -9.990e-29
    11.0567   3.441794     18.891 -9.990e-29
    11.0576   3.441951     18.892 -9.990e-29
    11.0576   3.443083     18.892 -9.990e-29
    11.0539   3.442916     18.893 -9.990e-29
    11.0520   3.442425     18.893 -9.990e-29
    11.0557   3.441771     18.892 -9.990e-29
    11.0511   3.441929     18.889 -9.990e-29
    11.0538   3.441762     18.886 -9.990e-29
    11.0566   3.441919     18.882 -9.990e-29
    11.0602   3.440779     18.878 -9.990e-29
    11.0620   3.441586     18.874 -9.990e-29
    11.0593   3.441581     18.868 -9.990e-29
    11.0620   3.441577     18.862 -9.990e-29
    11.0602   3.440761     18.853 -9.990e-29
    11.0592   3.441567     18.842 -9.990e-29
    11.0565   3.441563     18.827 -9.990e-29
    11.0601   3.441396     18.808 -9.990e-29
    11.0592   3.442365     18.783 -9.990e-29
    11.0592   3.458102     18.751 -9.990e-29
    11.0463   3.437975     18.709 -9.990e-29
    11.0527   3.440891     18.657 -9.990e-29
    11.0527   3.441049     18.595 -9.990e-29
    11.0564   3.440395     18.526 -9.990e-29
    11.0527   3.441689     18.452 -9.990e-29
    11.0509   3.441359     18.372 -9.990e-29
    11.0518   3.441517     18.289 -9.990e-29
    11.0527   3.441026     18.201 -9.990e-29
    11.0526   3.441021     18.111 -9.990e-29
    11.0517   3.441666     18.018 -9.990e-29
    11.0508   3.441012     17.925 -9.990e-29
    11.0517   3.441656     17.830 -9.990e-29
    11.0517   3.441327     17.734 -9.990e-29
    11.0517   3.440511     17.635 -9.990e-29
    11.0526   3.440344     17.535 -9.990e-29
    11.0525   3.441151     17.436 -9.990e-29
    11.0516   3.440335     17.338 -9.990e-29
    11.0516   3.440168     17.242 -9.990e-29
    11.0516   3.440002     17.146 -9.990e-29
    11.0497   3.439997     17.051 -9.990e-29
    11.0516   3.439830     16.956 -9.990e-29
    11.0506   3.439663     16.860 -9.990e-29
    11.0497   3.439659     16.763 -9.990e-29
    11.0506   3.439654     16.668 -9.990e-29
    11.0497   3.440299     16.574 -9.990e-29
    11.0487   3.440132     16.481 -9.990e-29
    11.0496   3.438342     16.387 -9.990e-29
    11.0505   3.439311     16.293 -9.990e-29
    11.0487   3.438982     16.198 -9.990e-29
    11.0487   3.439464     16.103 -9.990e-29
    11.0505   3.439460     16.007 -9.990e-29
    11.0514   3.439617     15.911 -9.990e-29
    11.0514   3.439126     15.815 -9.990e-29
    11.0459   3.438472     15.721 -9.990e-29
    11.0495   3.437981     15.627 -9.990e-29
    11.0504   3.437652     15.533 -9.990e-29
    11.0495   3.437647     15.440 -9.990e-29
    11.0495   3.437967     15.347 -9.990e-29
    11.0504   3.437638     15.253 -9.990e-29
    11.0495   3.437958     15.158 -9.990e-29
    11.0485   3.438278     15.064 -9.990e-29
    11.0504   3.437462     14.969 -9.990e-29
    11.0503   3.438269     14.875 -9.990e-29
    11.0512   3.437290     14.779 -9.990e-29
    11.0466   3.438260     14.681 -9.990e-29
    11.0485   3.437768     14.585 -9.990e-29
    11.0466   3.439062     14.491 -9.990e-29
    11.0475   3.437759     14.398 -9.990e-29
    11.0484   3.437917     14.308 -9.990e-29
    11.0493   3.437425     14.219 -9.990e-29
    11.0493   3.438232     14.131 -9.990e-29
    11.0475   3.437741     14.043 -9.990e-29
    11.0475   3.437249     13.955 -9.990e-29
    11.0484   3.437407     13.866 -9.990e-29
    11.0483   3.437727     13.777 -9.990e-29
    11.0465   3.437073     13.688 -9.990e-29
    11.0483   3.437231     13.599 -9.990e-29
    11.0501   3.435604     13.511 -9.990e-29
    11.0520   3.435599     13.423 -9.990e-29
    11.0547   3.434621     13.334 -9.990e-29
    11.0556   3.434616     13.245 -9.990e-29
    11.0556   3.433638     13.155 -9.990e-29
    11.0537   3.433633     13.065 -9.990e-29
    11.0546   3.433629     12.975 -9.990e-29
    11.0528   3.433949     12.884 -9.990e-29
    11.0546   3.433782     12.793 -9.990e-29
    11.0528   3.433291     12.701 -9.990e-29
