tests/resources/test-data/CAST0002_mod_filt_loop_min_v_exclude_flags_from_remove_soak.cnv
* Sea-Bird SBE 19 Data File:
* FileName =
* Software Version 4.234
* Temperature SN = 2835
* Conductivity SN = 2835
* System UpLoad Time = Wed Jan 19 11:48:56 2005

* S>ds
# nquan = 4
# nvalues = 911                         
# units = specified
# name 0 = t090C: Temperature [ITS-90, deg C]
# name 1 = c0S/m: Conductivity [S/m]
# name 2 = prSM: Pressure, Strain Gauge [db]
# name 3 = flag:  0.000e+00
# span 0 =     7.6099,    11.0981       
# span 1 =   2.246650,   3.473804       
# span 2 =     -0.364,     29.627       
# span 3 = 0.0000e+00, 0.0000e+00       
# interval = seconds: 0.5
# start_time = Aug 16 2022 12:58:21 [DatCnv date, localtime]
# bad_flag = -9.990e-29
*END*
[from data line 356]
    11.0518   3.433444     12.515 -9.990e-29
    11.0546   3.433926     12.421 -9.990e-29
    11.0509   3.433110     12.325 -9.990e-29
    11.0509   3.432456     12.227 -9.990e-29
    11.0499   3.432452     12.129 -9.990e-29
    11.0508   3.430987     12.029 -9.990e-29
    11.0481   3.431307     11.928 -9.990e-29
    11.0462   3.431140     11.825 -9.990e-29
    11.0468   3.430922     11.723 -9.990e-29
    11.0474   3.430707     11.623 -9.990e-29
    11.0481   3.430495     11.521 -9.990e-29
    11.0536   3.430499     11.419 -9.990e-29
    11.0462   3.429205     11.317 -9.990e-29
    11.0444   3.429372     11.217 -9.990e-29
    11.0463   3.430025     11.118 -9.990e-29
    11.0435   3.429218     11.019 -9.990e-29
    11.0454   3.429384     10.919 -9.990e-29
    11.0472   3.430200     10.819 -9.990e-29
    11.0454   3.429717     10.719 -9.990e-29
    11.0472   3.428748     10.619 -9.990e-29
    11.0472   3.429239     10.519 -9.990e-29
    11.0445   3.428594     10.419 -9.990e-29
    11.0454   3.428436     10.319 -9.990e-29
    11.0454   3.429414     10.219 -9.990e-29
    11.0418   3.429256     10.120 -9.990e-29
    11.0436   3.428449     10.021 -9.990e-29
    11.0427   3.427641      9.921 -9.990e-29
    11.0409   3.426672      9.821 -9.990e-29
    11.0381   3.427001      9.719 -9.990e-29
    11.0372   3.427005      9.617 -9.990e-29
    11.0363   3.427821      9.514 -9.990e-29
    11.0354   3.427500      9.410 -9.990e-29
    11.0364   3.426206      9.306 -9.990e-29
    11.0336   3.425724      9.202 -9.990e-29
    11.0327   3.425241      9.097 -9.990e-29
    11.0309   3.424596      8.990 -9.990e-29
    11.0318   3.425087      8.884 -9.990e-29
    11.0318   3.424443      8.779 -9.990e-29
    11.0282   3.424934      8.675 -9.990e-29
    11.0282   3.422828      8.572 -9.990e-29
    11.0263   3.422995      8.470 -9.990e-29
    11.0199   3.421701      8.370 -9.990e-29
    11.0227   3.420894      8.271 -9.990e-29
    11.0190   3.420898      8.172 -9.990e-29
    11.0126   3.420740      8.074 -9.990e-29
    11.0181   3.421393      7.976 -9.990e-29
    11.0163   3.420586      7.879 -9.990e-29
    11.0172   3.420428      7.782 -9.990e-29
    11.0145   3.419783      7.684 -9.990e-29
    11.0173   3.419463      7.587 -9.990e-29
    11.0127   3.419629      7.489 -9.990e-29
    11.0109   3.418335      7.392 -9.990e-29
    11.0081   3.418664      7.294 -9.990e-29
    11.0100   3.418344      7.196 -9.990e-29
    11.0054   3.417374      7.097 -9.990e-29
    11.0063   3.416892      6.996 -9.990e-29
    11.0063   3.414300      6.896 -9.990e-29
    11.0045   3.413006      6.796 -9.990e-29
    10.9990   3.411874      6.694 -9.990e-29
    10.9944   3.411229      6.592 -9.990e-29
    10.9907   3.410585      6.490 -9.990e-29
    10.9880   3.408479      6.387 -9.990e-29
    10.9816   3.405400      6.283 -9.990e-29
    10.9798   3.405891      6.176 -9.990e-29
    10.9706   3.405084      6.066 -9.990e-29
    10.9697   3.403466      5.958 -9.990e-29
    10.9642   3.403632      5.852 -9.990e-29
    10.9651   3.402988      5.748 -9.990e-29
    10.9651   3.403154      5.645 -9.990e-29
    10.9651   3.402347      5.541 -9.990e-29
    10.9642   3.401864      5.438 -9.990e-29
    10.9651   3.402842      5.334 -9.990e-29
    10.9596   3.400737      5.231 -9.990e-29
    10.9597   3.397982      5.128 -9.990e-29
    10.9505   3.396039      5.025 -9.990e-29
    10.9450   3.392636      4.922 -9.990e-29
    10.9367   3.389070      4.819 -9.990e-29
    10.9257   3.379177      4.715 -9.990e-29
    10.9009   3.375287      4.610 -9.990e-29
    10.8687   3.356307      4.506 -9.990e-29
    10.8080   3.348848      4.400 -9.990e-29
    10.7730   3.343498      4.295 -9.990e-29
    10.7519   3.334741      4.188 -9.990e-29
    10.7150   3.328093      4.081 -9.990e-29
    10.6809   3.314955      3.973 -9.990e-29
    10.6339   3.299871      3.864 -9.990e-29
    10.5701   3.295333      3.756 -9.990e-29
    10.5434   3.288037      3.646 -9.990e-29
    10.5175   3.269708      3.535 -9.990e-29
    10.4018   3.233860      3.423 -9.990e-29
    10.2618   3.205802      3.309 -9.990e-29
    10.1550   3.187314      3.195 -9.990e-29
    10.0368   3.153904      3.083 -9.990e-29
     9.8941   3.109306      2.973 -9.990e-29
     9.6182   2.999358      2.865 -9.990e-29
     9.2534   2.855551      2.758 -9.990e-29
     8.7812   2.787800      2.652 -9.990e-29
     8.5424   2.804826      2.547 -9.990e-29
     8.5586   2.793969      2.443 -9.990e-29
     8.5558   2.804832      2.340 -9.990e-29
     8.5805   2.832717      2.240 -9.990e-29
     8.6472   2.799003      2.143 -9.990e-29
     8.6434   2.755891      2.049 -9.990e-29
     8.5386   2.693498      1.957 -9.990e-29
     8.3878   2.649748      1.867 -9.990e-29
     8.2463   2.539736      1.779 -9.990e-29
     8.0343   2.443356      1.692 -9.990e-29
     7.8004   2.400926      1.607 -9.990e-29
     7.7048   2.381982      1.525 -9.990e-29
     7.6700   2.354292      1.448 -9.990e-29
     7.6865   2.328709      1.376 -9.990e-29
     7.7261   2.317377      1.310 -9.990e-29
     7.7647   2.297301      1.254 -9.990e-29
     7.8100   2.295037      1.207 -9.990e-29
     7.8168   2.296983      1.170 -9.990e-29
     7.8110   2.313340      1.142 -9.990e-29
     7.7898   2.308971      1.119 -9.990e-29
     7.8053   2.280314      1.102 -9.990e-29
     7.8650   2.275621      1.089 -9.990e-29
     7.8872   2.270767      1.078 -9.990e-29
     7.9103   2.256198      1.071 -9.990e-29
     7.9353   2.258143      1.065 -9.990e-29
     7.9401   2.263489      1.060 -9.990e-29
     7.9305   2.261387      1.057 -9.990e-29
     7.9305   2.261228      1.054 -9.990e-29
     7.9392   2.252326      1.053 -9.990e-29
     7.9556   2.251843      1.052 -9.990e-29
     7.9575   2.250875      1.052 -9.990e-29
     7.9585   2.250822      1.053 -9.990e-29
     7.9594   2.250766      1.053 -9.990e-29
     7.9604   2.250709      1.053 -9.990e-29
     7.9575   2.248925      1.051 -9.990e-29
     7.9632   2.247951      1.049 -9.990e-29
     7.9613   2.247300      1.047 -9.990e-29
     7.9680   2.246650      1.046 -9.990e-29
     7.9671   2.247456      1.046 -9.990e-29
     7.9622   2.251986      1.045 -9.990e-29
     7.9526   2.251497      1.045 -9.990e-29
     7.9497   2.250685      1.045 -9.990e-29
     7.9545   2.248415      1.045 -9.990e-29
     7.9584   2.247765      1.046 -9.990e-29
     7.9584   2.247923      1.047 -9.990e-29
     7.9603   2.248568      1.048 -9.990e-29
     7.9564   2.252774      1.051 -9.990e-29
     7.9410   2.252771      1.055 -9.990e-29
     7.9429   2.250987      1.061 -9.990e-29
     7.9487   2.248394      1.069 -9.990e-29
     7.9525   2.247581      1.078 -9.990e-29
     7.9593   2.247254      1.089 -9.990e-29
     7.9631   2.247089      1.104 -9.990e-29
     7.9631   2.247086      1.122 -9.990e-29
     7.9612   2.247569      1.146 -9.990e-29
     7.9621   2.248213      1.176 -9.990e-29
     7.9583   2.248210      1.215 -9.990e-29
     7.9496   2.252417      1.265 -9.990e-29
     7.9457   2.248043      1.327 0.0000e+00
     7.9428   2.253544      1.400 0.0000e+00
     7.9207   2.273455      1.481 0.0000e+00
     7.8619   2.272481      1.569 0.0000e+00
     7.8581   2.281059      1.664 0.0000e+00
     7.8320   2.313115      1.764 0.0000e+00
     7.7346   2.330762      1.869 0.0000e+00
     7.6709   2.326226      1.979 0.0000e+00
     7.6593   2.340472      2.091 0.0000e+00
     7.6293   2.352290      2.206 0.0000e+00
     7.6167   2.371072      2.323 0.0000e+00
     7.6099   2.388721      2.444 0.0000e+00
     7.6205   2.430502      2.567 0.0000e+00
     7.6466   2.497557      2.694 0.0000e+00
     7.6843   2.572884      2.825 0.0000e+00
     7.7722   2.590216      2.959 0.0000e+00
     7.8560   2.676739      3.096 0.0000e+00
     8.0974   2.803961      3.235 0.0000e+00
     8.4382   2.945806      3.376 0.0000e+00
     8.9101   3.048927      3.516 0.0000e+00
     9.3474   3.098221      3.655 0.0000e+00
     9.5682   3.119623      3.792 0.0000e+00
     9.7051   3.136972      3.927 0.0000e+00
     9.8005   3.151889      4.062 0.0000e+00
     9.8846   3.170213      4.195 0.0000e+00
     9.9956   3.203785      4.327 0.0000e+00
    10.1064   3.215459      4.458 0.0000e+00
    10.1808   3.236704      4.588 0.0000e+00
    10.3089   3.269631      4.718 0.0000e+00
    10.4303   3.281468      4.846 0.0000e+00
    10.4978   3.304501      4.974 0.0000e+00
    10.5958   3.329481      5.102 0.0000e+00
    10.6954   3.349756      5.229 0.0000e+00
    10.7774   3.359486      5.355 0.0000e+00
    10.8289   3.368730      5.481 0.0000e+00
    10.8657   3.349903      5.606 0.0000e+00
    10.8427   3.374724      5.733 0.0000e+00
    10.8832   3.357195      5.862 0.0000e+00
    10.8491   3.385100      5.993 0.0000e+00
    10.8970   3.389800      6.126 0.0000e+00
    10.9172   3.387686      6.257 0.0000e+00
    10.9254   3.392874      6.387 0.0000e+00
    10.9328   3.393680      6.514 0.0000e+00
    10.9355   3.395136      6.640 0.0000e+00
    10.9392   3.394807      6.764 0.0000e+00
    10.9401   3.398697      6.887 0.0000e+00
    10.9538   3.401613      7.010 0.0000e+00
    10.9603   3.395280      7.132 0.0000e+00
    10.9566   3.405823      7.254 0.0000e+00
    10.9740   3.408576      7.376 0.0000e+00
    10.9813   3.409708      7.497 0.0000e+00
    10.9841   3.411163      7.619 0.0000e+00
    10.9887   3.412132      7.741 0.0000e+00
    10.9914   3.413264      7.863 0.0000e+00
    10.9932   3.414233      7.985 0.0000e+00
    10.9960   3.414228      8.106 0.0000e+00
    10.9960   3.415359      8.229 0.0000e+00
    10.9969   3.415355      8.352 0.0000e+00
    11.0014   3.415188      8.477 0.0000e+00
    11.0014   3.415346      8.604 0.0000e+00
    11.0014   3.415341      8.733 0.0000e+00
    11.0023   3.415661      8.866 0.0000e+00
    11.0005   3.416955      9.001 0.0000e+00
    11.0041   3.417924      9.141 0.0000e+00
    11.0096   3.418406      9.282 0.0000e+00
    11.0096   3.419375      9.424 0.0000e+00
    11.0096   3.419208      9.569 0.0000e+00
    11.0087   3.419204      9.718 0.0000e+00
    11.0133   3.419037      9.872 0.0000e+00
    11.0132   3.420168     10.033 0.0000e+00
    11.0132   3.420650     10.203 0.0000e+00
    11.0160   3.421295     10.383 0.0000e+00
    11.0187   3.422101     10.578 0.0000e+00
    11.0196   3.423233     10.791 0.0000e+00
    11.0242   3.424202     11.030 0.0000e+00
    11.0269   3.424197     11.284 0.0000e+00
    11.0333   3.425328     11.531 0.0000e+00
    11.0343   3.425973     11.761 0.0000e+00
    11.0361   3.426779     11.982 0.0000e+00
    11.0388   3.427099     12.201 0.0000e+00
    11.0379   3.428068     12.426 0.0000e+00
    11.0406   3.427902     12.662 0.0000e+00
    11.0415   3.428059     12.917 0.0000e+00
    11.0415   3.428055     13.183 0.0000e+00
    11.0388   3.428212     13.436 0.0000e+00
    11.0397   3.427883     13.668 0.0000e+00
    11.0387   3.427879     13.887 0.0000e+00
    11.0378   3.428199     14.095 0.0000e+00
    11.0396   3.428194     14.299 0.0000e+00
    11.0405   3.428676     14.506 0.0000e+00
    11.0405   3.428996     14.721 0.0000e+00
    11.0405   3.428829     14.935 0.0000e+00
    11.0414   3.429798     15.124 0.0000e+00
    11.0442   3.430662     15.275 0.0000e+00
    11.0469   3.431527     15.390 0.0000e+00
    11.0497   3.432392     15.469 -9.990e-29
    11.0543   3.432394     15.509 -9.990e-29
    11.0497   3.433206     15.506 -9.990e-29
    11.0524   3.432883     15.455 -9.990e-29
    11.0525   3.433209     15.360 -9.990e-29
    11.0543   3.433210     15.239 -9.990e-29
    11.0516   3.433373     15.095 -9.990e-29
    11.0561   3.434673     14.912 -9.990e-29
    11.0543   3.435161     14.688 -9.990e-29
    11.0562   3.435162     14.449 -9.990e-29
    11.0562   3.434838     14.221 -9.990e-29
    11.0562   3.435813     14.001 -9.990e-29
    11.0516   3.436788     13.782 -9.990e-29
    11.0516   3.436952     13.576 -9.990e-29
    11.0489   3.437115     13.379 -9.990e-29
    11.0516   3.436305     13.170 -9.990e-29
    11.0461   3.437604     12.947 -9.990e-29
    11.0471   3.436957     12.717 -9.990e-29
    11.0452   3.437282     12.488 -9.990e-29
    11.0462   3.436959     12.272 -9.990e-29
    11.0471   3.436960     12.080 -9.990e-29
    11.0434   3.437611     11.925 -9.990e-29
    11.0453   3.437450     11.806 -9.990e-29
    11.0453   3.437451     11.707 -9.990e-29
    11.0462   3.437452     11.630 -9.990e-29
    11.0462   3.437291     11.592 -9.990e-29
    11.0444   3.437779     11.602 -9.990e-29
    11.0453   3.437780     11.652 -9.990e-29
    11.0462   3.437619     11.738 -9.990e-29
    11.0462   3.438107     11.859 -9.990e-29
    11.0462   3.438433     12.015 -9.990e-29
    11.0481   3.438596     12.209 -9.990e-29
    11.0435   3.438760     12.428 -9.990e-29
    11.0490   3.438599     12.646 -9.990e-29
    11.0472   3.439574     12.856 -9.990e-29
    11.0472   3.438764     13.062 -9.990e-29
    11.0472   3.439252     13.270 -9.990e-29
    11.0481   3.439091     13.487 -9.990e-29
    11.0463   3.440228     13.718 -9.990e-29
    11.0472   3.440391     13.972 -9.990e-29
    11.0472   3.440230     14.240 -9.990e-29
    11.0472   3.440394     14.498 -9.990e-29
    11.0463   3.440882     14.736 -9.990e-29
    11.0473   3.440883     14.964 -9.990e-29
    11.0454   3.440722     15.189 -9.990e-29
    11.0491   3.440399     15.419 0.0000e+00
    11.0464   3.440562     15.662 0.0000e+00
    11.0482   3.441212     15.927 0.0000e+00
    11.0473   3.441051     16.205 0.0000e+00
    11.0491   3.441864     16.475 0.0000e+00
    11.0464   3.441541     16.733 0.0000e+00
    11.0492   3.442029     16.988 0.0000e+00
    11.0473   3.442192     17.248 0.0000e+00
    11.0501   3.442031     17.524 0.0000e+00
    11.0492   3.442032     17.809 0.0000e+00
    11.0519   3.442196     18.082 0.0000e+00
    11.0501   3.442035     18.337 0.0000e+00
    11.0492   3.442360     18.584 0.0000e+00
    11.0492   3.442524     18.831 0.0000e+00
    11.0520   3.442687     19.088 0.0000e+00
    11.0501   3.442689     19.346 0.0000e+00
    11.0520   3.443014     19.583 0.0000e+00
    11.0483   3.442691     19.793 0.0000e+00
    11.0520   3.442855     19.982 0.0000e+00
    11.0493   3.443667     20.155 0.0000e+00
    11.0511   3.443506     20.317 0.0000e+00
    11.0520   3.443832     20.467 0.0000e+00
    11.0520   3.444807     20.606 0.0000e+00
    11.0502   3.444646     20.737 0.0000e+00
    11.0520   3.444647     20.862 0.0000e+00
    11.0521   3.445297     20.983 0.0000e+00
    11.0539   3.447895     21.101 0.0000e+00
    11.0493   3.445787     21.216 0.0000e+00
    11.0530   3.446112     21.330 0.0000e+00
    11.0548   3.447574     21.442 0.0000e+00
    11.0548   3.447088     21.555 0.0000e+00
    11.0567   3.447576     21.666 0.0000e+00
    11.0558   3.448389     21.775 0.0000e+00
    11.0585   3.448552     21.882 0.0000e+00
    11.0576   3.449203     21.988 0.0000e+00
    11.0604   3.449042     22.093 0.0000e+00
    11.0586   3.448881     22.198 0.0000e+00
    11.0576   3.450180     22.303 0.0000e+00
    11.0650   3.450343     22.409 0.0000e+00
    11.0622   3.450345     22.514 0.0000e+00
    11.0650   3.450833     22.620 0.0000e+00
    11.0641   3.450509     22.727 0.0000e+00
    11.0669   3.451322     22.835 0.0000e+00
    11.0641   3.451810     22.945 0.0000e+00
    11.0678   3.452136     23.056 0.0000e+00
    11.0669   3.452137     23.169 0.0000e+00
    11.0687   3.453112     23.283 0.0000e+00
    11.0669   3.452789     23.400 0.0000e+00
    11.0687   3.452627     23.517 0.0000e+00
    11.0697   3.452791     23.632 0.0000e+00
    11.0706   3.453117     23.746 0.0000e+00
    11.0733   3.453442     23.858 0.0000e+00
    11.0706   3.453119     23.971 0.0000e+00
    11.0706   3.453283     24.082 0.0000e+00
    11.0706   3.453933     24.194 0.0000e+00
    11.0697   3.454746     24.304 0.0000e+00
    11.0697   3.455071     24.416 0.0000e+00
    11.0679   3.454424     24.528 0.0000e+00
    11.0688   3.455236     24.640 0.0000e+00
    11.0679   3.455400     24.751 0.0000e+00
