tests/resources/test-data/CAST0002_mod_filt_loop_min_v_exclude_flags_from_remove_soak.cnv
* Sea-Bird SBE 19 Data File:
* FileName =
* Software Version 4.234
* Temperature SN = 2835
* Conductivity SN = 2835
* System UpLoad Time = Wed Jan 19 11:48:56 2005

* S>ds
# nquan = 4
# nvalues = 911                         
# units = specified
# name 0 = t090C: Temperature [ITS-90, deg C]
# name 1 = c0S/m: Conductivity [S/m]
# name 2 = prSM: Pressure, Strain Gauge [db]
# name 3 = flag:  0.000e+00
# span 0 =     7.6099,    11.0981       
# span 1 =   2.246650,   3.473804       
# span 2 =     -0.364,     29.627       
# span 3 = 0.0000e+00, 0.0000e+00       
# interval = seconds: 0.5
# start_time = Aug 16 2022 12:58:21 [DatCnv date, localtime]
# bad_flag = -9.990e-29
*END*
[from data line 712]
    11.0679   3.455889     24.973 0.0000e+00
    11.0707   3.455728     25.084 0.0000e+00
    11.0661   3.455891     25.195 0.0000e+00
    11.0716   3.456055     25.306 0.0000e+00
    11.0698   3.455894     25.417 0.0000e+00
    11.0716   3.456057     25.527 0.0000e+00
    11.0680   3.456059     25.637 0.0000e+00
    11.0689   3.456384     25.748 0.0000e+00
    11.0698   3.456223     25.860 0.0000e+00
    11.0698   3.456062     25.974 0.0000e+00
    11.0689   3.456388     26.090 0.0000e+00
    11.0680   3.456714     26.206 0.0000e+00
    11.0705   3.456768     26.320 0.0000e+00
    11.0729   3.456822     26.431 0.0000e+00
    11.0753   3.456874     26.538 0.0000e+00
    11.0735   3.456386     26.643 0.0000e+00
    11.0698   3.456709     26.745 0.0000e+00
    11.0680   3.457519     26.847 0.0000e+00
    11.0689   3.457193     26.949 0.0000e+00
    11.0661   3.457353     27.050 0.0000e+00
    11.0661   3.457352     27.153 0.0000e+00
    11.0680   3.456701     27.255 0.0000e+00
    11.0643   3.457187     27.357 0.0000e+00
    11.0652   3.457185     27.460 0.0000e+00
    11.0670   3.457670     27.563 0.0000e+00
    11.0670   3.457507     27.666 0.0000e+00
    11.0634   3.457343     27.771 0.0000e+00
    11.0652   3.457503     27.875 0.0000e+00
    11.0606   3.457664     27.978 0.0000e+00
    11.0597   3.457987     28.081 0.0000e+00
    11.0615   3.458473     28.184 0.0000e+00
    11.0606   3.458633     28.285 0.0000e+00
    11.0615   3.459119     28.387 0.0000e+00
    11.0624   3.457981     28.489 0.0000e+00
    11.0624   3.458629     28.591 0.0000e+00
    11.0615   3.458952     28.692 0.0000e+00
    11.0615   3.458788     28.792 0.0000e+00
    11.0605   3.458949     28.892 0.0000e+00
    11.0569   3.459434     28.990 0.0000e+00
    11.0624   3.459595     29.084 0.0000e+00
    11.0605   3.459431     29.172 0.0000e+00
    11.0605   3.460078     29.252 0.0000e+00
    11.0587   3.460077     29.324 0.0000e+00
    11.0642   3.459589     29.387 -9.990e-29
    11.0642   3.459587     29.438 -9.990e-29
    11.0660   3.459423     29.479 -9.990e-29
    11.0614   3.458448     29.512 -9.990e-29
    11.0678   3.458933     29.538 -9.990e-29
    11.0660   3.459094     29.558 -9.990e-29
    11.0669   3.459904     29.574 -9.990e-29
    11.0632   3.459415     29.586 -9.990e-29
    11.0641   3.459089     29.595 -9.990e-29
    11.0650   3.459250     29.603 -9.990e-29
    11.0659   3.459573     29.609 -9.990e-29
    11.0604   3.458111     29.614 -9.990e-29
    11.0687   3.460543     29.618 -9.990e-29
    11.0568   3.459731     29.621 -9.990e-29
    11.0632   3.460378     29.624 -9.990e-29
    11.0586   3.460863     29.626 -9.990e-29
    11.0604   3.461348     29.627 -9.990e-29
    11.0604   3.460698     29.627 -9.990e-29
    11.0622   3.460209     29.626 -9.990e-29
    11.0567   3.459883     29.626 -9.990e-29
    11.0595   3.459882     29.626 -9.990e-29
    11.0586   3.459880     29.626 -9.990e-29
    11.0613   3.459554     29.626 -9.990e-29
    11.0595   3.460364     29.625 -9.990e-29
    11.0659   3.460362     29.625 -9.990e-29
    11.0622   3.458413     29.624 -9.990e-29
    11.0686   3.458574     29.623 -9.990e-29
    11.0659   3.459222     29.622 -9.990e-29
    11.0631   3.460031     29.621 -9.990e-29
    11.0603   3.459381     29.619 -9.990e-29
    11.0622   3.459217     29.617 -9.990e-29
    11.0631   3.459540     29.614 -9.990e-29
    11.0622   3.459701     29.610 -9.990e-29
    11.0612   3.461160     29.605 -9.990e-29
    11.0594   3.459860     29.599 -9.990e-29
    11.0585   3.459371     29.591 -9.990e-29
    11.0585   3.460019     29.581 -9.990e-29
    11.0612   3.460180     29.568 -9.990e-29
    11.0603   3.459691     29.551 -9.990e-29
    11.0612   3.459203     29.529 -9.990e-29
    11.0658   3.459201     29.501 -9.990e-29
    11.0630   3.473804     29.465 -9.990e-29
    11.0493   3.456277     29.419 -9.990e-29
    11.0557   3.460170     29.364 0.0000e+00
    11.0566   3.460006     29.300 0.0000e+00
    11.0584   3.459031     29.230 0.0000e+00
    11.0584   3.459030     29.154 0.0000e+00
    11.0593   3.459028     29.072 0.0000e+00
    11.0602   3.459189     28.986 0.0000e+00
    11.0630   3.459025     28.899 0.0000e+00
    11.0648   3.458861     28.811 0.0000e+00
    11.0611   3.459184     28.722 0.0000e+00
    11.0593   3.458533     28.633 0.0000e+00
    11.0611   3.458856     28.544 0.0000e+00
    11.0611   3.458854     28.457 0.0000e+00
    11.0611   3.458366     28.368 0.0000e+00
    11.0602   3.458851     28.280 0.0000e+00
    11.0602   3.458201     28.191 0.0000e+00
    11.0620   3.458523     28.101 0.0000e+00
    11.0611   3.458846     28.011 0.0000e+00
    11.0620   3.458196     27.919 0.0000e+00
    11.0592   3.458194     27.823 0.0000e+00
    11.0620   3.458355     27.723 0.0000e+00
    11.0620   3.458191     27.620 0.0000e+00
    11.0629   3.457703     27.514 0.0000e+00
    11.0601   3.456890     27.401 0.0000e+00
    11.0656   3.457537     27.281 0.0000e+00
    11.0647   3.457860     27.151 0.0000e+00
    11.0638   3.457696     27.008 0.0000e+00
    11.0638   3.457370     26.851 0.0000e+00
    11.0638   3.458018     26.673 0.0000e+00
    11.0638   3.457691     26.469 0.0000e+00
    11.0638   3.457528     26.230 0.0000e+00
    11.0638   3.458013     25.964 0.0000e+00
    11.0619   3.458660     25.693 0.0000e+00
    11.0619   3.458821     25.419 0.0000e+00
    11.0610   3.457197     25.132 0.0000e+00
    11.0647   3.456870     24.833 0.0000e+00
    11.0656   3.456544     24.539 0.0000e+00
    11.0683   3.456380     24.254 0.0000e+00
    11.0701   3.455730     23.966 0.0000e+00
    11.0720   3.455890     23.680 0.0000e+00
    11.0674   3.456376     23.418 0.0000e+00
    11.0665   3.456374     23.183 0.0000e+00
    11.0683   3.456859     22.966 0.0000e+00
    11.0646   3.456695     22.777 0.0000e+00
    11.0674   3.456207     22.639 0.0000e+00
    11.0683   3.455881     22.568 -9.990e-29
    11.0683   3.456366     22.564 -9.990e-29
    11.0692   3.456365     22.617 -9.990e-29
    11.0701   3.456365     22.704 -9.990e-29
    11.0710   3.456364     22.821 -9.990e-29
    11.0719   3.456040     22.980 -9.990e-29
    11.0701   3.456364     23.181 -9.990e-29
    11.0683   3.456202     23.396 -9.990e-29
    11.0683   3.455715     23.598 -9.990e-29
    11.0710   3.454904     23.789 -9.990e-29
    11.0710   3.455877     23.971 -9.990e-29
    11.0701   3.455391     24.131 -9.990e-29
    11.0673   3.454741     24.269 -9.990e-29
    11.0683   3.454255     24.400 -9.990e-29
    11.0701   3.454417     24.537 -9.990e-29
    11.0692   3.455066     24.679 -9.990e-29
    11.0692   3.454092     24.808 -9.990e-29
    11.0701   3.454092     24.923 -9.990e-29
    11.0683   3.454579     25.037 -9.990e-29
    11.0692   3.454417     25.147 -9.990e-29
    11.0701   3.453281     25.233 -9.990e-29
    11.0701   3.453443     25.292 -9.990e-29
    11.0683   3.453281     25.331 -9.990e-29
    11.0683   3.454417     25.345 -9.990e-29
    11.0673   3.453281     25.308 -9.990e-29
    11.0747   3.452632     25.212 -9.990e-29
    11.0673   3.453443     25.057 -9.990e-29
    11.0692   3.452632     24.855 -9.990e-29
    11.0692   3.453281     24.631 -9.990e-29
    11.0673   3.452956     24.394 -9.990e-29
    11.0673   3.453281     24.133 -9.990e-29
    11.0683   3.452794     23.855 -9.990e-29
    11.0683   3.452469     23.578 -9.990e-29
    11.0692   3.452794     23.305 -9.990e-29
    11.0673   3.451820     23.038 -9.990e-29
    11.0692   3.451495     22.797 -9.990e-29
    11.0692   3.451820     22.587 0.0000e+00
    11.0692   3.451982     22.404 0.0000e+00
    11.0683   3.451982     22.241 0.0000e+00
    11.0683   3.451982     22.094 0.0000e+00
    11.0719   3.452307     21.959 0.0000e+00
    11.0683   3.452631     21.834 0.0000e+00
    11.0673   3.450684     21.717 0.0000e+00
    11.0655   3.450846     21.604 0.0000e+00
    11.0637   3.450846     21.496 0.0000e+00
    11.0637   3.450846     21.391 0.0000e+00
    11.0637   3.450846     21.289 0.0000e+00
    11.0600   3.450197     21.189 0.0000e+00
    11.0618   3.449061     21.091 0.0000e+00
    11.0609   3.448737     20.993 0.0000e+00
    11.0609   3.449710     20.896 0.0000e+00
    11.0618   3.448412     20.798 0.0000e+00
    11.0582   3.449548     20.699 0.0000e+00
    11.0609   3.450684     20.599 0.0000e+00
    11.0637   3.448250     20.497 0.0000e+00
    11.0618   3.447925     20.397 0.0000e+00
    11.0554   3.447114     20.299 0.0000e+00
    11.0554   3.447438     20.203 0.0000e+00
    11.0563   3.447438     20.109 0.0000e+00
    11.0609   3.447438     20.019 0.0000e+00
    11.0609   3.446627     19.932 0.0000e+00
    11.0563   3.445653     19.849 0.0000e+00
    11.0563   3.445816     19.770 0.0000e+00
    11.0527   3.445816     19.697 0.0000e+00
    11.0536   3.444355     19.632 0.0000e+00
    11.0554   3.445329     19.575 -9.990e-29
    11.0554   3.445653     19.530 -9.990e-29
    11.0517   3.444842     19.501 -9.990e-29
    11.0527   3.443219     19.490 -9.990e-29
