tests/resources/test-data/SBE19plus.cnv
* Sea-Bird SBE19plus  Data File:
* FileName = C:\seabirdscientific\tests\resources\test-data\SBE19plus_01906398_2019_07_15_0033.hex
* Software version 2.8.0.119
* Temperature SN = 6398
* Conductivity SN = 6398
* System UpLoad Time = Jul 15 2019 10:56:00
* <ApplicationData>
* <Seaterm232>
# nquan = 7
# nvalues = 982                                   
# units = specified
# name 0 = prdM: Pressure, Strain Gauge [db]
# name 1 = tv290C: Temperature [ITS-90, deg C]
# name 2 = c0S/m: Conductivity [S/m]
# name 3 = sal00: Salinity, Practical [PSU]
# name 4 = sbeox0V: Oxygen raw, SBE 43 [V]
# name 5 = ph: pH
# name 6 = flag:  0.000e+00
# span 0 =     -0.021,     22.513                 
# span 1 =    22.9080,    26.7968                 
# span 2 =   0.049819,   2.773892                 
# span 3 =     0.2350,    17.7849                 
# span 4 =     0.5645,     3.5873                 
# span 5 =      7.481,      8.629                 
# span 6 = 0.0000e+00, 0.0000e+00                 
# interval = seconds: 0.25
# start_time = Jul 02 2019 15:46:41 [Instrument's time stamp, header]
# bad_flag = -9.990e-29
*END*
[from data line 616]
     13.090    22.9149   2.511441    16.0011     0.6555      7.732  0.000e+00
     13.171    22.9144   2.513026    16.0123     0.6469      7.728  0.000e+00
     13.262    22.9159   2.516169    16.0337     0.6417      7.722  0.000e+00
     13.361    22.9210   2.521550    16.0694     0.6368      7.720  0.000e+00
     13.480    22.9307   2.522777    16.0745     0.6322      7.715  0.000e+00
     13.618    22.9408   2.523350    16.0748     0.6312      7.712  0.000e+00
     13.763    22.9477   2.523433    16.0728     0.6279      7.710  0.000e+00
     13.902    22.9509   2.524714    16.0806     0.6265      7.704  0.000e+00
     14.028    22.9531   2.526828    16.0945     0.6243      7.702  0.000e+00
     14.142    22.9573   2.526598    16.0914     0.6220      7.701  0.000e+00
     14.265    22.9611   2.527029    16.0930     0.6217      7.699  0.000e+00
     14.400    22.9636   2.529280    16.1078     0.6210      7.697  0.000e+00
     14.535    22.9631   2.529741    16.1111     0.6204      7.692  0.000e+00
     14.655    22.9599   2.530225    16.1156     0.6191      7.689  0.000e+00
     14.767    22.9580   2.529759    16.1131     0.6172      7.688  0.000e+00
     14.886    22.9554   2.530025    16.1158     0.6178      7.683  0.000e+00
     15.003    22.9535   2.529333    16.1117     0.6168      7.680  0.000e+00
     15.121    22.9460   2.530757    16.1243     0.6146      7.676  0.000e+00
     15.227    22.9339   2.531159    16.1315     0.6150      7.675  0.000e+00
     15.340    22.9253   2.532696    16.1454     0.6125      7.669  0.000e+00
     15.474    22.9217   2.535623    16.1671     0.6129      7.669  0.000e+00
     15.625    22.9239   2.538048    16.1832     0.6111      7.667  0.000e+00
     15.778    22.9298   2.538746    16.1859     0.6095      7.663  0.000e+00
     15.916    22.9356   2.538723    16.1836     0.6094      7.656  0.000e+00
     16.036    22.9393   2.539545    16.1880     0.6082      7.657  0.000e+00
     16.155    22.9414   2.541587    16.2015     0.6063      7.656  0.000e+00
     16.258    22.9420   2.544014    16.2182     0.6068      7.651  0.000e+00
     16.317    22.9415   2.545412    16.2281     0.6040      7.649  0.000e+00
     16.338    22.9404   2.544375    16.2213     0.6028      7.646  0.000e+00
     16.370    22.9407   2.543594    16.2157     0.6028      7.646  0.000e+00
     16.456    22.9429   2.543819    16.2164     0.6026      7.639  0.000e+00
     16.597    22.9451   2.550394    16.2615     0.6004      7.637  0.000e+00
     16.780    22.9429   2.566776    16.3768     0.6000      7.636  0.000e+00
     16.982    22.9353   2.591839    16.5550     0.5998      7.633  0.000e+00
     17.160    22.9242   2.617104    16.7361     0.5982      7.630  0.000e+00
     17.282    22.9138   2.648637    16.9614     0.5978      7.626  0.000e+00
     17.343    22.9086   2.651618    16.9843     0.5938      7.622  0.000e+00
     17.371    22.9080   2.646186    16.9463     0.5902      7.620  0.000e+00
     17.409    22.9092   2.642524    16.9201     0.5854      7.617  0.000e+00
     17.486    22.9109   2.643280    16.9248     0.5823      7.615  0.000e+00
     17.589    22.9130   2.673052    17.1332     0.5786      7.614  0.000e+00
     17.710    22.9150   2.679064    17.1747     0.5737      7.607  0.000e+00
     17.852    22.9173   2.690367    17.2533     0.5715      7.603  0.000e+00
     18.006    22.9231   2.704198    17.3483     0.5683      7.596  0.000e+00
     18.157    22.9349   2.717207    17.4353     0.5675      7.596  0.000e+00
     18.306    22.9515   2.728228    17.5063     0.5665      7.595  0.000e+00
     18.443    22.9721   2.729679    17.5084     0.5654      7.590  0.000e+00
     18.548    22.9898   2.729612    17.5009     0.5666      7.583  0.000e+00
     18.616    23.0014   2.729861    17.4981     0.5667      7.587  0.000e+00
     18.653    23.0083   2.729770    17.4947     0.5681      7.584  0.000e+00
     18.682    23.0127   2.729897    17.4939     0.5689      7.582  0.000e+00
     18.729    23.0156   2.730116    17.4942     0.5718      7.581  0.000e+00
     18.820    23.0178   2.730590    17.4967     0.5724      7.580  0.000e+00
     18.943    23.0193   2.731301    17.5011     0.5737      7.575  0.000e+00
     19.091    23.0207   2.732151    17.5065     0.5738      7.577  0.000e+00
     19.257    23.0224   2.732625    17.5091     0.5741      7.575  0.000e+00
     19.423    23.0244   2.732370    17.5065     0.5757      7.573  0.000e+00
     19.580    23.0257   2.734941    17.5240     0.5753      7.576  0.000e+00
     19.710    23.0274   2.740171    17.5601     0.5766      7.575  0.000e+00
     19.785    23.0310   2.741339    17.5669     0.5765      7.569  0.000e+00
     19.826    23.0353   2.741320    17.5651     0.5774      7.568  0.000e+00
     19.871    23.0383   2.740463    17.5578     0.5778      7.566  0.000e+00
     19.945    23.0408   2.742330    17.5699     0.5779      7.563  0.000e+00
     20.069    23.0423   2.745653    17.5927     0.5796      7.562  0.000e+00
     20.240    23.0439   2.749021    17.6157     0.5793      7.565  0.000e+00
     20.425    23.0457   2.753773    17.6484     0.5800      7.560  0.000e+00
     20.599    23.0480   2.754876    17.6553     0.5812      7.560  0.000e+00
     20.735    23.0498   2.759302    17.6857     0.5812      7.557  0.000e+00
     20.816    23.0515   2.766599    17.7363     0.5808      7.554  0.000e+00
     20.860    23.0536   2.765342    17.7266     0.5811      7.555  0.000e+00
     20.930    23.0551   2.764054    17.7170     0.5810      7.556  0.000e+00
     21.060    23.0567   2.764903    17.7223     0.5806      7.552  0.000e+00
     21.209    23.0574   2.767558    17.7406     0.5810      7.548  0.000e+00
     21.366    23.0577   2.767888    17.7428     0.5803      7.551  0.000e+00
     21.506    23.0576   2.769274    17.7526     0.5793      7.547  0.000e+00
     21.619    23.0579   2.770159    17.7587     0.5796      7.543  0.000e+00
     21.716    23.0580   2.770343    17.7599     0.5797      7.542  0.000e+00
     21.813    23.0582   2.771289    17.7665     0.5776      7.543  0.000e+00
     21.910    23.0585   2.773006    17.7784     0.5775      7.539  0.000e+00
     22.016    23.0586   2.773837    17.7842     0.5767      7.540  0.000e+00
     22.127    23.0586   2.773837    17.7842     0.5768      7.538  0.000e+00
     22.229    23.0583   2.773874    17.7845     0.5759      7.539  0.000e+00
     22.291    23.0582   2.773874    17.7846     0.5755      7.534  0.000e+00
     22.317    23.0581   2.773855    17.7845     0.5744      7.535  0.000e+00
     22.337    23.0579   2.773855    17.7846     0.5732      7.534  0.000e+00
     22.366    23.0576   2.773892    17.7849     0.5736      7.536  0.000e+00
     22.393    23.0579   2.773507    17.7821     0.5735      7.532  0.000e+00
     22.415    23.0577   2.772634    17.7760     0.5731      7.532  0.000e+00
     22.438    23.0576   2.754864    17.6510     0.5726      7.530  0.000e+00
     22.463    23.0575   2.769182    17.7518     0.5727      7.528  0.000e+00
     22.485    23.0577   2.773299    17.7807     0.5725      7.528  0.000e+00
     22.502    23.0593   2.772731    17.7760     0.5725      7.523  0.000e+00
     22.507    23.0608   2.768462    17.7454     0.5714      7.514  0.000e+00
     22.508    23.0616   2.759577    17.6826     0.5713      7.504  0.000e+00
     22.509    23.0622   2.771784    17.7682     0.5708      7.494  0.000e+00
     22.513    23.0624   2.771766    17.7680     0.5709      7.489  0.000e+00
     22.510    23.0620   2.771235    17.7644     0.5710      7.486  0.000e+00
     22.497    23.0620   2.767632    17.7391     0.5711      7.486  0.000e+00
     22.475    23.0608   2.764695    17.7189     0.5701      7.493  0.000e+00
     22.449    23.0581   2.761492    17.6975     0.5705      7.495  0.000e+00
     22.423    23.0537   2.755626    17.6579     0.5706      7.498  0.000e+00
     22.383    23.0525   2.762102    17.7040     0.5708      7.499  0.000e+00
     22.316    23.0539   2.773342    17.7826     0.5703      7.497  0.000e+00
     22.177    23.0572   2.773599    17.7831     0.5698      7.500  0.000e+00
     22.006    23.0616   2.772285    17.7721     0.5691      7.503  0.000e+00
     21.828    23.0661   2.771528    17.7650     0.5689      7.503  0.000e+00
     21.649    23.0699   2.772358    17.7693     0.5693      7.502  0.000e+00
     21.479    23.0708   2.772914    17.7729     0.5695      7.504  0.000e+00
     21.312    23.0697   2.773134    17.7749     0.5693      7.503  0.000e+00
     21.146    23.0675   2.772768    17.7733     0.5692      7.504  0.000e+00
     20.977    23.0663   2.772541    17.7722     0.5702      7.503  0.000e+00
     20.837    23.0654   2.772065    17.7692     0.5704      7.499  0.000e+00
     20.699    23.0643   2.772138    17.7702     0.5703      7.501  0.000e+00
     20.548    23.0634   2.771252    17.7643     0.5699      7.499  0.000e+00
     20.399    23.0628   2.769383    17.7515     0.5699      7.502  0.000e+00
     20.285    23.0623   2.769957    17.7557     0.5699      7.504  0.000e+00
     20.178    23.0616   2.767313    17.7374     0.5709      7.500  0.000e+00
     20.047    23.0611   2.767851    17.7414     0.5709      7.502  0.000e+00
     19.891    23.0606   2.765696    17.7265     0.5712      7.499  0.000e+00
     19.726    23.0606   2.763370    17.7102     0.5715      7.499  0.000e+00
     19.532    23.0603   2.762559    17.7046     0.5716      7.499  0.000e+00
     19.314    23.0601   2.758862    17.6787     0.5726      7.500  0.000e+00
     19.123    23.0599   2.751956    17.6302     0.5726      7.498  0.000e+00
     18.938    23.0588   2.749501    17.6134     0.5732      7.498  0.000e+00
     18.741    23.0572   2.743298    17.5705     0.5735      7.495  0.000e+00
     18.550    23.0546   2.740426    17.5514     0.5739      7.493  0.000e+00
     18.383    23.0506   2.737415    17.5318     0.5747      7.496  0.000e+00
     18.230    23.0469   2.737561    17.5343     0.5750      7.494  0.000e+00
     18.098    23.0435   2.737135    17.5327     0.5757      7.493  0.000e+00
     18.010    23.0417   2.734776    17.5168     0.5766      7.492  0.000e+00
     17.912    23.0389   2.732133    17.4994     0.5765      7.491  0.000e+00
     17.766    23.0343   2.731847    17.4992     0.5774      7.494  0.000e+00
     17.582    23.0306   2.730353    17.4902     0.5764      7.494  0.000e+00
     17.398    23.0280   2.728409    17.4776     0.5770      7.492  0.000e+00
     17.214    23.0249   2.725609    17.4591     0.5760      7.493  0.000e+00
     17.040    23.0228   2.713811    17.3771     0.5754      7.493  0.000e+00
     16.910    23.0152   2.706861    17.3312     0.5747      7.496  0.000e+00
     16.813    23.0045   2.709817    17.3562     0.5750      7.497  0.000e+00
     16.721    22.9960   2.691508    17.2309     0.5741      7.493  0.000e+00
     16.613    22.9853   2.692638    17.2430     0.5732      7.495  0.000e+00
     16.504    22.9754   2.676572    17.1340     0.5722      7.499  0.000e+00
     16.389    22.9657   2.661763    17.0338     0.5713      7.499  0.000e+00
     16.256    22.9563   2.647008    16.9338     0.5688      7.501  0.000e+00
     16.096    22.9474   2.647423    16.9402     0.5679      7.504  0.000e+00
     15.932    22.9435   2.620340    16.7517     0.5672      7.501  0.000e+00
     15.805    22.9397   2.618970    16.7436     0.5658      7.502  0.000e+00
     15.688    22.9364   2.621591    16.7632     0.5651      7.502  0.000e+00
     15.570    22.9339   2.610467    16.6862     0.5651      7.502  0.000e+00
     15.469    22.9324   2.606428    16.6585     0.5645      7.500  0.000e+00
     15.388    22.9319   2.595535    16.5824     0.5647      7.502  0.000e+00
     15.305    22.9315   2.580825    16.4796     0.5661      7.498  0.000e+00
     15.205    22.9311   2.580165    16.4751     0.5656      7.497  0.000e+00
     15.108    22.9314   2.573080    16.4255     0.5666      7.499  0.000e+00
     15.027    22.9314   2.569074    16.3974     0.5680      7.496  0.000e+00
     14.927    22.9319   2.564328    16.3641     0.5705      7.499  0.000e+00
     14.784    22.9321   2.559965    16.3335     0.5701      7.496  0.000e+00
     14.624    22.9322   2.550844    16.2697     0.5720      7.493  0.000e+00
     14.487    22.9305   2.558405    16.3232     0.5741      7.494  0.000e+00
     14.362    22.9290   2.557835    16.3198     0.5755      7.492  0.000e+00
     14.233    22.9300   2.554733    16.2978     0.5776      7.491  0.000e+00
     14.098    22.9309   2.546578    16.2405     0.5783      7.495  0.000e+00
     13.980    22.9296   2.541350    16.2045     0.5796      7.491  0.000e+00
     13.872    22.9267   2.537474    16.1785     0.5804      7.491  0.000e+00
     13.763    22.9235   2.537723    16.1814     0.5817      7.489  0.000e+00
     13.658    22.9216   2.539113    16.1918     0.5831      7.488  0.000e+00
     13.583    22.9216   2.537137    16.1780     0.5847      7.490  0.000e+00
     13.515    22.9219   2.531951    16.1417     0.5859      7.487  0.000e+00
     13.418    22.9219   2.530775    16.1335     0.5857      7.485  0.000e+00
     13.273    22.9218   2.530757    16.1334     0.5871      7.484  0.000e+00
     13.107    22.9229   2.529475    16.1241     0.5879      7.486  0.000e+00
     12.916    22.9250   2.528370    16.1156     0.5894      7.488  0.000e+00
     12.711    22.9274   2.525357    16.0938     0.5915      7.484  0.000e+00
     12.528    22.9296   2.521662    16.0672     0.5908      7.485  0.000e+00
     12.413    22.9301   2.514087    16.0142     0.5928      7.483  0.000e+00
     12.360    22.9279   2.515862    16.0274     0.5941      7.484  0.000e+00
     12.325    22.9247   2.509708    15.9856     0.5934      7.483  0.000e+00
     12.270    22.9204   2.509513    15.9858     0.5951      7.482  0.000e+00
     12.184    22.9159   2.508913    15.9832     0.5947      7.481  0.000e+00
     12.050    22.9127   2.508188    15.9794     0.5956      7.484  0.000e+00
     11.866    22.9107   2.506415    15.9678     0.5976      7.485  0.000e+00
     11.659    22.9106   2.505903    15.9642     0.5960      7.486  0.000e+00
     11.468    22.9118   2.489491    15.8494     0.5956      7.485  0.000e+00
     11.309    22.9194   2.472972    15.7316     0.5969      7.487  0.000e+00
     11.181    22.9376   2.470892    15.7107     0.5977      7.488  0.000e+00
     11.077    22.9565   2.462629    15.6465     0.5992      7.488  0.000e+00
     11.013    22.9765   2.457463    15.6036     0.5985      7.489  0.000e+00
     10.951    22.9969   2.447773    15.5291     0.6014      7.485  0.000e+00
     10.850    23.0183   2.443184    15.4898     0.6043      7.490  0.000e+00
     10.707    23.0430   2.439217    15.4537     0.6076      7.493  0.000e+00
     10.558    23.0646   2.429261    15.3772     0.6114      7.495  0.000e+00
     10.409    23.0936   2.419722    15.3012     0.6159      7.494  0.000e+00
     10.251    23.1249   2.412333    15.2394     0.6204      7.496  0.000e+00
     10.085    23.1509   2.398978    15.1382     0.6247      7.498  0.000e+00
      9.951    23.1788   2.378603    14.9883     0.6293      7.497  0.000e+00
      9.841    23.2074   2.374558    14.9508     0.6357      7.496  0.000e+00
      9.716    23.2328   2.368361    14.8997     0.6430      7.495  0.000e+00
      9.586    23.2516   2.355587    14.8056     0.6483      7.498  0.000e+00
      9.492    23.2657   2.345334    14.7305     0.6552      7.496  0.000e+00
      9.412    23.2787   2.339101    14.6834     0.6604      7.498  0.000e+00
      9.306    23.2900   2.332007    14.6310     0.6677      7.500  0.000e+00
      9.174    23.3004   2.324135    14.5737     0.6727      7.502  0.000e+00
      9.042    23.3095   2.303341    14.4283     0.6745      7.504  0.000e+00
      8.913    23.3201   2.302186    14.4170     0.6781      7.512  0.000e+00
      8.777    23.3301   2.289944    14.3300     0.6809      7.518  0.000e+00
