tests/resources/test-data/SBE19plus.cnv
* Sea-Bird SBE19plus  Data File:
* FileName = C:\seabirdscientific\tests\resources\test-data\SBE19plus_01906398_2019_07_15_0033.hex
* Software version 2.8.0.119
* Temperature SN = 6398
* Conductivity SN = 6398
* System UpLoad Time = Jul 15 2019 10:56:00
* <ApplicationData>
* <Seaterm232>
# nquan = 7
# nvalues = 982                                   
# units = specified
# name 0 = prdM: Pressure, Strain Gauge [db]
# name 1 = tv290C: Temperature [ITS-90, deg C]
# name 2 = c0S/m: Conductivity [S/m]
# name 3 = sal00: Salinity, Practical [PSU]
# name 4 = sbeox0V: Oxygen raw, SBE 43 [V]
# name 5 = ph: pH
# name 6 = flag:  0.000e+00
# span 0 =     -0.021,     22.513                 
# span 1 =    22.9080,    26.7968                 
# span 2 =   0.049819,   2.773892                 
# span 3 =     0.2350,    17.7849                 
# span 4 =     0.5645,     3.5873                 
# span 5 =      7.481,      8.629                 
# span 6 = 0.0000e+00, 0.0000e+00                 
# interval = seconds: 0.25
# start_time = Jul 02 2019 15:46:41 [Instrument's time stamp, header]
# bad_flag = -9.990e-29
*END*
[from data line 206]
      0.783    26.6318   1.162724     6.3908     2.7836      8.616  0.000e+00
      0.788    26.6314   1.162733     6.3909     2.7795      8.616  0.000e+00
      0.783    26.6323   1.162585     6.3899     2.7739      8.615  0.000e+00
      0.759    26.6321   1.162682     6.3905     2.7654      8.619  0.000e+00
      0.715    26.6223   1.162895     6.3931     2.7556      8.617  0.000e+00
      0.677    26.5928   1.162895     6.3971     2.7549      8.617  0.000e+00
      0.675    26.5656   1.163081     6.4019     2.7610      8.617  0.000e+00
      0.712    26.5496   1.163308     6.4054     2.7806      8.619  0.000e+00
      0.743    26.5488   1.163424     6.4062     2.8127      8.620  0.000e+00
      0.747    26.5658   1.163058     6.4017     2.8454      8.615  0.000e+00
      0.724    26.5835   1.162979     6.3989     2.8671      8.619  0.000e+00
      0.691    26.5960   1.162909     6.3968     2.8806      8.618  0.000e+00
      0.671    26.5878   1.162882     6.3977     2.9003      8.618  0.000e+00
      0.675    26.5738   1.163058     6.4007     2.9287      8.619  0.000e+00
      0.696    26.5652   1.163349     6.4036     2.9556      8.617  0.000e+00
      0.720    26.5617   1.163456     6.4047     2.9737      8.618  0.000e+00
      0.733    26.5645   1.163298     6.4034     2.9802      8.619  0.000e+00
      0.728    26.5713   1.162988     6.4006     2.9764      8.616  0.000e+00
      0.709    26.5787   1.162909     6.3991     2.9661      8.617  0.000e+00
      0.683    26.5801   1.162831     6.3985     2.9504      8.617  0.000e+00
      0.666    26.5700   1.162794     6.3996     2.9363      8.615  0.000e+00
      0.670    26.5550   1.162923     6.4024     2.9200      8.619  0.000e+00
      0.697    26.5447   1.163206     6.4055     2.9036      8.619  0.000e+00
      0.734    26.5409   1.163400     6.4072     2.8907      8.618  0.000e+00
      0.761    26.5455   1.163424     6.4067     2.8822      8.621  0.000e+00
      0.763    26.5552   1.163011     6.4029     2.8733      8.619  0.000e+00
      0.736    26.5692   1.162914     6.4004     2.8613      8.617  0.000e+00
      0.693    26.5729   1.162909     6.3999     2.8504      8.617  0.000e+00
      0.656    26.5591   1.162905     6.4018     2.8528      8.616  0.000e+00
      0.645    26.5432   1.163150     6.4054     2.8690      8.617  0.000e+00
      0.668    26.5342   1.163391     6.4080     2.8800      8.617  0.000e+00
      0.706    26.5332   1.163743     6.4103     2.8833      8.616  0.000e+00
      0.740    26.5505   1.164248     6.4109     2.8821      8.619  0.000e+00
      0.755    26.5789   1.163868     6.4048     2.8840      8.619  0.000e+00
      0.748    26.6052   1.163284     6.3977     2.8927      8.617  0.000e+00
      0.727    26.6294   1.163071     6.3932     2.8969      8.618  0.000e+00
      0.707    26.6316   1.163020     6.3926     2.8930      8.616  0.000e+00
      0.701    26.6184   1.163210     6.3955     2.8837      8.619  0.000e+00
      0.703    26.6047   1.163470     6.3989     2.8753      8.619  0.000e+00
      0.703    26.5989   1.163548     6.4002     2.8734      8.620  0.000e+00
      0.703    26.5975   1.163618     6.4008     2.8779      8.618  0.000e+00
      0.702    26.6002   1.163655     6.4006     2.8824      8.618  0.000e+00
      0.704    26.6067   1.163743     6.4003     2.8795      8.617  0.000e+00
      0.712    26.6152   1.166393     6.4148     2.8706      8.619  0.000e+00
      0.718    26.6376   1.167691     6.4195     2.8653      8.615  0.000e+00
      0.726    26.6794   1.167770     6.4142     2.9194      8.617  0.000e+00
      0.730    26.7136   1.167904     6.4104     3.0438      8.619  0.000e+00
      0.726    26.7363   1.167946     6.4075     3.1751      8.616  0.000e+00
      0.711    26.7509   1.167987     6.4058     3.2813      8.616  0.000e+00
      0.698    26.7602   1.167969     6.4044     3.3607      8.616  0.000e+00
      0.696    26.7654   1.167936     6.4035     3.4181      8.619  0.000e+00
      0.699    26.7684   1.167932     6.4031     3.4617      8.615  0.000e+00
      0.703    26.7703   1.167923     6.4028     3.4922      8.616  0.000e+00
      0.705    26.7713   1.167969     6.4029     3.5144      8.618  0.000e+00
      0.706    26.7723   1.168103     6.4036     3.5312      8.615  0.000e+00
      0.707    26.7746   1.168103     6.4033     3.5411      8.616  0.000e+00
      0.710    26.7775   1.168103     6.4029     3.5514      8.618  0.000e+00
      0.718    26.7792   1.168103     6.4026     3.5596      8.617  0.000e+00
      0.731    26.7799   1.168126     6.4027     3.5653      8.615  0.000e+00
      0.744    26.7805   1.168219     6.4031     3.5692      8.616  0.000e+00
      0.748    26.7820   1.168219     6.4029     3.5703      8.618  0.000e+00
      0.742    26.7835   1.168219     6.4027     3.5731      8.617  0.000e+00
      0.723    26.7839   1.168210     6.4026     3.5731      8.616  0.000e+00
      0.693    26.7841   1.168201     6.4025     3.5692      8.616  0.000e+00
      0.668    26.7839   1.168219     6.4027     3.5676      8.615  0.000e+00
      0.656    26.7838   1.168210     6.4026     3.5699      8.618  0.000e+00
      0.652    26.7841   1.168173     6.4024     3.5724      8.616  0.000e+00
      0.659    26.7835   1.168103     6.4021     3.5736      8.618  0.000e+00
      0.681    26.7818   1.168080     6.4021     3.5772      8.616  0.000e+00
      0.705    26.7802   1.168011     6.4020     3.5798      8.616  0.000e+00
      0.731    26.7784   1.168029     6.4023     3.5810      8.618  0.000e+00
      0.745    26.7770   1.167876     6.4016     3.5819      8.618  0.000e+00
      0.723    26.7752   1.167871     6.4018     3.5818      8.616  0.000e+00
      0.669    26.7731   1.167899     6.4023     3.5824      8.617  0.000e+00
      0.611    26.7718   1.167936     6.4027     3.5816      8.619  0.000e+00
      0.582    26.7716   1.167992     6.4030     3.5807      8.617  0.000e+00
      0.583    26.7725   1.167997     6.4029     3.5801      8.617  0.000e+00
      0.597    26.7733   1.167992     6.4028     3.5799      8.619  0.000e+00
      0.611    26.7736   1.167964     6.4026     3.5784      8.619  0.000e+00
      0.624    26.7737   1.167955     6.4025     3.5776      8.616  0.000e+00
      0.637    26.7733   1.167936     6.4025     3.5783      8.617  0.000e+00
      0.671    26.7725   1.167992     6.4029     3.5793      8.617  0.000e+00
      0.731    26.7729   1.168071     6.4033     3.5797      8.616  0.000e+00
      0.789    26.7747   1.168024     6.4028     3.5806      8.617  0.000e+00
      0.813    26.7762   1.168024     6.4026     3.5799      8.619  0.000e+00
      0.784    26.7772   1.168052     6.4026     3.5810      8.616  0.000e+00
      0.702    26.7780   1.168048     6.4025     3.5804      8.617  0.000e+00
      0.604    26.7785   1.168020     6.4022     3.5802      8.617  0.000e+00
      0.532    26.7776   1.168094     6.4028     3.5805      8.618  0.000e+00
      0.514    26.7779   1.168187     6.4033     3.5815      8.618  0.000e+00
      0.552    26.7792   1.168335     6.4040     3.5823      8.618  0.000e+00
      0.622    26.7828   1.168275     6.4032     3.5836      8.619  0.000e+00
      0.695    26.7853   1.168256     6.4027     3.5843      8.618  0.000e+00
      0.750    26.7874   1.168326     6.4028     3.5852      8.616  0.000e+00
      0.778    26.7906   1.168381     6.4027     3.5854      8.618  0.000e+00
      0.773    26.7933   1.168335     6.4021     3.5846      8.619  0.000e+00
      0.744    26.7949   1.168164     6.4009     3.5853      8.616  0.000e+00
      0.708    26.7939   1.167955     6.3998     3.5843      8.619  0.000e+00
      0.678    26.7901   1.167732     6.3990     3.5818      8.619  0.000e+00
      0.652    26.7845   1.167769     6.4000     3.5786      8.618  0.000e+00
      0.624    26.7805   1.167667     6.3999     3.5778      8.617  0.000e+00
      0.593    26.7775   1.167691     6.4004     3.5773      8.620  0.000e+00
      0.576    26.7758   1.167667     6.4005     3.5776      8.620  0.000e+00
      0.591    26.7743   1.167598     6.4003     3.5783      8.619  0.000e+00
      0.636    26.7729   1.166745     6.3955     3.5782      8.619  0.000e+00
      0.682    26.7644   1.166750     6.3966     3.5766      8.619  0.000e+00
      0.715    26.7560   1.167181     6.4003     3.5753      8.619  0.000e+00
      0.733    26.7542   1.167334     6.4015     3.5776      8.621  0.000e+00
      0.740    26.7569   1.167209     6.4004     3.5799      8.620  0.000e+00
      0.737    26.7585   1.167352     6.4010     3.5780      8.620  0.000e+00
      0.726    26.7601   1.167575     6.4021     3.5775      8.617  0.000e+00
      0.706    26.7640   1.167668     6.4021     3.5773      8.617  0.000e+00
      0.674    26.7688   1.167598     6.4011     3.5752      8.617  0.000e+00
      0.635    26.7725   1.167607     6.4006     3.5745      8.620  0.000e+00
      0.596    26.7749   1.167598     6.4002     3.5745      8.620  0.000e+00
      0.568    26.7767   1.167783     6.4011     3.5757      8.617  0.000e+00
      0.562    26.7780   1.167793     6.4010     3.5753      8.620  0.000e+00
      0.590    26.7790   1.167756     6.4006     3.5750      8.618  0.000e+00
      0.652    26.7794   1.167598     6.3996     3.5727      8.619  0.000e+00
      0.729    26.7782   1.166884     6.3956     3.5727      8.618  0.000e+00
      0.792    26.7701   1.166713     6.3957     3.5766      8.622  0.000e+00
      0.821    26.7592   1.166935     6.3984     3.5793      8.617  0.000e+00
      0.807    26.7536   1.166861     6.3988     3.5812      8.619  0.000e+00
      0.747    26.7504   1.167023     6.4002     3.5840      8.620  0.000e+00
      0.660    26.7496   1.167287     6.4018     3.5860      8.621  0.000e+00
      0.589    26.7532   1.167287     6.4014     3.5873      8.619  0.000e+00
      0.552    26.7570   1.167362     6.4013     3.5873      8.619  0.000e+00
      0.549    26.7597   1.167264     6.4003     3.5869      8.622  0.000e+00
      0.576    26.7611   1.167171     6.3996     3.5873      8.621  0.000e+00
      0.630    26.7607   1.167069     6.3990     3.5859      8.617  0.000e+00
      0.696    26.7587   1.167042     6.3991     3.5841      8.620  0.000e+00
      0.762    26.7562   1.166977     6.3991     3.5827      8.618  0.000e+00
      0.816    26.7544   1.167088     6.4000     3.5812      8.621  0.000e+00
      0.836    26.7535   1.167162     6.4006     3.5829      8.621  0.000e+00
      0.804    26.7545   1.167046     6.3997     3.5848      8.621  0.000e+00
      0.725    26.7549   1.167107     6.4000     3.5842      8.622  0.000e+00
      0.630    26.7553   1.167130     6.4001     3.5819      8.620  0.000e+00
      0.557    26.7556   1.167362     6.4015     3.5808      8.618  0.000e+00
      0.532    26.7582   1.167450     6.4016     3.5817      8.620  0.000e+00
      0.563    26.7620   1.167487     6.4013     3.5816      8.620  0.000e+00
      0.627    26.7652   1.167394     6.4003     3.5799      8.622  0.000e+00
      0.708    26.7665   1.167362     6.4000     3.5793      8.617  0.000e+00
      0.778    26.7669   1.167232     6.3992     3.5798      8.619  0.000e+00
      0.816    26.7653   1.167246     6.3994     3.5812      8.622  0.000e+00
      0.799    26.7636   1.167287     6.3999     3.5818      8.619  0.000e+00
      0.736    26.7630   1.167403     6.4007     3.5827      8.618  0.000e+00
      0.646    26.7642   1.167403     6.4005     3.5829      8.620  0.000e+00
      0.571    26.7656   1.167357     6.4001     3.5826      8.620  0.000e+00
      0.545    26.7664   1.166119     6.3927     3.5826      8.619  0.000e+00
      0.586    26.7667   1.167232     6.3992     3.5830      8.620  0.000e+00
      0.668    26.7667   1.163645     6.3780     3.5829      8.622  0.000e+00
      0.743    26.7670   1.167209     6.3990     3.5824      8.620  0.000e+00
      0.782    26.7669   1.165813     6.3908     3.5819      8.620  0.000e+00
      0.774    26.7674   1.166967     6.3975     3.5834      8.619  0.000e+00
      0.731    26.7680   1.167297     6.3994     3.5792      8.622  0.000e+00
      0.670    26.7684   1.167107     6.3982     3.5750      8.622  0.000e+00
      0.611    26.7690   1.167204     6.3987     3.5746      8.620  0.000e+00
      0.577    26.7684   1.167107     6.3982     3.5757      8.622  0.000e+00
      0.583    26.7679   1.166967     6.3975     3.5740      8.622  0.000e+00
      0.623    26.7674   1.166175     6.3928     3.5731      8.622  0.000e+00
      0.674    26.7675   1.166518     6.3949     3.5727      8.625  0.000e+00
      0.715    26.7698   1.159386     6.3524     3.5731      8.620  0.000e+00
      0.742    26.7737   1.167450     6.3995     3.5754      8.620  0.000e+00
      0.750    26.7768   1.167510     6.3995     3.5788      8.620  0.000e+00
      0.737    26.7786   1.167426     6.3987     3.5781      8.621  0.000e+00
      0.713    26.7790   1.167385     6.3984     3.5755      8.621  0.000e+00
      0.685    26.7779   1.167496     6.3992     3.5734      8.618  0.000e+00
      0.664    26.7783   1.167552     6.3995     3.5733      8.621  0.000e+00
      0.655    26.7798   1.167218     6.3973     3.5753      8.622  0.000e+00
      0.647    26.7800   1.167482     6.3989     3.5767      8.619  0.000e+00
      0.636    26.7801   1.167394     6.3983     3.5768      8.620  0.000e+00
      0.634    26.7801   1.167116     6.3967     3.5757      8.621  0.000e+00
      0.646    26.7768   1.167042     6.3967     3.5731      8.622  0.000e+00
      0.677    26.7723   1.166935     6.3967     3.5712      8.619  0.000e+00
      0.724    26.7683   1.166462     6.3944     3.5712      8.617  0.000e+00
      0.779    26.7607   1.166207     6.3939     3.5735      8.620  0.000e+00
      0.809    26.7515   1.165920     6.3935     3.5745      8.621  0.000e+00
      0.784    26.7418   1.166346     6.3973     3.5742      8.622  0.000e+00
      0.746    26.7380   1.166703     6.3999     3.5747      8.623  0.000e+00
      0.716    26.7414   1.166750     6.3998     3.5755      8.620  0.000e+00
      0.698    26.7457   1.166787     6.3994     3.5735      8.621  0.000e+00
      0.697    26.7492   1.166680     6.3983     3.5729      8.619  0.000e+00
      0.704    26.7505   1.166671     6.3981     3.5711      8.621  0.000e+00
      0.709    26.7505   1.166694     6.3982     3.5686      8.619  0.000e+00
      0.710    26.7508   1.166680     6.3981     3.5665      8.622  0.000e+00
      0.718    26.7512   1.166629     6.3977     3.5642      8.622  0.000e+00
      0.736    26.7506   1.166495     6.3970     3.5627      8.619  0.000e+00
      0.766    26.7494   1.166597     6.3978     3.5625      8.623  0.000e+00
      0.793    26.7489   1.166634     6.3981     3.5671      8.623  0.000e+00
      0.805    26.7499   1.166703     6.3983     3.5707      8.621  0.000e+00
      0.798    26.7511   1.166736     6.3984     3.5724      8.621  0.000e+00
      0.770    26.7525   1.166671     6.3978     3.5743      8.622  0.000e+00
      0.730    26.7528   1.166648     6.3976     3.5748      8.624  0.000e+00
      0.690    26.7524   1.166680     6.3979     3.5742      8.623  0.000e+00
      0.667    26.7522   1.166685     6.3979     3.5745      8.620  0.000e+00
      0.670    26.7522   1.166671     6.3978     3.5758      8.620  0.000e+00
      0.698    26.7519   1.166439     6.3965     3.5772      8.619  0.000e+00
      0.738    26.7499   1.166384     6.3964     3.5778      8.619  0.000e+00
      0.778    26.7464   1.166110     6.3953     3.5762      8.620  0.000e+00
      0.808    26.7417   1.166254     6.3968     3.5779      8.622  0.000e+00
      0.817    26.7390   1.166333     6.3976     3.5779      8.619  0.000e+00
      0.801    26.7386   1.166360     6.3978     3.5779      8.620  0.000e+00
      0.769    26.7393   1.166314     6.3975     3.5782      8.621  0.000e+00
      0.733    26.7398   1.166564     6.3989     3.5781      8.621  0.000e+00
