tests/resources/test-data/SBE19plus.cnv
* Sea-Bird SBE19plus  Data File:
* FileName = C:\seabirdscientific\tests\resources\test-data\SBE19plus_01906398_2019_07_15_0033.hex
* Software version 2.8.0.119
* Temperature SN = 6398
* Conductivity SN = 6398
* System UpLoad Time = Jul 15 2019 10:56:00
* <ApplicationData>
* <Seaterm232>
# nquan = 7
# nvalues = 982                                   
# units = specified
# name 0 = prdM: Pressure, Strain Gauge [db]
# name 1 = tv290C: Temperature [ITS-90, deg C]
# name 2 = c0S/m: Conductivity [S/m]
# name 3 = sal00: Salinity, Practical [PSU]
# name 4 = sbeox0V: Oxygen raw, SBE 43 [V]
# name 5 = ph: pH
# name 6 = flag:  0.000e+00
# span 0 =     -0.021,     22.513                 
# span 1 =    22.9080,    26.7968                 
# span 2 =   0.049819,   2.773892                 
# span 3 =     0.2350,    17.7849                 
# span 4 =     0.5645,     3.5873                 
# span 5 =      7.481,      8.629                 
# span 6 = 0.0000e+00, 0.0000e+00                 
# interval = seconds: 0.25
# start_time = Jul 02 2019 15:46:41 [Instrument's time stamp, header]
# bad_flag = -9.990e-29
*END*
[from data line 821]
      8.504    23.3542   2.238416    13.9706     0.6848      7.529  0.000e+00
      8.393    23.3771   2.226152    13.8799     0.6861      7.538  0.000e+00
      8.274    23.4025   2.165977    13.4631     0.6894      7.550  0.000e+00
      8.139    23.4500   2.076191    12.8418     0.6925      7.560  0.000e+00
      8.012    23.5439   2.014736    12.4020     0.6981      7.569  0.000e+00
      7.904    23.6627   1.985441    12.1733     0.7059      7.570  0.000e+00
      7.795    23.7644   1.987512    12.1596     0.7237      7.579  0.000e+00
      7.668    23.8327   1.995547    12.1947     0.7547      7.587  0.000e+00
      7.526    23.8766   1.894296    11.5112     0.7963      7.588  0.000e+00
      7.389    23.9580   1.813745    10.9600     0.8427      7.590  0.000e+00
      7.244    24.0874   1.818690    10.9610     0.8849      7.595  0.000e+00
      7.090    24.1934   1.793611    10.7715     0.9240      7.595  0.000e+00
      6.951    24.2666   1.752320    10.4853     0.9729      7.598  0.000e+00
      6.838    24.3406   1.754805    10.4844     1.0308      7.598  0.000e+00
      6.749    24.3994   1.745862    10.4129     1.0898      7.600  0.000e+00
      6.661    24.4402   1.725454    10.2715     1.1450      7.602  0.000e+00
      6.561    24.4827   1.717487    10.2104     1.1993      7.602  0.000e+00
      6.450    24.5189   1.709926    10.1536     1.2460      7.603  0.000e+00
      6.343    24.5492   1.702887    10.1015     1.2884      7.605  0.000e+00
      6.229    24.5726   1.700389    10.0802     1.3261      7.608  0.000e+00
      6.077    24.5904   1.699081    10.0679     1.3588      7.616  0.000e+00
      5.903    24.6020   1.683370     9.9643     1.3885      7.632  0.000e+00
      5.745    24.6195   1.669637     9.8723     1.4117      7.651  0.000e+00
      5.612    24.6402   1.669997     9.8701     1.4335      7.666  0.000e+00
      5.468    24.6568   1.640733     9.6790     1.4529      7.684  0.000e+00
      5.315    24.6797   1.538611     9.0229     1.4718      7.697  0.000e+00
      5.189    24.7490   1.498320     8.7538     1.4892      7.711  0.000e+00
      5.098    24.8463   1.509110     8.8034     1.5086      7.719  0.000e+00
      4.993    24.9231   1.478329     8.5946     1.5349      7.733  0.000e+00
      4.844    24.9783   1.472550     8.5480     1.5774      7.749  0.000e+00
      4.705    25.0242   1.416916     8.1907     1.6309      7.766  0.000e+00
      4.574    25.0852   1.426055     8.2369     1.6835      7.787  0.000e+00
      4.406    25.1378   1.370329     7.8802     1.7343      7.807  0.000e+00
      4.226    25.2015   1.325699     7.5926     1.7883      7.830  0.000e+00
      4.064    25.2941   1.266695     7.2136     1.8455      7.852  0.000e+00
      3.937    25.4212   1.245538     7.0641     1.9061      7.877  0.000e+00
      3.821    25.5492   1.246811     7.0523     1.9761      7.903  0.000e+00
      3.719    25.6394   1.258350     7.1090     2.0667      7.924  0.000e+00
      3.646    25.6849   1.208104     6.7964     2.1775      7.947  0.000e+00
      3.577    25.7601   1.180352     6.6173     2.2924      7.971  0.000e+00
      3.449    25.8834   1.185427     6.6305     2.3912      7.991  0.000e+00
      3.271    25.9800   1.197523     6.6896     2.4787      8.012  0.000e+00
      3.078    26.0202   1.182453     6.5932     2.5785      8.036  0.000e+00
      2.908    26.0529   1.167907     6.5012     2.6865      8.059  0.000e+00
      2.752    26.1127   1.164709     6.4737     2.7834      8.084  0.000e+00
      2.593    26.1820   1.158449     6.4266     2.8612      8.109  0.000e+00
      2.452    26.2488   1.158018     6.4149     2.9380      8.132  0.000e+00
      2.352    26.3036   1.157935     6.4069     3.0178      8.152  0.000e+00
      2.313    26.3436   1.158587     6.4054     3.0950      8.174  0.000e+00
      2.234    26.3751   1.158610     6.4012     3.1674      8.189  0.000e+00
      2.101    26.4047   1.158628     6.3973     3.2286      8.205  0.000e+00
      1.962    26.4243   1.158439     6.3935     3.2758      8.223  0.000e+00
      1.810    26.4339   1.158050     6.3899     3.3150      8.240  0.000e+00
      1.695    26.4415   1.158364     6.3907     3.3498      8.253  0.000e+00
      1.602    26.4572   1.158425     6.3889     3.3775      8.268  0.000e+00
      1.499    26.4735   1.159021     6.3903     3.4003      8.281  0.000e+00
      1.406    26.4857   1.159419     6.3910     3.4238      8.294  0.000e+00
      1.296    26.5001   1.159493     6.3895     3.4412      8.309  0.000e+00
      1.139    26.5122   1.160571     6.3943     3.4544      8.316  0.000e+00
      0.981    26.5315   1.161057     6.3945     3.4644      8.331  0.000e+00
      0.840    26.5536   1.161868     6.3963     3.4726      8.340  0.000e+00
      0.720    26.5727   1.162942     6.4001     3.4801      8.349  0.000e+00
      0.588    26.5967   1.163474     6.4000     3.4910      8.358  0.000e+00
      0.452    26.6183   1.163664     6.3982     3.5036      8.370  0.000e+00
      0.365    26.6379   1.163706     6.3958     3.5149      8.378  0.000e+00
      0.298    26.6522   1.163743     6.3941     3.5253      8.387  0.000e+00
      0.201    26.6611   1.163993     6.3944     3.5330      8.392  0.000e+00
      0.097    26.6692   1.164201     6.3945     3.5385      8.401  0.000e+00
      0.021    26.6768   1.163960     6.3921     3.5406      8.406  0.000e+00
     -0.016    26.6822   1.163298     6.3874     3.5346      8.412  0.000e+00
     -0.015    26.6806   1.163020     6.3860     3.5209      8.415  0.000e+00
     -0.014    26.6645   1.161974     6.3820     3.4931      8.422  0.000e+00
     -0.015    26.6426   1.161719     6.3834     3.4647      8.422  0.000e+00
     -0.015    26.6149   1.163284     6.3965     3.4425      8.428  0.000e+00
     -0.014    26.5899   1.167923     6.4274     3.4347      8.433  0.000e+00
     -0.015    26.5680   1.170790     6.4474     3.4333      8.434  0.000e+00
     -0.015    26.5446   1.173115     6.4644     3.4297      8.437  0.000e+00
     -0.015    26.5202   1.170507     6.4523     3.4043      8.437  0.000e+00
     -0.015    26.4984   0.855566     4.6076     3.3399      8.439  0.000e+00
     -0.014    26.4838   0.151921     0.7388     3.2457      8.438  0.000e+00
     -0.015    26.4730   0.146762     0.7128     3.1480      8.438  0.000e+00
     -0.015    26.4661   0.164916     0.8053     3.0587      8.441  0.000e+00
     -0.015    26.4612   0.161202     0.7865     2.9856      8.438  0.000e+00
     -0.015    26.4567   0.154238     0.7510     2.9256      8.434  0.000e+00
     -0.016    26.4513   0.158827     0.7745     2.8767      8.434  0.000e+00
     -0.015    26.4448   0.185914     0.9135     2.8390      8.432  0.000e+00
     -0.012    26.4374   0.164529     0.8038     2.8094      8.421  0.000e+00
     -0.012    26.4287   0.173417     0.8495     2.7853      8.402  0.000e+00
     -0.012    26.4191   0.145826     0.7089     2.7656      8.401  0.000e+00
     -0.012    26.4086   0.157580     0.7688     2.7497      8.403  0.000e+00
     -0.012    26.3971   0.141461     0.6870     2.7343      8.405  0.000e+00
     -0.013    26.3855   0.120465     0.5813     2.7227      8.409  0.000e+00
     -0.012    26.3737   0.113126     0.5446     2.7116      8.411  0.000e+00
     -0.012    26.3622   0.089885     0.4292     2.7025      8.415  0.000e+00
     -0.013    26.3504   0.078132     0.3715     2.6961      8.417  0.000e+00
     -0.013    26.3385   0.084794     0.4043     2.6907      8.415  0.000e+00
     -0.013    26.3269   0.092197     0.4410     2.6867      8.417  0.000e+00
     -0.012    26.3153   0.096061     0.4602     2.6848      8.415  0.000e+00
     -0.012    26.3033   0.093420     0.4472     2.6810      8.415  0.000e+00
     -0.012    26.2914   0.078119     0.3719     2.6765      8.415  0.000e+00
     -0.013    26.2795   0.073422     0.3490     2.6729      8.414  0.000e+00
     -0.013    26.2652   0.060915     0.2883     2.6687      8.417  0.000e+00
     -0.012    26.2431   0.049819     0.2350     2.6655      8.417  0.000e+00
     -0.013    26.2159   0.061369     0.2908     2.6613      8.415  0.000e+00
     -0.013    26.1893   0.060203     0.2853     2.6591      8.418  0.000e+00
     -0.013    26.1628   0.061964     0.2940     2.6556      8.414  0.000e+00
     -0.012    26.1380   0.065154     0.3096     2.6527      8.414  0.000e+00
     -0.013    26.1136   0.064728     0.3077     2.6512      8.415  0.000e+00
     -0.012    26.0965   0.058496     0.2775     2.6472      8.416  0.000e+00
     -0.011    26.0865   0.049955     0.2364     2.6441      8.416  0.000e+00
      0.024    26.0787   0.385666     1.9871     2.6434      8.432  0.000e+00
      0.266    26.1016   1.160096     6.4477     2.6416      8.465  0.000e+00
      0.257    26.2566   1.216049     6.7614     2.6408      8.483  0.000e+00
      0.077    26.4127   1.231237     6.8298     2.6440      8.496  0.000e+00
      0.171    26.4917   1.146846     6.3156     2.6454      8.501  0.000e+00
      0.350    26.5163   1.175399     6.4819     2.6462      8.501  0.000e+00
      0.233    26.5554   1.206463     6.6614     2.6470      8.508  0.000e+00
      0.003    26.5813   0.479788     2.4793     2.6497      8.515  0.000e+00
     -0.012    26.5117   0.161072     0.7850     2.6525      8.519  0.000e+00
      0.084    26.4291   0.623911     3.2909     2.6534      8.521  0.000e+00
      0.231    26.4278   1.123873     6.1877     2.6514      8.525  0.000e+00
      0.171    26.5104   1.085892     5.9522     2.6509      8.527  0.000e+00
     -0.009    26.5782   0.162872     0.7930     2.6510      8.533  0.000e+00
     -0.014    26.5697   0.112227     0.5379     2.6505      8.534  0.000e+00
     -0.016    26.5470   0.110269     0.5285     2.6494      8.539  0.000e+00
     -0.016    26.5364   0.087765     0.4173     2.6486      8.541  0.000e+00
     -0.015    26.5286   0.077934     0.3692     2.6472      8.542  0.000e+00
     -0.014    26.5209   0.071431     0.3376     2.6447      8.546  0.000e+00
     -0.017    26.5125   0.076371     0.3617     2.6452      8.546  0.000e+00
     -0.017    26.5038   0.074526     0.3528     2.6422      8.546  0.000e+00
     -0.015    26.4946   0.069148     0.3267     2.6420      8.549  0.000e+00
     -0.017    26.4845   0.068580     0.3240     2.6414      8.548  0.000e+00
     -0.016    26.4738   0.067237     0.3176     2.6401      8.548  0.000e+00
     -0.016    26.4630   0.065858     0.3110     2.6403      8.549  0.000e+00
     -0.016    26.4519   0.065710     0.3104     2.6394      8.549  0.000e+00
     -0.017    26.4404   0.064267     0.3034     2.6377      8.550  0.000e+00
     -0.017    26.4289   0.064705     0.3056     2.6372      8.549  0.000e+00
     -0.016    26.4175   0.061654     0.2910     2.6372      8.551  0.000e+00
     -0.015    26.4060   0.060216     0.2841     2.6367      8.552  0.000e+00
     -0.015    26.3944   0.062556     0.2955     2.6364      8.549  0.000e+00
     -0.021    26.3824   0.072709     0.3448     2.6361      8.549  0.000e+00
     -0.016    26.3653   0.113096     0.5446     2.6354      8.550  0.000e+00
     -0.018    26.3479   0.155583     0.7596     2.6375      8.547  0.000e+00
     -0.016    26.3340   0.120918     0.5842     2.6372      8.548  0.000e+00
     -0.015    26.3217   0.127770     0.6188     2.6363      8.545  0.000e+00
     -0.017    26.3102   0.137906     0.6702     2.6371      8.538  0.000e+00
     -0.015    26.2993   0.137460     0.6681     2.6363      8.536  0.000e+00
     -0.016    26.2886   0.175363     0.8620     2.6375      8.535  0.000e+00
     -0.015    26.2778   0.146284     0.7133     2.6387      8.536  0.000e+00
     -0.016    26.2670   0.118269     0.5717     2.6388      8.532  0.000e+00
     -0.015    26.2561   0.103455     0.4976     2.6371      8.531  0.000e+00
     -0.013    26.2455   0.093891     0.4501     2.6356      8.532  0.000e+00
     -0.013    26.2350   0.091664     0.4392     2.6337      8.530  0.000e+00
     -0.013    26.2248   0.095765     0.4596     2.6320      8.527  0.000e+00
     -0.012    26.2149   0.087060     0.4166     2.6308      8.528  0.000e+00
     -0.014    26.2047   0.073057     0.3478     2.6298      8.530  0.000e+00
     -0.012    26.1950   0.068964     0.3278     2.6304      8.522  0.000e+00
     -0.012    26.1845   0.098289     0.4726     2.6346      8.521  0.000e+00
     -0.012    26.1728   0.119643     0.5797     2.6385      8.519  0.000e+00
     -0.012    26.1604   0.109424     0.5285     2.6425      8.515  0.000e+00
     -0.012    26.1469   0.091541     0.4394     2.6446      8.514  0.000e+00
