tests/resources/test-data/SBE19plus.cnv
* Sea-Bird SBE19plus  Data File:
* FileName = C:\seabirdscientific\tests\resources\test-data\SBE19plus_01906398_2019_07_15_0033.hex
* Software version 2.8.0.119
* Temperature SN = 6398
* Conductivity SN = 6398
* System UpLoad Time = Jul 15 2019 10:56:00
* <ApplicationData>
* <Seaterm232>
# nquan = 7
# nvalues = 982                                   
# units = specified
# name 0 = prdM: Pressure, Strain Gauge [db]
# name 1 = tv290C: Temperature [ITS-90, deg C]
# name 2 = c0S/m: Conductivity [S/m]
# name 3 = sal00: Salinity, Practical [PSU]
# name 4 = sbeox0V: Oxygen raw, SBE 43 [V]
# name 5 = ph: pH
# name 6 = flag:  0.000e+00
# span 0 =     -0.021,     22.513                 
# span 1 =    22.9080,    26.7968                 
# span 2 =   0.049819,   2.773892                 
# span 3 =     0.2350,    17.7849                 
# span 4 =     0.5645,     3.5873                 
# span 5 =      7.481,      8.629                 
# span 6 = 0.0000e+00, 0.0000e+00                 
# interval = seconds: 0.25
# start_time = Jul 02 2019 15:46:41 [Instrument's time stamp, header]
# bad_flag = -9.990e-29
*END*
     -0.012    25.3427   0.089667     0.4373     2.5575      7.650  0.000e+00
     -0.012    25.3408   0.113648     0.5592     2.5586      7.653  0.000e+00
     -0.012    25.3387   0.118966     0.5865     2.5606      7.651  0.000e+00
     -0.011    25.3363   0.103895     0.5095     2.5627      7.652  0.000e+00
     -0.011    25.3341   0.094561     0.4621     2.5638      7.650  0.000e+00
     -0.012    25.3326   0.084609     0.4119     2.5637      7.646  0.000e+00
     -0.012    25.3316   0.080956     0.3936     2.5635      7.645  0.000e+00
     -0.011    25.3302   0.071491     0.3463     2.5629      7.653  0.000e+00
      0.107    25.3377   0.890294     4.9297     2.5621      7.896  0.000e+00
      0.351    25.5433   1.157493     6.5098     2.5618      8.113  0.000e+00
      0.473    25.9030   1.166377     6.5130     2.5610      8.234  0.000e+00
      0.558    26.1913   1.166108     6.4713     2.5618      8.307  0.000e+00
      0.624    26.3816   1.165435     6.4411     2.5636      8.347  0.000e+00
      0.645    26.5037   1.164109     6.4165     2.5666      8.374  0.000e+00
      0.655    26.5790   1.164053     6.4059     2.5726      8.391  0.000e+00
      0.697    26.6218   1.164535     6.4029     2.5803      8.403  0.000e+00
      0.741    26.6460   1.164294     6.3982     2.5873      8.412  0.000e+00
      0.758    26.6600   1.162427     6.3852     2.5954      8.423  0.000e+00
      0.761    26.6690   1.162163     6.3824     2.6029      8.430  0.000e+00
      0.749    26.6763   1.161603     6.3781     2.6102      8.437  0.000e+00
      0.730    26.6799   1.161751     6.3785     2.6166      8.443  0.000e+00
      0.729    26.6817   1.162969     6.3855     2.6235      8.452  0.000e+00
      0.736    26.6834   1.163650     6.3893     2.6265      8.457  0.000e+00
      0.748    26.6830   1.164155     6.3923     2.6417      8.463  0.000e+00
      0.758    26.6831   1.164183     6.3925     2.6888      8.470  0.000e+00
      0.757    26.6853   1.163835     6.3901     2.7729      8.473  0.000e+00
      0.742    26.6896   1.163233     6.3860     2.8505      8.480  0.000e+00
      0.723    26.6955   1.162988     6.3837     2.9072      8.485  0.000e+00
      0.717    26.7024   1.163942     6.3884     2.9343      8.491  0.000e+00
      0.726    26.7071   1.164317     6.3900     2.9423      8.494  0.000e+00
      0.745    26.7057   1.164271     6.3899     2.9431      8.500  0.000e+00
      0.771    26.7018   1.163673     6.3869     2.9577      8.505  0.000e+00
      0.798    26.6994   1.162918     6.3828     2.9903      8.510  0.000e+00
      0.821    26.7020   1.162312     6.3788     3.0216      8.513  0.000e+00
      0.829    26.7064   1.161978     6.3763     3.0327      8.515  0.000e+00
      0.819    26.7106   1.162853     6.3809     3.0296      8.520  0.000e+00
      0.794    26.7133   1.162700     6.3796     3.0188      8.520  0.000e+00
      0.761    26.7126   1.162937     6.3811     3.0071      8.525  0.000e+00
      0.740    26.7126   1.163631     6.3852     2.9908      8.528  0.000e+00
      0.730    26.7142   1.163942     6.3868     2.9725      8.530  0.000e+00
      0.739    26.7134   1.164285     6.3890     2.9535      8.533  0.000e+00
      0.766    26.7114   1.163868     6.3868     2.9340      8.540  0.000e+00
      0.796    26.7091   1.162261     6.3776     2.9174      8.543  0.000e+00
      0.820    26.7093   1.160904     6.3695     2.9084      8.543  0.000e+00
      0.824    26.7109   1.161034     6.3701     2.8995      8.543  0.000e+00
      0.817    26.7121   1.162061     6.3760     2.8911      8.547  0.000e+00
      0.812    26.7119   1.163441     6.3842     2.8895      8.551  0.000e+00
      0.813    26.7140   1.164479     6.3900     2.8941      8.551  0.000e+00
      0.822    26.7148   1.164725     6.3914     2.9027      8.557  0.000e+00
      0.835    26.7135   1.164674     6.3913     2.9106      8.556  0.000e+00
      0.838    26.7129   1.164271     6.3890     2.9095      8.559  0.000e+00
      0.827    26.7129   1.163854     6.3865     2.9036      8.561  0.000e+00
      0.809    26.7135   1.163353     6.3834     2.8962      8.561  0.000e+00
      0.791    26.7166   1.163529     6.3841     2.8909      8.565  0.000e+00
      0.782    26.7207   1.164155     6.3872     2.8949      8.563  0.000e+00
      0.780    26.7248   1.164405     6.3881     2.9062      8.564  0.000e+00
      0.786    26.7277   1.164349     6.3874     2.9239      8.565  0.000e+00
      0.796    26.7273   1.163826     6.3844     2.9367      8.565  0.000e+00
      0.800    26.7237   1.161385     6.3704     2.9460      8.571  0.000e+00
      0.795    26.7239   1.160686     6.3663     2.9514      8.570  0.000e+00
      0.791    26.7255   1.161487     6.3708     2.9510      8.575  0.000e+00
      0.799    26.7225   1.163423     6.3826     2.9484      8.576  0.000e+00
      0.816    26.7199   1.164373     6.3886     2.9513      8.575  0.000e+00
      0.830    26.7176   1.163585     6.3843     2.9622      8.579  0.000e+00
      0.834    26.7138   1.161256     6.3710     2.9671      8.577  0.000e+00
      0.830    26.7143   1.160335     6.3655     2.9604      8.579  0.000e+00
      0.818    26.7031   1.161034     6.3711     2.9501      8.579  0.000e+00
      0.812    26.6823   1.162941     6.3852     2.9377      8.576  0.000e+00
      0.819    26.6700   1.164109     6.3938     2.9286      8.579  0.000e+00
      0.829    26.6719   1.164502     6.3959     2.9313      8.583  0.000e+00
      0.819    26.6794   1.162302     6.3818     2.9397      8.580  0.000e+00
      0.787    26.6884   1.160927     6.3725     2.9614      8.583  0.000e+00
      0.740    26.6936   1.160529     6.3694     2.9848      8.581  0.000e+00
      0.702    26.6836   1.162024     6.3796     2.9976      8.587  0.000e+00
      0.698    26.6760   1.163914     6.3919     3.0047      8.583  0.000e+00
      0.745    26.6755   1.165128     6.3991     3.0199      8.585  0.000e+00
      0.829    26.6824   1.164317     6.3934     3.0373      8.585  0.000e+00
      0.903    26.6927   1.161636     6.3761     3.0527      8.587  0.000e+00
      0.950    26.6994   1.161511     6.3744     3.0700      8.591  0.000e+00
      0.942    26.6624   1.161923     6.3819     3.0822      8.593  0.000e+00
      0.890    26.6122   1.161742     6.3876     3.1022      8.591  0.000e+00
      0.814    26.5808   1.161557     6.3908     3.1192      8.593  0.000e+00
      0.742    26.5621   1.162071     6.3964     3.1254      8.592  0.000e+00
      0.708    26.5503   1.162118     6.3983     3.1198      8.592  0.000e+00
      0.714    26.5505   1.162724     6.4018     3.1138      8.595  0.000e+00
      0.759    26.5690   1.163150     6.4019     3.1044      8.595  0.000e+00
      0.795    26.5954   1.162747     6.3959     3.1022      8.599  0.000e+00
      0.828    26.6182   1.161372     6.3846     3.1073      8.596  0.000e+00
      0.842    26.6359   1.161076     6.3805     3.1124      8.595  0.000e+00
      0.842    26.6290   1.160918     6.3805     3.1094      8.598  0.000e+00
      0.834    26.6003   1.161020     6.3850     3.1004      8.600  0.000e+00
      0.837    26.5773   1.161701     6.3921     3.0886      8.599  0.000e+00
      0.849    26.5671   1.162002     6.3953     3.0817      8.596  0.000e+00
      0.860    26.5694   1.161340     6.3911     3.0756      8.598  0.000e+00
      0.859    26.5752   1.160766     6.3869     3.0601      8.599  0.000e+00
      0.841    26.5792   1.160631     6.3855     3.0449      8.600  0.000e+00
      0.812    26.5675   1.160530     6.3865     3.0344      8.601  0.000e+00
      0.781    26.5430   1.160516     6.3898     3.0256      8.599  0.000e+00
      0.759    26.5256   1.160928     6.3946     3.0137      8.600  0.000e+00
      0.749    26.5187   1.161020     6.3961     2.9969      8.600  0.000e+00
      0.764    26.5218   1.161192     6.3966     2.9819      8.604  0.000e+00
      0.797    26.5366   1.160960     6.3933     2.9680      8.601  0.000e+00
      0.831    26.5533   1.160220     6.3866     2.9558      8.601  0.000e+00
      0.852    26.5680   1.160196     6.3845     2.9433      8.602  0.000e+00
      0.852    26.5740   1.160321     6.3844     2.9389      8.602  0.000e+00
      0.833    26.5537   1.160400     6.3876     2.9416      8.600  0.000e+00
      0.811    26.5281   1.160289     6.3904     2.9447      8.604  0.000e+00
      0.785    26.5064   1.160234     6.3930     2.9412      8.603  0.000e+00
      0.763    26.4906   1.160058     6.3942     2.9365      8.605  0.000e+00
      0.759    26.4806   1.160136     6.3960     2.9338      8.603  0.000e+00
      0.782    26.4755   1.160507     6.3989     2.9298      8.607  0.000e+00
      0.815    26.4757   1.160539     6.3990     2.9235      8.603  0.000e+00
      0.839    26.4870   1.160423     6.3968     2.9145      8.609  0.000e+00
      0.844    26.5029   1.159947     6.3918     2.9017      8.607  0.000e+00
      0.831    26.5187   1.160053     6.3903     2.8849      8.610  0.000e+00
      0.803    26.5300   1.160183     6.3895     2.8643      8.606  0.000e+00
      0.771    26.5224   1.160234     6.3909     2.8490      8.609  0.000e+00
      0.747    26.5038   1.160011     6.3921     2.8358      8.607  0.000e+00
      0.748    26.4883   1.159933     6.3937     2.8310      8.606  0.000e+00
      0.769    26.4797   1.160136     6.3961     2.8307      8.610  0.000e+00
      0.795    26.4771   1.160336     6.3976     2.8328      8.606  0.000e+00
      0.824    26.4891   1.160474     6.3968     2.8320      8.610  0.000e+00
      0.855    26.5150   1.160322     6.3924     2.8289      8.609  0.000e+00
      0.873    26.5397   1.159798     6.3859     2.8264      8.608  0.000e+00
      0.868    26.5596   1.159970     6.3843     2.8221      8.610  0.000e+00
      0.835    26.5646   1.160053     6.3841     2.8139      8.608  0.000e+00
      0.785    26.5352   1.160118     6.3884     2.8110      8.611  0.000e+00
      0.741    26.5031   1.160127     6.3929     2.8273      8.609  0.000e+00
      0.724    26.4777   1.159956     6.3953     2.8466      8.610  0.000e+00
      0.742    26.4641   1.160174     6.3985     2.8586      8.610  0.000e+00
      0.781    26.4595   1.160368     6.4002     2.8676      8.610  0.000e+00
      0.821    26.4600   1.160345     6.4000     2.8742      8.611  0.000e+00
      0.842    26.4717   1.160021     6.3965     2.8756      8.611  0.000e+00
      0.839    26.4883   1.160183     6.3952     2.8719      8.612  0.000e+00
      0.821    26.4976   1.160335     6.3949     2.8754      8.613  0.000e+00
      0.803    26.4875   1.160243     6.3957     2.8915      8.614  0.000e+00
      0.799    26.4734   1.160035     6.3964     2.9094      8.611  0.000e+00
      0.807    26.4611   1.159905     6.3973     2.9215      8.612  0.000e+00
      0.817    26.4530   1.159854     6.3981     2.9278      8.610  0.000e+00
      0.824    26.4481   1.159692     6.3978     2.9290      8.610  0.000e+00
      0.821    26.4448   1.159979     6.3999     2.9226      8.611  0.000e+00
      0.803    26.4412   1.160433     6.4031     2.9111      8.610  0.000e+00
      0.779    26.4353   1.160516     6.4044     2.9001      8.611  0.000e+00
      0.761    26.4331   1.160391     6.4040     2.8923      8.611  0.000e+00
      0.753    26.4328   1.160095     6.4022     2.8826      8.613  0.000e+00
      0.762    26.4308   1.159877     6.4012     2.8705      8.613  0.000e+00
      0.787    26.4280   1.159873     6.4016     2.8614      8.613  0.000e+00
      0.824    26.4254   1.159785     6.4014     2.8523      8.613  0.000e+00
      0.857    26.4251   1.159692     6.4009     2.8459      8.615  0.000e+00
      0.871    26.4250   1.159979     6.4026     2.8362      8.611  0.000e+00
      0.862    26.4240   1.161215     6.4101     2.8248      8.616  0.000e+00
      0.829    26.4198   1.161794     6.4141     2.8247      8.615  0.000e+00
      0.786    26.4219   1.162039     6.4153     2.8333      8.614  0.000e+00
      0.749    26.4333   1.162164     6.4145     2.8422      8.614  0.000e+00
      0.736    26.4405   1.161155     6.4075     2.8508      8.616  0.000e+00
      0.749    26.4438   1.160655     6.4041     2.8591      8.613  0.000e+00
      0.776    26.4431   1.160424     6.4028     2.8633      8.614  0.000e+00
      0.802    26.4416   1.160391     6.4028     2.8632      8.615  0.000e+00
      0.816    26.4396   1.160734     6.4051     2.8594      8.611  0.000e+00
      0.813    26.4385   1.161396     6.4092     2.8468      8.615  0.000e+00
      0.798    26.4376   1.162220     6.4142     2.8383      8.616  0.000e+00
      0.779    26.4335   1.162567     6.4169     2.8321      8.614  0.000e+00
      0.762    26.4325   1.162780     6.4183     2.8328      8.614  0.000e+00
      0.756    26.4368   1.162141     6.4139     2.8318      8.616  0.000e+00
      0.780    26.4414   1.161331     6.4084     2.8288      8.617  0.000e+00
      0.815    26.4418   1.160974     6.4062     2.8212      8.613  0.000e+00
      0.836    26.4393   1.161215     6.4080     2.8127      8.614  0.000e+00
      0.825    26.4361   1.161933     6.4127     2.8036      8.617  0.000e+00
      0.789    26.4339   1.162840     6.4184     2.7963      8.614  0.000e+00
      0.740    26.4330   1.163095     6.4201     2.8007      8.617  0.000e+00
      0.691    26.4391   1.162803     6.4175     2.8128      8.618  0.000e+00
      0.676    26.4436   1.161711     6.4104     2.8201      8.615  0.000e+00
      0.706    26.4438   1.161650     6.4100     2.8231      8.616  0.000e+00
      0.766    26.4493   1.162766     6.4159     2.8256      8.619  0.000e+00
      0.824    26.4812   1.164021     6.4190     2.8337      8.615  0.000e+00
      0.853    26.5258   1.163688     6.4109     2.8432      8.615  0.000e+00
      0.850    26.5649   1.163118     6.4022     2.8574      8.615  0.000e+00
      0.825    26.5947   1.162849     6.3966     2.8721      8.615  0.000e+00
      0.797    26.5972   1.162650     6.3951     2.8971      8.614  0.000e+00
      0.776    26.5763   1.162530     6.3972     2.9186      8.618  0.000e+00
      0.769    26.5553   1.162451     6.3996     2.9287      8.618  0.000e+00
      0.764    26.5421   1.162335     6.4007     2.9287      8.614  0.000e+00
      0.760    26.5352   1.162303     6.4014     2.9202      8.617  0.000e+00
      0.759    26.5325   1.162312     6.4019     2.9054      8.616  0.000e+00
      0.756    26.5334   1.162280     6.4015     2.8841      8.618  0.000e+00
      0.748    26.5366   1.162145     6.4003     2.8602      8.614  0.000e+00
      0.740    26.5383   1.162210     6.4005     2.8339      8.619  0.000e+00
      0.752    26.5403   1.162780     6.4036     2.8084      8.616  0.000e+00
      0.787    26.5457   1.163539     6.4073     2.7842      8.616  0.000e+00
      0.829    26.5632   1.164480     6.4105     2.7675      8.618  0.000e+00
      0.851    26.5910   1.164396     6.4062     2.7612      8.614  0.000e+00
      0.846    26.6164   1.163201     6.3957     2.7630      8.617  0.000e+00
      0.811    26.6403   1.162909     6.3907     2.7733      8.614  0.000e+00
      0.764    26.6402   1.162988     6.3912     2.7848      8.614  0.000e+00
      0.732    26.6089   1.163044     6.3958     2.7987      8.615  0.000e+00
      0.728    26.5813   1.163548     6.4025     2.8153      8.617  0.000e+00
      0.745    26.5697   1.163826     6.4058     2.8259      8.616  0.000e+00
      0.768    26.5668   1.163868     6.4064     2.8327      8.616  0.000e+00
      0.781    26.5787   1.163697     6.4038     2.8357      8.619  0.000e+00
      0.781    26.5970   1.163275     6.3988     2.8318      8.617  0.000e+00
      0.775    26.6142   1.163020     6.3949     2.8228      8.615  0.000e+00
      0.773    26.6298   1.162965     6.3925     2.8139      8.618  0.000e+00
      0.766    26.6434   1.162863     6.3900     2.8062      8.618  0.000e+00
      0.761    26.6485   1.162849     6.3893     2.7976      8.616  0.000e+00
      0.767    26.6433   1.162770     6.3895     2.7913      8.616  0.000e+00
