tests/resources/test-data/SBE37SM-RS232_03716125_2017_11_16.cnv
* Sea-Bird SBE37SM-RS232  Data File:
* FileName = C:\seabirdscientific\tests\resources\test-data\SBE37SM-RS232_03716125_2017_11_16.hex
* Software version SeatermV2 2.6.3.104
* Temperature SN = 16125
* Conductivity SN = 16125
* System UpLoad Time = Nov 16 2017 20:32:55
* sample interval = 90 seconds
* <ApplicationData>
# nquan = 5
# nvalues = 5502                                  
# units = specified
# name 0 = tv290C: Temperature [ITS-90, deg C]
# name 1 = cond0S/m: Conductivity [S/m]
# name 2 = prdM: Pressure, Strain Gauge [db]
# name 3 = sal00: Salinity, Practical [PSU]
# name 4 = flag:  0.000e+00
# span 0 =    -1.9223,    -1.8976                 
# span 1 =   2.711842,   2.721028                 
# span 2 =   -185.791,    165.742                 
# span 3 =    34.5377,    34.8000                 
# span 4 = 0.0000e+00, 0.0000e+00                 
# interval = seconds: 90
# start_time = Nov 10 2017 18:00:01 [Instrument's time stamp, first data scan]
# bad_flag = -9.990e-29
*END*
[from data line 572]
    -1.9120   2.716133     19.298    34.6412  0.000e+00
    -1.9119   2.716160     19.305    34.6414  0.000e+00
    -1.9118   2.716165     19.308    34.6414  0.000e+00
    -1.9116   2.716187     19.309    34.6415  0.000e+00
    -1.9119   2.716187     19.314    34.6419  0.000e+00
    -1.9115   2.716203     19.318    34.6416  0.000e+00
    -1.9121   2.716198     19.321    34.6422  0.000e+00
    -1.9119   2.716187     19.326    34.6419  0.000e+00
    -1.9119   2.716187     19.326    34.6418  0.000e+00
    -1.9117   2.716181     19.327    34.6415  0.000e+00
    -1.9118   2.716154     19.328    34.6413  0.000e+00
    -1.9117   2.716171     19.344    34.6414  0.000e+00
    -1.9120   2.716176     19.336    34.6418  0.000e+00
    -1.9117   2.716181     19.332    34.6415  0.000e+00
    -1.9118   2.716181     19.348    34.6416  0.000e+00
    -1.9120   2.716106     19.346    34.6408  0.000e+00
    -1.9119   2.716133     19.349    34.6410  0.000e+00
    -1.9120   2.716154     19.356    34.6415  0.000e+00
    -1.9119   2.716144     19.341    34.6412  0.000e+00
    -1.9112   2.716181     19.348    34.6409  0.000e+00
    -1.9119   2.716154     19.355    34.6413  0.000e+00
    -1.9118   2.716149     19.363    34.6411  0.000e+00
    -1.9119   2.716122     19.360    34.6409  0.000e+00
    -1.9119   2.716138     19.370    34.6411  0.000e+00
    -1.9120   2.716133     19.359    34.6411  0.000e+00
    -1.9118   2.716116     19.373    34.6407  0.000e+00
    -1.9123   2.716089     19.372    34.6409  0.000e+00
    -1.9120   2.716095     19.376    34.6406  0.000e+00
    -1.9121   2.716095     19.380    34.6407  0.000e+00
    -1.9121   2.716089     19.379    34.6407  0.000e+00
    -1.9117   2.716100     19.391    34.6403  0.000e+00
    -1.9119   2.716100     19.393    34.6406  0.000e+00
    -1.9119   2.716106     19.393    34.6406  0.000e+00
    -1.9119   2.716111     19.390    34.6407  0.000e+00
    -1.9118   2.716122     19.401    34.6408  0.000e+00
    -1.9120   2.716122     19.398    34.6410  0.000e+00
    -1.9115   2.716144     19.403    34.6407  0.000e+00
    -1.9120   2.716138     19.405    34.6412  0.000e+00
    -1.9120   2.716138     19.410    34.6412  0.000e+00
    -1.9119   2.716138     19.417    34.6410  0.000e+00
    -1.9118   2.716144     19.418    34.6410  0.000e+00
    -1.9115   2.716154     19.414    34.6409  0.000e+00
    -1.9118   2.716165     19.420    34.6414  0.000e+00
    -1.9115   2.716165     19.428    34.6409  0.000e+00
    -1.9112   2.716447     19.436    34.6445  0.000e+00
    -1.9106   2.716593     19.426    34.6460  0.000e+00
    -1.9109   2.716496     19.433    34.6449  0.000e+00
    -1.9113   2.716393     19.435    34.6440  0.000e+00
    -1.9118   2.716209     19.440    34.6420  0.000e+00
    -1.9119   2.716181     19.441    34.6416  0.000e+00
    -1.9113   2.716209     19.450    34.6414  0.000e+00
    -1.9118   2.716154     19.446    34.6411  0.000e+00
    -1.9107   2.716555     19.450    34.6456  0.000e+00
    -1.9106   2.716582     19.450    34.6457  0.000e+00
    -1.9105   2.716637     19.449    34.6464  0.000e+00
    -1.9104   2.716680     19.461    34.6469  0.000e+00
    -1.9114   2.716398     19.459    34.6442  0.000e+00
    -1.9117   2.716317     19.461    34.6433  0.000e+00
    -1.9112   2.716344     19.460    34.6431  0.000e+00
    -1.9112   2.716409     19.465    34.6441  0.000e+00
    -1.9115   2.716301     19.473    34.6429  0.000e+00
    -1.9108   2.716588     19.470    34.6461  0.000e+00
    -1.9110   2.716452     19.472    34.6444  0.000e+00
    -1.9106   2.716577     19.463    34.6457  0.000e+00
    -1.9107   2.716512     19.469    34.6449  0.000e+00
    -1.9111   2.716458     19.486    34.6446  0.000e+00
    -1.9109   2.716501     19.480    34.6449  0.000e+00
    -1.9111   2.716447     19.481    34.6444  0.000e+00
    -1.9111   2.716377     19.483    34.6434  0.000e+00
    -1.9111   2.716360     19.482    34.6432  0.000e+00
    -1.9113   2.716344     19.492    34.6432  0.000e+00
    -1.9112   2.716312     19.488    34.6427  0.000e+00
    -1.9112   2.716360     19.488    34.6434  0.000e+00
    -1.9113   2.716377     19.494    34.6437  0.000e+00
    -1.9112   2.716366     19.491    34.6434  0.000e+00
    -1.9112   2.716312     19.496    34.6426  0.000e+00
    -1.9113   2.716290     19.498    34.6424  0.000e+00
    -1.9111   2.716333     19.499    34.6428  0.000e+00
    -1.9113   2.716263     19.504    34.6421  0.000e+00
    -1.9114   2.716230     19.504    34.6418  0.000e+00
    -1.9112   2.716333     19.495    34.6430  0.000e+00
    -1.9113   2.716366     19.505    34.6435  0.000e+00
    -1.9114   2.716355     19.510    34.6435  0.000e+00
    -1.9111   2.716371     19.510    34.6434  0.000e+00
    -1.9114   2.716268     19.509    34.6423  0.000e+00
    -1.9114   2.716301     19.509    34.6427  0.000e+00
    -1.9113   2.716344     19.511    34.6432  0.000e+00
    -1.9113   2.716349     19.517    34.6432  0.000e+00
    -1.9114   2.716349     19.522    34.6434  0.000e+00
    -1.9111   2.716360     19.517    34.6432  0.000e+00
    -1.9111   2.716425     19.516    34.6441  0.000e+00
    -1.9113   2.716469     19.528    34.6449  0.000e+00
    -1.9113   2.716415     19.527    34.6442  0.000e+00
    -1.9114   2.716387     19.525    34.6439  0.000e+00
    -1.9112   2.716349     19.528    34.6432  0.000e+00
    -1.9114   2.716312     19.538    34.6428  0.000e+00
    -1.9114   2.716317     19.531    34.6430  0.000e+00
    -1.9116   2.716274     19.537    34.6426  0.000e+00
    -1.9113   2.716312     19.535    34.6428  0.000e+00
    -1.9115   2.716301     19.530    34.6428  0.000e+00
    -1.9114   2.716317     19.541    34.6429  0.000e+00
    -1.9114   2.716284     19.531    34.6425  0.000e+00
    -1.9115   2.716284     19.536    34.6426  0.000e+00
    -1.9113   2.716349     19.543    34.6432  0.000e+00
    -1.9109   2.716431     19.541    34.6439  0.000e+00
    -1.9110   2.716480     19.548    34.6447  0.000e+00
    -1.9108   2.716539     19.542    34.6453  0.000e+00
    -1.9107   2.716561     19.551    34.6456  0.000e+00
    -1.9109   2.716610     19.543    34.6464  0.000e+00
    -1.9109   2.716452     19.549    34.6442  0.000e+00
    -1.9116   2.716301     19.554    34.6429  0.000e+00
    -1.9112   2.716355     19.552    34.6432  0.000e+00
    -1.9114   2.716344     19.548    34.6433  0.000e+00
    -1.9113   2.716377     19.554    34.6436  0.000e+00
    -1.9109   2.716523     19.557    34.6452  0.000e+00
    -1.9108   2.716490     19.562    34.6446  0.000e+00
    -1.9108   2.716550     19.556    34.6455  0.000e+00
    -1.9111   2.716420     19.558    34.6440  0.000e+00
    -1.9110   2.716398     19.556    34.6436  0.000e+00
    -1.9112   2.716458     19.567    34.6446  0.000e+00
    -1.9112   2.716377     19.568    34.6435  0.000e+00
    -1.9113   2.716322     19.562    34.6429  0.000e+00
    -1.9114   2.716312     19.564    34.6429  0.000e+00
    -1.9113   2.716371     19.567    34.6435  0.000e+00
    -1.9110   2.716344     19.561    34.6428  0.000e+00
    -1.9114   2.716328     19.572    34.6430  0.000e+00
    -1.9112   2.716333     19.569    34.6429  0.000e+00
    -1.9113   2.716317     19.566    34.6427  0.000e+00
    -1.9112   2.716339     19.564    34.6430  0.000e+00
    -1.9112   2.716312     19.574    34.6426  0.000e+00
    -1.9116   2.716284     19.577    34.6426  0.000e+00
    -1.9114   2.716306     19.571    34.6427  0.000e+00
    -1.9112   2.716312     19.575    34.6425  0.000e+00
    -1.9113   2.716328     19.574    34.6430  0.000e+00
    -1.9111   2.716317     19.569    34.6426  0.000e+00
    -1.9116   2.716312     19.573    34.6431  0.000e+00
    -1.9114   2.716301     19.578    34.6427  0.000e+00
    -1.9115   2.716295     19.572    34.6427  0.000e+00
    -1.9116   2.716295     19.584    34.6428  0.000e+00
    -1.9115   2.716290     19.575    34.6426  0.000e+00
    -1.9115   2.716317     19.580    34.6430  0.000e+00
    -1.9112   2.716301     19.576    34.6424  0.000e+00
    -1.9113   2.716312     19.579    34.6427  0.000e+00
    -1.9115   2.716306     19.582    34.6428  0.000e+00
    -1.9114   2.716284     19.582    34.6424  0.000e+00
    -1.9114   2.716301     19.577    34.6426  0.000e+00
    -1.9112   2.716295     19.577    34.6424  0.000e+00
    -1.9114   2.716284     19.575    34.6424  0.000e+00
    -1.9113   2.716290     19.581    34.6424  0.000e+00
    -1.9114   2.716312     19.583    34.6429  0.000e+00
    -1.9112   2.716317     19.573    34.6426  0.000e+00
    -1.9115   2.716274     19.576    34.6424  0.000e+00
    -1.9114   2.716284     19.576    34.6424  0.000e+00
    -1.9114   2.716284     19.575    34.6424  0.000e+00
    -1.9113   2.716312     19.572    34.6427  0.000e+00
    -1.9107   2.716328     19.585    34.6422  0.000e+00
    -1.9113   2.716306     19.574    34.6427  0.000e+00
    -1.9116   2.716301     19.580    34.6430  0.000e+00
    -1.9114   2.716306     19.581    34.6427  0.000e+00
    -1.9109   2.716333     19.573    34.6426  0.000e+00
    -1.9112   2.716322     19.571    34.6428  0.000e+00
    -1.9112   2.716328     19.584    34.6428  0.000e+00
    -1.9111   2.716333     19.569    34.6428  0.000e+00
    -1.9112   2.716322     19.571    34.6428  0.000e+00
    -1.9114   2.716328     19.578    34.6431  0.000e+00
    -1.9114   2.716339     19.575    34.6432  0.000e+00
    -1.9109   2.716339     19.579    34.6426  0.000e+00
    -1.9113   2.716328     19.574    34.6429  0.000e+00
    -1.9112   2.716317     19.575    34.6427  0.000e+00
    -1.9111   2.716344     19.566    34.6430  0.000e+00
    -1.9112   2.716344     19.580    34.6431  0.000e+00
    -1.9112   2.716333     19.576    34.6429  0.000e+00
    -1.9111   2.716355     19.565    34.6431  0.000e+00
    -1.9111   2.716366     19.566    34.6433  0.000e+00
    -1.9112   2.716377     19.581    34.6434  0.000e+00
    -1.9111   2.716398     19.576    34.6437  0.000e+00
    -1.9112   2.716398     19.571    34.6438  0.000e+00
    -1.9111   2.716431     19.575    34.6441  0.000e+00
    -1.9109   2.716425     19.571    34.6438  0.000e+00
    -1.9109   2.716431     19.572    34.6439  0.000e+00
    -1.9110   2.716409     19.578    34.6437  0.000e+00
    -1.9099   2.716415     19.569    34.6426  0.000e+00
    -1.9109   2.716507     19.567    34.6450  0.000e+00
    -1.9135   2.717704     19.575    34.6649  0.000e+00
    -1.9135   2.717710     19.566    34.6649  0.000e+00
    -1.9136   2.717715     19.576    34.6652  0.000e+00
    -1.9137   2.717721     19.560    34.6654  0.000e+00
    -1.9134   2.717721     19.565    34.6650  0.000e+00
    -1.9136   2.717737     19.571    34.6654  0.000e+00
    -1.9136   2.717742     19.559    34.6655  0.000e+00
    -1.9134   2.717748     19.566    34.6653  0.000e+00
    -1.9135   2.717753     19.567    34.6656  0.000e+00
    -1.9133   2.717764     19.562    34.6655  0.000e+00
    -1.9134   2.717775     19.562    34.6657  0.000e+00
    -1.9131   2.717786     19.559    34.6656  0.000e+00
    -1.9133   2.717753     19.561    34.6653  0.000e+00
    -1.9131   2.717753     19.557    34.6651  0.000e+00
    -1.9124   2.717753     19.561    34.6643  0.000e+00
    -1.9130   2.717731     19.563    34.6647  0.000e+00
    -1.9130   2.717704     19.563    34.6643  0.000e+00
    -1.9131   2.717634     19.552    34.6635  0.000e+00
    -1.9130   2.717618     19.558    34.6631  0.000e+00
    -1.9128   2.717412     19.562    34.6600  0.000e+00
    -1.9128   2.717423     19.552    34.6601  0.000e+00
    -1.9127   2.717401     19.559    34.6597  0.000e+00
    -1.9127   2.717374     19.550    34.6593  0.000e+00
    -1.9126   2.717352     19.550    34.6589  0.000e+00
    -1.9127   2.717325     19.554    34.6586  0.000e+00
    -1.9128   2.717330     19.552    34.6588  0.000e+00
    -1.9127   2.717309     19.546    34.6584  0.000e+00
    -1.9123   2.717309     19.553    34.6579  0.000e+00
    -1.9123   2.717238     19.545    34.6569  0.000e+00
    -1.9129   2.717135     19.544    34.6562  0.000e+00
    -1.9126   2.717157     19.543    34.6561  0.000e+00
    -1.9123   2.717206     19.540    34.6565  0.000e+00
    -1.9119   2.717184     19.542    34.6556  0.000e+00
    -1.9122   2.717179     19.541    34.6560  0.000e+00
    -1.9124   2.717157     19.538    34.6559  0.000e+00
    -1.9121   2.717162     19.526    34.6556  0.000e+00
    -1.9125   2.717168     19.529    34.6562  0.000e+00
    -1.9124   2.717152     19.529    34.6558  0.000e+00
    -1.9123   2.717173     19.534    34.6560  0.000e+00
    -1.9124   2.717179     19.525    34.6562  0.000e+00
    -1.9126   2.717157     19.527    34.6561  0.000e+00
    -1.9127   2.717157     19.523    34.6563  0.000e+00
    -1.9126   2.717189     19.513    34.6566  0.000e+00
    -1.9123   2.717217     19.515    34.6566  0.000e+00
    -1.9122   2.717211     19.512    34.6565  0.000e+00
    -1.9126   2.717227     19.508    34.6572  0.000e+00
    -1.9127   2.717211     19.509    34.6570  0.000e+00
    -1.9111   2.717282     19.506    34.6562  0.000e+00
    -1.9126   2.717238     19.504    34.6572  0.000e+00
    -1.9124   2.717265     19.500    34.6575  0.000e+00
    -1.9113   2.717282     19.492    34.6564  0.000e+00
    -1.9118   2.717255     19.490    34.6566  0.000e+00
    -1.9126   2.717189     19.482    34.6566  0.000e+00
    -1.9124   2.717173     19.493    34.6561  0.000e+00
    -1.9124   2.717157     19.487    34.6560  0.000e+00
    -1.9125   2.717184     19.482    34.6564  0.000e+00
    -1.9127   2.717141     19.478    34.6561  0.000e+00
    -1.9129   2.717135     19.481    34.6563  0.000e+00
    -1.9121   2.718198     19.469    34.6702  0.000e+00
    -1.9144   2.719444     19.466    34.6904  0.000e+00
    -1.9146   2.719580     19.473    34.6926  0.000e+00
    -1.9146   2.719558     19.460    34.6923  0.000e+00
    -1.9148   2.719574     19.452    34.6927  0.000e+00
    -1.9146   2.719558     19.461    34.6923  0.000e+00
    -1.9146   2.719558     19.451    34.6923  0.000e+00
    -1.9147   2.719618     19.448    34.6933  0.000e+00
    -1.9145   2.719574     19.445    34.6924  0.000e+00
    -1.9145   2.719612     19.439    34.6930  0.000e+00
    -1.9146   2.719634     19.437    34.6933  0.000e+00
    -1.9146   2.719607     19.435    34.6930  0.000e+00
    -1.9144   2.719667     19.429    34.6936  0.000e+00
    -1.9141   2.719753     19.426    34.6944  0.000e+00
    -1.9139   2.719889     19.423    34.6961  0.000e+00
    -1.9141   2.720171     19.428    34.7003  0.000e+00
    -1.9141   2.720306     19.412    34.7023  0.000e+00
    -1.9142   2.720366     19.419    34.7032  0.000e+00
    -1.9140   2.720388     19.405    34.7033  0.000e+00
    -1.9138   2.720388     19.408    34.7031  0.000e+00
    -1.9134   2.720409     19.405    34.7029  0.000e+00
    -1.9138   2.720420     19.399    34.7035  0.000e+00
    -1.9137   2.720409     19.400    34.7032  0.000e+00
    -1.9136   2.720393     19.394    34.7029  0.000e+00
    -1.9137   2.720350     19.394    34.7024  0.000e+00
    -1.9136   2.720241     19.382    34.7007  0.000e+00
    -1.9138   2.720138     19.383    34.6995  0.000e+00
    -1.9137   2.720035     19.379    34.6980  0.000e+00
    -1.9137   2.719932     19.381    34.6965  0.000e+00
    -1.9137   2.719623     19.370    34.6922  0.000e+00
    -1.9136   2.719634     19.367    34.6923  0.000e+00
    -1.9136   2.719634     19.359    34.6922  0.000e+00
    -1.9136   2.719255     19.363    34.6869  0.000e+00
    -1.9131   2.718685     19.350    34.6783  0.000e+00
    -1.9126   2.718203     19.349    34.6709  0.000e+00
    -1.9128   2.718013     19.346    34.6685  0.000e+00
    -1.9128   2.718534     19.345    34.6758  0.000e+00
    -1.9116   2.719569     19.340    34.6890  0.000e+00
    -1.9131   2.720821     19.335    34.7083  0.000e+00
    -1.9133   2.720990     19.325    34.7109  0.000e+00
    -1.9131   2.720849     19.332    34.7087  0.000e+00
    -1.9123   2.720968     19.328    34.7094  0.000e+00
    -1.9134   2.721028     19.317    34.7116  0.000e+00
    -1.9133   2.720805     19.319    34.7083  0.000e+00
