tests/resources/test-data/SBE37SM-RS232_03716125_2017_11_16.cnv
* Sea-Bird SBE37SM-RS232  Data File:
* FileName = C:\seabirdscientific\tests\resources\test-data\SBE37SM-RS232_03716125_2017_11_16.hex
* Software version SeatermV2 2.6.3.104
* Temperature SN = 16125
* Conductivity SN = 16125
* System UpLoad Time = Nov 16 2017 20:32:55
* sample interval = 90 seconds
* <ApplicationData>
# nquan = 5
# nvalues = 5502                                  
# units = specified
# name 0 = tv290C: Temperature [ITS-90, deg C]
# name 1 = cond0S/m: Conductivity [S/m]
# name 2 = prdM: Pressure, Strain Gauge [db]
# name 3 = sal00: Salinity, Practical [PSU]
# name 4 = flag:  0.000e+00
# span 0 =    -1.9223,    -1.8976                 
# span 1 =   2.711842,   2.721028                 
# span 2 =   -185.791,    165.742                 
# span 3 =    34.5377,    34.8000                 
# span 4 = 0.0000e+00, 0.0000e+00                 
# interval = seconds: 90
# start_time = Nov 10 2017 18:00:01 [Instrument's time stamp, first data scan]
# bad_flag = -9.990e-29
*END*
[from data line 858]
    -1.9136   2.720827     19.304    34.7090  0.000e+00
    -1.9136   2.720686     19.306    34.7070  0.000e+00
    -1.9136   2.720621     19.297    34.7062  0.000e+00
    -1.9138   2.720323     19.298    34.7021  0.000e+00
    -1.9137   2.720350     19.295    34.7024  0.000e+00
    -1.9137   2.720350     19.294    34.7025  0.000e+00
    -1.9134   2.720377     19.282    34.7024  0.000e+00
    -1.9134   2.720317     19.273    34.7016  0.000e+00
    -1.9136   2.720241     19.288    34.7008  0.000e+00
    -1.9132   2.720252     19.283    34.7005  0.000e+00
    -1.9131   2.720062     19.273    34.6977  0.000e+00
    -1.9134   2.719813     19.272    34.6946  0.000e+00
    -1.9133   2.719493     19.265    34.6899  0.000e+00
    -1.9133   2.719157     19.260    34.6853  0.000e+00
    -1.9134   2.718929     19.267    34.6821  0.000e+00
    -1.9132   2.718973     19.263    34.6825  0.000e+00
    -1.9131   2.718848     19.250    34.6806  0.000e+00
    -1.9134   2.718658     19.251    34.6783  0.000e+00
    -1.9131   2.718723     19.252    34.6789  0.000e+00
    -1.9136   2.718626     19.247    34.6781  0.000e+00
    -1.9140   2.718593     19.240    34.6781  0.000e+00
    -1.9142   2.718577     19.230    34.6782  0.000e+00
    -1.9141   2.718523     19.231    34.6772  0.000e+00
    -1.9141   2.718528     19.233    34.6773  0.000e+00
    -1.9140   2.718544     19.224    34.6775  0.000e+00
    -1.9138   2.718582     19.212    34.6778  0.000e+00
    -1.9139   2.718469     19.214    34.6763  0.000e+00
    -1.9139   2.718366     19.212    34.6749  0.000e+00
    -1.9141   2.718322     19.209    34.6745  0.000e+00
    -1.9139   2.718382     19.207    34.6751  0.000e+00
    -1.9140   2.718355     19.208    34.6748  0.000e+00
    -1.9137   2.718458     19.196    34.6759  0.000e+00
    -1.9139   2.718463     19.203    34.6762  0.000e+00
    -1.9136   2.718208     19.199    34.6723  0.000e+00
    -1.9141   2.718344     19.188    34.6748  0.000e+00
    -1.9140   2.718311     19.189    34.6742  0.000e+00
    -1.9138   2.718290     19.187    34.6737  0.000e+00
    -1.9137   2.718333     19.178    34.6741  0.000e+00
    -1.9134   2.718203     19.173    34.6720  0.000e+00
    -1.9126   2.717845     19.170    34.6660  0.000e+00
    -1.9124   2.717883     19.164    34.6664  0.000e+00
    -1.9115   2.717569     19.164    34.6609  0.000e+00
    -1.9103   2.717097     19.159    34.6528  0.000e+00
    -1.9109   2.717422     19.158    34.6582  0.000e+00
    -1.9121   2.717618     19.148    34.6623  0.000e+00
    -1.9113   2.717504     19.151    34.6598  0.000e+00
    -1.9111   2.717422     19.137    34.6584  0.000e+00
    -1.9109   2.717384     19.139    34.6576  0.000e+00
    -1.9110   2.717271     19.136    34.6561  0.000e+00
    -1.9109   2.717244     19.128    34.6556  0.000e+00
    -1.9109   2.717151     19.133    34.6544  0.000e+00
    -1.9111   2.717222     19.126    34.6555  0.000e+00
    -1.9111   2.717146     19.117    34.6544  0.000e+00
    -1.9109   2.717076     19.120    34.6532  0.000e+00
    -1.9109   2.716918     19.117    34.6511  0.000e+00
    -1.9112   2.716815     19.108    34.6499  0.000e+00
    -1.9111   2.716956     19.110    34.6519  0.000e+00
    -1.9112   2.716870     19.098    34.6508  0.000e+00
    -1.9109   2.716913     19.102    34.6510  0.000e+00
    -1.9110   2.716945     19.101    34.6515  0.000e+00
    -1.9110   2.716913     19.097    34.6511  0.000e+00
    -1.9111   2.716875     19.091    34.6506  0.000e+00
    -1.9109   2.716859     19.082    34.6503  0.000e+00
    -1.9108   2.716859     19.086    34.6502  0.000e+00
    -1.9109   2.716848     19.075    34.6502  0.000e+00
    -1.9109   2.716913     19.075    34.6510  0.000e+00
    -1.9112   2.716886     19.071    34.6509  0.000e+00
    -1.9111   2.716880     19.064    34.6507  0.000e+00
    -1.9111   2.717249     19.063    34.6560  0.000e+00
    -1.9109   2.716913     19.054    34.6510  0.000e+00
    -1.9114   2.716908     19.061    34.6516  0.000e+00
    -1.9110   2.716913     19.055    34.6512  0.000e+00
    -1.9114   2.716951     19.049    34.6522  0.000e+00
    -1.9116   2.716962     19.047    34.6526  0.000e+00
    -1.9118   2.716940     19.038    34.6524  0.000e+00
    -1.9110   2.717011     19.044    34.6525  0.000e+00
    -1.9102   2.717086     19.039    34.6527  0.000e+00
    -1.9114   2.716978     19.028    34.6525  0.000e+00
    -1.9115   2.716940     19.030    34.6522  0.000e+00
    -1.9109   2.717059     19.028    34.6532  0.000e+00
    -1.9115   2.716951     19.023    34.6523  0.000e+00
    -1.9115   2.716962     19.020    34.6525  0.000e+00
    -1.9114   2.717000     19.019    34.6529  0.000e+00
    -1.9113   2.716962     19.019    34.6522  0.000e+00
    -1.9114   2.716940     19.016    34.6520  0.000e+00
    -1.9112   2.717054     19.014    34.6534  0.000e+00
    -1.9113   2.717038     19.018    34.6533  0.000e+00
    -1.9113   2.717038     19.014    34.6532  0.000e+00
    -1.9113   2.716978     19.010    34.6525  0.000e+00
    -1.9115   2.717010     19.002    34.6531  0.000e+00
    -1.9107   2.717070     19.004    34.6530  0.000e+00
    -1.9113   2.717000     19.011    34.6527  0.000e+00
    -1.9111   2.717032     19.003    34.6530  0.000e+00
    -1.9111   2.717081     18.995    34.6536  0.000e+00
    -1.9111   2.717130     19.000    34.6543  0.000e+00
    -1.9113   2.717130     18.994    34.6546  0.000e+00
    -1.9113   2.717260     18.992    34.6564  0.000e+00
    -1.9115   2.717189     19.002    34.6557  0.000e+00
    -1.9114   2.717195     18.989    34.6556  0.000e+00
    -1.9115   2.717184     18.992    34.6555  0.000e+00
    -1.9118   2.717146     18.994    34.6554  0.000e+00
    -1.9115   2.717119     18.990    34.6547  0.000e+00
    -1.9114   2.717108     18.990    34.6544  0.000e+00
    -1.9112   2.717157     18.992    34.6548  0.000e+00
    -1.9117   2.717162     18.981    34.6555  0.000e+00
    -1.9115   2.717157     18.982    34.6553  0.000e+00
    -1.9117   2.717038     18.991    34.6538  0.000e+00
    -1.9116   2.717059     18.991    34.6540  0.000e+00
    -1.9117   2.717000     18.976    34.6532  0.000e+00
    -1.9114   2.717010     18.989    34.6530  0.000e+00
    -1.9116   2.717059     18.983    34.6540  0.000e+00
    -1.9117   2.717076     18.982    34.6543  0.000e+00
    -1.9116   2.717048     18.985    34.6538  0.000e+00
    -1.9115   2.717081     18.978    34.6541  0.000e+00
    -1.9115   2.717048     18.970    34.6537  0.000e+00
    -1.9116   2.717070     18.987    34.6541  0.000e+00
    -1.9114   2.717038     18.978    34.6534  0.000e+00
    -1.9116   2.716886     18.970    34.6515  0.000e+00
    -1.9110   2.717010     18.966    34.6525  0.000e+00
    -1.9115   2.716924     18.966    34.6519  0.000e+00
    -1.9113   2.716908     18.971    34.6514  0.000e+00
    -1.9115   2.716875     18.973    34.6512  0.000e+00
    -1.9115   2.716826     18.967    34.6505  0.000e+00
    -1.9114   2.716859     18.965    34.6509  0.000e+00
    -1.9114   2.716842     18.967    34.6507  0.000e+00
    -1.9115   2.716767     18.961    34.6498  0.000e+00
    -1.9113   2.716794     18.965    34.6498  0.000e+00
    -1.9114   2.716799     18.959    34.6500  0.000e+00
    -1.9114   2.716745     18.960    34.6493  0.000e+00
    -1.9112   2.716772     18.956    34.6495  0.000e+00
    -1.9114   2.716761     18.955    34.6495  0.000e+00
    -1.9115   2.716772     18.960    34.6498  0.000e+00
    -1.9115   2.716745     18.962    34.6494  0.000e+00
    -1.9117   2.716712     18.952    34.6492  0.000e+00
    -1.9115   2.716712     18.962    34.6490  0.000e+00
    -1.9117   2.716745     18.960    34.6496  0.000e+00
    -1.9118   2.716777     18.957    34.6502  0.000e+00
    -1.9116   2.716783     18.952    34.6501  0.000e+00
    -1.9115   2.716794     18.952    34.6501  0.000e+00
    -1.9115   2.716799     18.949    34.6502  0.000e+00
    -1.9115   2.716821     18.959    34.6505  0.000e+00
    -1.9115   2.716853     18.957    34.6509  0.000e+00
    -1.9116   2.716859     18.946    34.6512  0.000e+00
    -1.9112   2.716945     18.949    34.6519  0.000e+00
    -1.9112   2.716973     18.949    34.6522  0.000e+00
    -1.9111   2.716978     18.951    34.6522  0.000e+00
    -1.9113   2.717032     18.950    34.6533  0.000e+00
    -1.9116   2.716994     18.945    34.6531  0.000e+00
    -1.9115   2.717000     18.951    34.6530  0.000e+00
    -1.9116   2.717010     18.952    34.6533  0.000e+00
    -1.9113   2.717016     18.948    34.6530  0.000e+00
    -1.9114   2.717000     18.957    34.6529  0.000e+00
    -1.9116   2.716973     18.948    34.6528  0.000e+00
    -1.9115   2.716956     18.955    34.6524  0.000e+00
    -1.9110   2.716983     18.958    34.6522  0.000e+00
    -1.9113   2.716897     18.956    34.6513  0.000e+00
    -1.9117   2.716853     18.956    34.6512  0.000e+00
    -1.9117   2.716810     18.959    34.6506  0.000e+00
    -1.9118   2.716745     18.957    34.6498  0.000e+00
    -1.9117   2.716685     18.955    34.6488  0.000e+00
    -1.9118   2.716702     18.950    34.6492  0.000e+00
    -1.9116   2.716718     18.957    34.6492  0.000e+00
    -1.9118   2.716712     18.955    34.6493  0.000e+00
    -1.9115   2.716772     18.948    34.6499  0.000e+00
    -1.9114   2.716750     18.948    34.6494  0.000e+00
    -1.9114   2.716810     18.948    34.6502  0.000e+00
    -1.9114   2.716788     18.944    34.6500  0.000e+00
    -1.9114   2.716788     18.951    34.6499  0.000e+00
    -1.9112   2.716788     18.938    34.6497  0.000e+00
    -1.9116   2.716750     18.942    34.6496  0.000e+00
    -1.9116   2.716712     18.946    34.6492  0.000e+00
    -1.9118   2.716685     18.941    34.6490  0.000e+00
    -1.9118   2.716615     18.949    34.6479  0.000e+00
    -1.9115   2.716669     18.938    34.6484  0.000e+00
    -1.9114   2.716712     18.948    34.6488  0.000e+00
    -1.9120   2.716599     18.942    34.6480  0.000e+00
    -1.9120   2.716555     18.943    34.6473  0.000e+00
    -1.9120   2.716550     18.947    34.6473  0.000e+00
    -1.9120   2.716517     18.943    34.6469  0.000e+00
    -1.9119   2.716544     18.945    34.6471  0.000e+00
    -1.9120   2.716534     18.942    34.6471  0.000e+00
    -1.9113   2.716550     18.949    34.6465  0.000e+00
    -1.9118   2.716593     18.943    34.6476  0.000e+00
    -1.9121   2.716490     18.941    34.6465  0.000e+00
    -1.9119   2.716544     18.951    34.6470  0.000e+00
    -1.9120   2.716490     18.946    34.6464  0.000e+00
    -1.9121   2.716469     18.950    34.6462  0.000e+00
    -1.9124   2.716311     18.942    34.6445  0.000e+00
    -1.9120   2.716376     18.939    34.6448  0.000e+00
    -1.9126   2.716328     18.947    34.6448  0.000e+00
    -1.9115   2.716414     18.941    34.6448  0.000e+00
    -1.9121   2.716398     18.942    34.6453  0.000e+00
    -1.9124   2.716355     18.940    34.6451  0.000e+00
    -1.9122   2.716366     18.938    34.6450  0.000e+00
    -1.9123   2.716344     18.938    34.6447  0.000e+00
    -1.9124   2.716322     18.940    34.6446  0.000e+00
    -1.9125   2.716306     18.935    34.6445  0.000e+00
    -1.9124   2.716306     18.933    34.6444  0.000e+00
    -1.9122   2.716355     18.935    34.6448  0.000e+00
    -1.9124   2.716311     18.931    34.6445  0.000e+00
    -1.9122   2.716333     18.935    34.6445  0.000e+00
    -1.9123   2.716328     18.935    34.6445  0.000e+00
    -1.9123   2.716328     18.941    34.6445  0.000e+00
    -1.9126   2.716268     18.935    34.6440  0.000e+00
    -1.9126   2.716279     18.939    34.6442  0.000e+00
    -1.9124   2.716284     18.933    34.6440  0.000e+00
    -1.9126   2.716246     18.936    34.6437  0.000e+00
    -1.9124   2.716268     18.934    34.6438  0.000e+00
    -1.9124   2.716268     18.937    34.6438  0.000e+00
    -1.9124   2.716290     18.933    34.6442  0.000e+00
    -1.9124   2.716301     18.942    34.6443  0.000e+00
    -1.9126   2.716317     18.935    34.6447  0.000e+00
    -1.9122   2.716333     18.936    34.6444  0.000e+00
    -1.9122   2.716339     18.937    34.6445  0.000e+00
    -1.9125   2.716328     18.939    34.6447  0.000e+00
    -1.9122   2.716339     18.930    34.6445  0.000e+00
    -1.9122   2.716355     18.939    34.6448  0.000e+00
    -1.9122   2.716360     18.930    34.6449  0.000e+00
    -1.9122   2.716360     18.934    34.6449  0.000e+00
    -1.9121   2.716382     18.936    34.6450  0.000e+00
    -1.9123   2.716382     18.934    34.6453  0.000e+00
    -1.9123   2.716382     18.932    34.6453  0.000e+00
    -1.9120   2.716387     18.933    34.6450  0.000e+00
    -1.9122   2.716376     18.929    34.6451  0.000e+00
    -1.9123   2.716349     18.931    34.6448  0.000e+00
    -1.9123   2.716355     18.931    34.6449  0.000e+00
    -1.9124   2.716339     18.935    34.6448  0.000e+00
    -1.9123   2.716339     18.927    34.6447  0.000e+00
    -1.9124   2.716339     18.936    34.6448  0.000e+00
    -1.9122   2.716328     18.927    34.6445  0.000e+00
    -1.9126   2.716284     18.936    34.6443  0.000e+00
    -1.9123   2.716328     18.929    34.6445  0.000e+00
    -1.9123   2.716311     18.927    34.6443  0.000e+00
    -1.9124   2.716317     18.927    34.6445  0.000e+00
    -1.9123   2.716306     18.927    34.6442  0.000e+00
    -1.9123   2.716284     18.935    34.6440  0.000e+00
    -1.9119   2.716317     18.922    34.6439  0.000e+00
    -1.9121   2.716290     18.937    34.6438  0.000e+00
    -1.9123   2.716290     18.927    34.6440  0.000e+00
    -1.9122   2.716279     18.933    34.6437  0.000e+00
    -1.9123   2.716279     18.933    34.6439  0.000e+00
    -1.9123   2.716263     18.930    34.6436  0.000e+00
    -1.9123   2.716263     18.927    34.6436  0.000e+00
    -1.9118   2.716273     18.933    34.6432  0.000e+00
    -1.9121   2.716263     18.935    34.6433  0.000e+00
    -1.9122   2.716252     18.929    34.6433  0.000e+00
    -1.9122   2.716241     18.939    34.6432  0.000e+00
    -1.9122   2.716246     18.927    34.6433  0.000e+00
    -1.9124   2.716246     18.929    34.6435  0.000e+00
    -1.9122   2.716263     18.937    34.6435  0.000e+00
    -1.9119   2.716268     18.927    34.6433  0.000e+00
    -1.9121   2.716225     18.937    34.6428  0.000e+00
    -1.9123   2.716236     18.931    34.6432  0.000e+00
    -1.9121   2.716241     18.940    34.6431  0.000e+00
    -1.9121   2.716230     18.933    34.6429  0.000e+00
    -1.9123   2.716230     18.940    34.6431  0.000e+00
    -1.9120   2.716236     18.935    34.6428  0.000e+00
    -1.9118   2.716290     18.939    34.6434  0.000e+00
    -1.9121   2.716263     18.941    34.6433  0.000e+00
    -1.9120   2.716273     18.940    34.6434  0.000e+00
    -1.9118   2.716279     18.937    34.6433  0.000e+00
    -1.9118   2.716273     18.941    34.6432  0.000e+00
    -1.9119   2.716257     18.935    34.6431  0.000e+00
    -1.9122   2.716252     18.941    34.6434  0.000e+00
    -1.9120   2.716252     18.930    34.6431  0.000e+00
    -1.9122   2.716263     18.937    34.6435  0.000e+00
    -1.9117   2.716273     18.938    34.6431  0.000e+00
    -1.9111   2.716349     18.935    34.6434  0.000e+00
    -1.9121   2.716322     18.935    34.6442  0.000e+00
    -1.9118   2.716322     18.938    34.6439  0.000e+00
    -1.9119   2.716301     18.928    34.6437  0.000e+00
    -1.9118   2.716306     18.940    34.6436  0.000e+00
    -1.9121   2.716311     18.929    34.6440  0.000e+00
    -1.9119   2.716311     18.945    34.6438  0.000e+00
    -1.9118   2.716333     18.932    34.6440  0.000e+00
    -1.9120   2.716328     18.935    34.6442  0.000e+00
    -1.9119   2.716339     18.938    34.6442  0.000e+00
    -1.9117   2.716349     18.933    34.6441  0.000e+00
    -1.9117   2.716355     18.935    34.6442  0.000e+00
    -1.9115   2.716371     18.940    34.6442  0.000e+00
    -1.9117   2.716366     18.934    34.6443  0.000e+00
    -1.9117   2.716366     18.938    34.6444  0.000e+00
    -1.9118   2.716355     18.936    34.6443  0.000e+00
    -1.9114   2.716376     18.939    34.6442  0.000e+00
