tests/resources/test-data/SBE37SM-RS232_03716125_2017_11_16.cnv
* Sea-Bird SBE37SM-RS232  Data File:
* FileName = C:\seabirdscientific\tests\resources\test-data\SBE37SM-RS232_03716125_2017_11_16.hex
* Software version SeatermV2 2.6.3.104
* Temperature SN = 16125
* Conductivity SN = 16125
* System UpLoad Time = Nov 16 2017 20:32:55
* sample interval = 90 seconds
* <ApplicationData>
# nquan = 5
# nvalues = 5502                                  
# units = specified
# name 0 = tv290C: Temperature [ITS-90, deg C]
# name 1 = cond0S/m: Conductivity [S/m]
# name 2 = prdM: Pressure, Strain Gauge [db]
# name 3 = sal00: Salinity, Practical [PSU]
# name 4 = flag:  0.000e+00
# span 0 =    -1.9223,    -1.8976                 
# span 1 =   2.711842,   2.721028                 
# span 2 =   -185.791,    165.742                 
# span 3 =    34.5377,    34.8000                 
# span 4 = 0.0000e+00, 0.0000e+00                 
# interval = seconds: 90
# start_time = Nov 10 2017 18:00:01 [Instrument's time stamp, first data scan]
# bad_flag = -9.990e-29
*END*
[from data line 4286]
    -1.9098   2.716566    165.613    34.5498  0.000e+00
    -1.9100   2.716572    165.591    34.5501  0.000e+00
    -1.9099   2.716561    165.480    34.5499  0.000e+00
    -1.9100   2.716561    165.521    34.5500  0.000e+00
    -1.9099   2.716518     19.717    34.6438  0.000e+00
    -1.9101   2.716501     18.705    34.6445  0.000e+00
    -1.9100   2.716517     18.344    34.6448  0.000e+00
    -1.9102   2.716566    165.491    34.5503  0.000e+00
    -1.9099   2.716572    165.464    34.5501  0.000e+00
    -1.9097   2.716561    165.490    34.5497  0.000e+00
    -1.9094   2.716555    165.464    34.5493  0.000e+00
    -1.9095   2.716561    165.515    34.5494  0.000e+00
    -1.9100   2.716555    165.519    34.5499  0.000e+00
    -1.9087   2.716586     96.175    34.5936  0.000e+00
    -1.9094   2.716593    165.423    34.5499  0.000e+00
    -1.9098   2.716593    165.558    34.5502  0.000e+00
    -1.9098   2.716566    165.499    34.5499  0.000e+00
    -1.9099   2.716566    165.463    34.5499  0.000e+00
    -1.9097   2.716561    165.536    34.5496  0.000e+00
    -1.9097   2.716561    165.483    34.5496  0.000e+00
    -1.9098   2.716555    165.504    34.5497  0.000e+00
    -1.9096   2.716563    -14.785    34.6667  0.000e+00
    -1.9096   2.716568    110.540    34.5851  0.000e+00
    -1.9097   2.716572    165.522    34.5497  0.000e+00
    -1.9098   2.716527     -8.105    34.6621  0.000e+00
    -1.9093   2.716582    141.328    34.5651  0.000e+00
    -1.9099   2.716550    165.437    34.5498  0.000e+00
    -1.9100   2.716555    165.405    34.5500  0.000e+00
    -1.9096   2.716583    165.471    34.5498  0.000e+00
    -1.9073   2.716664    165.544    34.5483  0.000e+00
    -1.9098   2.716555    165.538    34.5496  0.000e+00
    -1.9102   2.716534    165.605    34.5498  0.000e+00
    -1.9099   2.716547    112.285    34.5840  0.000e+00
    -1.9099   2.716543    136.822    34.5682  0.000e+00
    -1.9099   2.716521    135.495    34.5686  0.000e+00
    -1.9098   2.716545    165.538    34.5495  0.000e+00
    -1.9099   2.716545    165.632    34.5495  0.000e+00
    -1.9098   2.716572    165.596    34.5498  0.000e+00
    -1.9099   2.716523    165.517    34.5494  0.000e+00
    -1.9099   2.716545    165.538    34.5496  0.000e+00
    -1.9100   2.716550    165.513    34.5498  0.000e+00
    -1.9098   2.716545    165.549    34.5495  0.000e+00
    -1.9099   2.716539    165.552    34.5495  0.000e+00
    -1.9100   2.716550    165.489    34.5499  0.000e+00
    -1.9101   2.716517    165.493    34.5495  0.000e+00
    -1.9098   2.716528    165.505    34.5493  0.000e+00
    -1.9099   2.716512    165.484    34.5492  0.000e+00
    -1.9100   2.716501    165.456    34.5492  0.000e+00
    -1.9098   2.716496    165.504    34.5488  0.000e+00
    -1.9101   2.716501    165.478    34.5493  0.000e+00
    -1.9094   2.716539    165.495    34.5490  0.000e+00
    -1.9102   2.716501    165.411    34.5494  0.000e+00
    -1.9100   2.716501    165.547    34.5491  0.000e+00
    -1.9101   2.716507    165.409    34.5494  0.000e+00
    -1.9099   2.716507    165.448    34.5492  0.000e+00
    -1.9099   2.716517    165.393    34.5493  0.000e+00
    -1.9100   2.716545    165.472    34.5498  0.000e+00
    -1.9099   2.716534    165.549    34.5494  0.000e+00
    -1.9094   2.716548    156.555    34.5549  0.000e+00
    -1.9094   2.716566    165.408    34.5495  0.000e+00
    -1.9101   2.716490    165.440    34.5492  0.000e+00
    -1.9104   2.716480    165.490    34.5494  0.000e+00
    -1.9104   2.716490    165.461    34.5495  0.000e+00
    -1.9092   2.716539    165.466    34.5488  0.000e+00
    -1.9104   2.716467     35.216    34.6336  0.000e+00
    -1.9102   2.716494    158.308    34.5539  0.000e+00
    -1.9101   2.716458     -0.715    34.6566  0.000e+00
    -1.9101   2.716496    165.556    34.5492  0.000e+00
    -1.9099   2.716512    165.560    34.5492  0.000e+00
    -1.9099   2.716539    165.585    34.5496  0.000e+00
    -1.9101   2.716496    165.591    34.5491  0.000e+00
    -1.9099   2.716501    165.584    34.5490  0.000e+00
    -1.9101   2.716523    165.542    34.5495  0.000e+00
    -1.9102   2.716501    165.486    34.5494  0.000e+00
    -1.9101   2.716501    165.503    34.5493  0.000e+00
    -1.9099   2.716496    165.490    34.5490  0.000e+00
    -1.9102   2.716490    165.430    34.5493  0.000e+00
    -1.9099   2.716496    165.490    34.5490  0.000e+00
    -1.9101   2.716496    165.414    34.5493  0.000e+00
    -1.9104   2.716433    -74.978    34.7054  0.000e+00
    -1.9101   2.716481    129.650    34.5721  0.000e+00
    -1.9100   2.716512    165.565    34.5492  0.000e+00
    -1.9100   2.716550    165.464    34.5499  0.000e+00
    -1.9102   2.716518    165.563    34.5496  0.000e+00
    -1.9101   2.716463    165.548    34.5488  0.000e+00
    -1.9103   2.716490    165.471    34.5494  0.000e+00
    -1.9104   2.716452    165.416    34.5489  0.000e+00
    -1.9097   2.716517    165.564    34.5490  0.000e+00
    -1.9099   2.716507    165.408    34.5492  0.000e+00
    -1.9102   2.716485    165.474    34.5492  0.000e+00
    -1.9100   2.716496    165.491    34.5491  0.000e+00
    -1.9101   2.716490    165.540    34.5491  0.000e+00
    -1.9101   2.716460    -14.380    34.6656  0.000e+00
    -1.9100   2.716490    165.484    34.5491  0.000e+00
    -1.9101   2.716302   -185.791    34.7768  0.000e+00
    -1.9103   2.716345   -185.791    34.7776  0.000e+00
    -1.9101   2.716367   -185.791    34.7777  0.000e+00
    -1.9101   2.716345   -185.790    34.7773  0.000e+00
    -1.9101   2.716425    165.610    34.5482  0.000e+00
    -1.9103   2.716436    165.550    34.5486  0.000e+00
    -1.9102   2.716425    165.631    34.5483  0.000e+00
    -1.9102   2.716469    165.602    34.5489  0.000e+00
    -1.9101   2.716480    165.555    34.5490  0.000e+00
    -1.9103   2.716474    165.548    34.5491  0.000e+00
    -1.9100   2.716469    165.555    34.5487  0.000e+00
    -1.9096   2.716501    165.618    34.5486  0.000e+00
    -1.9103   2.716496    165.579    34.5494  0.000e+00
    -1.9102   2.716469    165.603    34.5489  0.000e+00
    -1.9103   2.716425    165.539    34.5484  0.000e+00
    -1.9101   2.716425    165.585    34.5482  0.000e+00
    -1.9103   2.716442    165.586    34.5486  0.000e+00
    -1.9102   2.716436    165.547    34.5484  0.000e+00
    -1.9103   2.716436    165.598    34.5485  0.000e+00
    -1.9101   2.716436    165.559    34.5483  0.000e+00
    -1.9093   2.716518    165.635    34.5485  0.000e+00
    -1.9103   2.716463    165.586    34.5489  0.000e+00
    -1.9101   2.716458    165.565    34.5487  0.000e+00
    -1.9101   2.716463    165.596    34.5487  0.000e+00
    -1.9101   2.716469    165.560    34.5488  0.000e+00
    -1.9099   2.716474    165.521    34.5487  0.000e+00
    -1.9101   2.716398    165.538    34.5479  0.000e+00
    -1.9104   2.716355    165.583    34.5476  0.000e+00
    -1.9102   2.716393    165.537    34.5478  0.000e+00
    -1.9102   2.716339    165.443    34.5472  0.000e+00
    -1.9105   2.716360    165.468    34.5477  0.000e+00
    -1.9102   2.716360    165.435    34.5474  0.000e+00
    -1.9104   2.716322    165.514    34.5471  0.000e+00
    -1.9100   2.716382    165.487    34.5475  0.000e+00
    -1.9099   2.716425    165.407    34.5480  0.000e+00
    -1.9104   2.716409    165.497    34.5483  0.000e+00
    -1.9101   2.716436    165.487    34.5484  0.000e+00
    -1.9102   2.716425    165.467    34.5484  0.000e+00
    -1.9099   2.716302      4.359    34.6509  0.000e+00
    -1.9100   2.716384    153.768    34.5551  0.000e+00
    -1.9099   2.716279     20.014    34.6403  0.000e+00
    -1.9100   2.716371    165.541    34.5474  0.000e+00
    -1.9099   2.716360    165.529    34.5471  0.000e+00
    -1.9102   2.716360    165.448    34.5475  0.000e+00
    -1.9099   2.716269   -185.791    34.7760  0.000e+00
    -1.9101   2.716350    165.585    34.5471  0.000e+00
    -1.9099   2.716328    165.582    34.5466  0.000e+00
    -1.9100   2.716322    165.621    34.5466  0.000e+00
    -1.9100   2.716344    165.461    34.5470  0.000e+00
    -1.9102   2.716322    165.561    34.5469  0.000e+00
    -1.9097   2.716328    165.588    34.5464  0.000e+00
    -1.9101   2.716317    165.538    34.5466  0.000e+00
    -1.9099   2.716333    165.473    34.5467  0.000e+00
    -1.9100   2.716322    165.473    34.5467  0.000e+00
    -1.9100   2.716322    165.466    34.5466  0.000e+00
    -1.9096   2.716360    165.527    34.5466  0.000e+00
    -1.9100   2.716339    165.542    34.5469  0.000e+00
    -1.9097   2.716317    165.531    34.5462  0.000e+00
    -1.9100   2.716322    165.541    34.5466  0.000e+00
    -1.9097   2.716322    165.533    34.5463  0.000e+00
    -1.9098   2.716333    165.562    34.5465  0.000e+00
    -1.9099   2.716328    165.542    34.5465  0.000e+00
    -1.9100   2.716312    165.558    34.5465  0.000e+00
    -1.9100   2.716317    165.474    34.5466  0.000e+00
    -1.9096   2.716317    165.459    34.5462  0.000e+00
    -1.9100   2.716317    165.512    34.5465  0.000e+00
    -1.9100   2.716312    165.444    34.5465  0.000e+00
    -1.9098   2.716317    165.514    34.5463  0.000e+00
    -1.9099   2.716317    165.544    34.5465  0.000e+00
    -1.9097   2.716339    165.488    34.5466  0.000e+00
    -1.9091   2.716322    165.488    34.5456  0.000e+00
    -1.9093   2.716360    165.488    34.5463  0.000e+00
    -1.9096   2.716382    165.477    34.5470  0.000e+00
    -1.9098   2.716349    165.494    34.5468  0.000e+00
    -1.9098   2.716387    165.518    34.5474  0.000e+00
    -1.9094   2.716447    165.467    34.5477  0.000e+00
    -1.9098   2.716485    165.488    34.5487  0.000e+00
    -1.9099   2.716528    165.435    34.5495  0.000e+00
    -1.9098   2.716534    165.401    34.5495  0.000e+00
    -1.9097   2.716534    165.472    34.5492  0.000e+00
    -1.9096   2.716550    165.479    34.5494  0.000e+00
    -1.9099   2.716545    165.479    34.5497  0.000e+00
    -1.9097   2.716539    165.476    34.5493  0.000e+00
    -1.9098   2.716534    165.474    34.5494  0.000e+00
    -1.9099   2.716528    165.422    34.5495  0.000e+00
    -1.9098   2.716496    165.423    34.5489  0.000e+00
    -1.9100   2.716480    165.451    34.5489  0.000e+00
    -1.9097   2.716501    165.340    34.5489  0.000e+00
    -1.9099   2.716528    165.403    34.5495  0.000e+00
    -1.9099   2.716507     42.497    34.6288  0.000e+00
    -1.9100   2.716583    165.504    34.5503  0.000e+00
    -1.9099   2.716599    165.441    34.5505  0.000e+00
    -1.9099   2.716610    165.456    34.5506  0.000e+00
    -1.9100   2.716642    165.514    34.5511  0.000e+00
    -1.9100   2.716642    165.501    34.5512  0.000e+00
    -1.9099   2.716626    165.547    34.5507  0.000e+00
    -1.9096   2.716588    165.569    34.5499  0.000e+00
    -1.9099   2.716577    165.512    34.5501  0.000e+00
    -1.9099   2.716583    165.630    34.5501  0.000e+00
    -1.9101   2.716664    165.582    34.5515  0.000e+00
    -1.9100   2.716648    165.614    34.5511  0.000e+00
    -1.9099   2.716642    165.577    34.5509  0.000e+00
    -1.9100   2.716637    165.557    34.5510  0.000e+00
    -1.9098   2.716631    165.599    34.5507  0.000e+00
    -1.9101   2.716615    165.600    34.5509  0.000e+00
    -1.9099   2.716615    165.559    34.5506  0.000e+00
    -1.9098   2.716610    165.496    34.5505  0.000e+00
    -1.9099   2.716604    165.456    34.5505  0.000e+00
    -1.9098   2.716615    165.483    34.5505  0.000e+00
    -1.9097   2.716610    165.525    34.5503  0.000e+00
    -1.9099   2.716572    165.426    34.5501  0.000e+00
    -1.9098   2.716572    165.559    34.5498  0.000e+00
    -1.9097   2.716573     43.972    34.6286  0.000e+00
    -1.9100   2.716507    165.526    34.5493  0.000e+00
    -1.9099   2.716485    165.343    34.5489  0.000e+00
    -1.9098   2.716545    147.931    34.5609  0.000e+00
    -1.9101   2.716410   -185.778    34.7783  0.000e+00
    -1.9098   2.716444   -137.868    34.7465  0.000e+00
    -1.9098   2.716452    165.571    34.5482  0.000e+00
    -1.9097   2.716436    165.659    34.5478  0.000e+00
    -1.9100   2.716474    165.600    34.5488  0.000e+00
    -1.9099   2.716480    165.577    34.5487  0.000e+00
    -1.9096   2.716452    165.549    34.5479  0.000e+00
    -1.9095   2.716431    165.605    34.5475  0.000e+00
    -1.9098   2.716490    165.625    34.5487  0.000e+00
    -1.9100   2.716501    165.585    34.5492  0.000e+00
    -1.9096   2.716512    165.545    34.5488  0.000e+00
    -1.9097   2.716452    165.596    34.5480  0.000e+00
    -1.9099   2.716447    165.602    34.5482  0.000e+00
    -1.9099   2.716436    165.632    34.5480  0.000e+00
    -1.9097   2.716474    165.606    34.5483  0.000e+00
    -1.9099   2.716474    165.693    34.5485  0.000e+00
    -1.9099   2.716507    165.631    34.5491  0.000e+00
    -1.9099   2.716512    165.637    34.5491  0.000e+00
    -1.9098   2.716469    165.627    34.5484  0.000e+00
    -1.9099   2.716463    165.608    34.5484  0.000e+00
    -1.9097   2.716452    165.601    34.5480  0.000e+00
    -1.9098   2.716463    165.667    34.5482  0.000e+00
    -1.9100   2.716447    165.701    34.5483  0.000e+00
    -1.9098   2.716469    165.600    34.5484  0.000e+00
    -1.9099   2.716507    165.654    34.5490  0.000e+00
    -1.9098   2.716480    165.524    34.5486  0.000e+00
    -1.9098   2.716496    165.645    34.5488  0.000e+00
    -1.9098   2.716480    165.682    34.5485  0.000e+00
    -1.9098   2.716474    165.645    34.5485  0.000e+00
    -1.9094   2.716463    165.616    34.5479  0.000e+00
    -1.9095   2.716463    165.566    34.5480  0.000e+00
    -1.9096   2.716447    165.617    34.5478  0.000e+00
    -1.9098   2.716436    165.600    34.5479  0.000e+00
    -1.9097   2.716452    165.616    34.5480  0.000e+00
    -1.9096   2.716452    165.492    34.5480  0.000e+00
    -1.9094   2.716469    165.610    34.5479  0.000e+00
    -1.9098   2.716452    165.511    34.5482  0.000e+00
    -1.9099   2.716447    165.510    34.5482  0.000e+00
    -1.9095   2.716452    165.407    34.5480  0.000e+00
    -1.9096   2.716447    165.494    34.5479  0.000e+00
    -1.9099   2.716442    165.551    34.5482  0.000e+00
    -1.9097   2.716463    165.552    34.5482  0.000e+00
    -1.9098   2.716447    165.605    34.5481  0.000e+00
    -1.9096   2.716452    165.661    34.5479  0.000e+00
    -1.9097   2.716458    165.601    34.5481  0.000e+00
    -1.9095   2.716469    165.670    34.5480  0.000e+00
    -1.9096   2.716463    165.558    34.5481  0.000e+00
    -1.9099   2.716463    165.654    34.5484  0.000e+00
    -1.9043   2.716463    165.133    34.5422  0.000e+00
    -1.9096   2.716452    165.091    34.5483  0.000e+00
    -1.9097   2.716458    165.020    34.5485  0.000e+00
    -1.9098   2.716452    165.218    34.5484  0.000e+00
    -1.9097   2.716463    165.353    34.5484  0.000e+00
    -1.9097   2.716458    165.150    34.5484  0.000e+00
    -1.9098   2.716474    165.371    34.5486  0.000e+00
    -1.9099   2.716480    165.457    34.5487  0.000e+00
    -1.9096   2.716436    165.358    34.5479  0.000e+00
    -1.9096   2.716442    165.429    34.5478  0.000e+00
    -1.9097   2.716436    165.478    34.5479  0.000e+00
    -1.9095   2.716452    165.484    34.5479  0.000e+00
    -1.9097   2.716452    165.514    34.5481  0.000e+00
    -1.9093   2.716469    165.461    34.5479  0.000e+00
    -1.9096   2.716458    165.574    34.5481  0.000e+00
    -1.9096   2.716469    165.647    34.5481  0.000e+00
    -1.9094   2.716474    165.479    34.5481  0.000e+00
    -1.9095   2.716474    165.442    34.5482  0.000e+00
    -1.9095   2.716480    165.466    34.5483  0.000e+00
    -1.9097   2.716469    165.579    34.5483  0.000e+00
    -1.9093   2.716452    165.536    34.5476  0.000e+00
    -1.9098   2.716452    165.491    34.5482  0.000e+00
    -1.9095   2.716458    165.609    34.5479  0.000e+00
    -1.9096   2.716458    165.537    34.5481  0.000e+00
    -1.9097   2.716431    165.652    34.5477  0.000e+00
    -1.9097   2.716442    165.418    34.5480  0.000e+00
    -1.9096   2.716463    165.408    34.5482  0.000e+00
