tests/resources/test-data/SBE37SM-RS232_03716125_2017_11_16.cnv
* Sea-Bird SBE37SM-RS232  Data File:
* FileName = C:\seabirdscientific\tests\resources\test-data\SBE37SM-RS232_03716125_2017_11_16.hex
* Software version SeatermV2 2.6.3.104
* Temperature SN = 16125
* Conductivity SN = 16125
* System UpLoad Time = Nov 16 2017 20:32:55
* sample interval = 90 seconds
* <ApplicationData>
# nquan = 5
# nvalues = 5502                                  
# units = specified
# name 0 = tv290C: Temperature [ITS-90, deg C]
# name 1 = cond0S/m: Conductivity [S/m]
# name 2 = prdM: Pressure, Strain Gauge [db]
# name 3 = sal00: Salinity, Practical [PSU]
# name 4 = flag:  0.000e+00
# span 0 =    -1.9223,    -1.8976                 
# span 1 =   2.711842,   2.721028                 
# span 2 =   -185.791,    165.742                 
# span 3 =    34.5377,    34.8000                 
# span 4 = 0.0000e+00, 0.0000e+00                 
# interval = seconds: 90
# start_time = Nov 10 2017 18:00:01 [Instrument's time stamp, first data scan]
# bad_flag = -9.990e-29
*END*
[from data line 4858]
    -1.9135   2.717070    165.280    34.5614  0.000e+00
    -1.9192   2.717054    165.318    34.5678  0.000e+00
    -1.9135   2.717049    165.403    34.5610  0.000e+00
    -1.9063   2.717070    165.294    34.5530  0.000e+00
    -1.9060   2.717108    165.279    34.5532  0.000e+00
    -1.9069   2.717092    165.319    34.5540  0.000e+00
    -1.9145   2.716881    165.312    34.5599  0.000e+00
    -1.9089   2.717011    165.283    34.5551  0.000e+00
    -1.9096   2.716935    165.293    34.5549  0.000e+00
    -1.9128   2.716924    165.463    34.5583  0.000e+00
    -1.9099   2.717011    165.399    34.5563  0.000e+00
    -1.9142   2.717087    165.380    34.5624  0.000e+00
    -1.9062   2.717065    165.354    34.5528  0.000e+00
    -1.9113   2.717081    165.446    34.5589  0.000e+00
    -1.9055   2.717043    165.373    34.5515  0.000e+00
    -1.9105   2.717059    165.293    34.5577  0.000e+00
    -1.9128   2.717038    165.411    34.5600  0.000e+00
    -1.9051   2.717016    165.326    34.5508  0.000e+00
    -1.9089   2.717027    165.306    34.5553  0.000e+00
    -1.9151   2.717054    165.387    34.5629  0.000e+00
    -1.9098   2.716989    165.426    34.5558  0.000e+00
    -1.9016   2.716973    165.362    34.5460  0.000e+00
    -1.9051   2.716962    165.358    34.5500  0.000e+00
    -1.9069   2.716962    165.304    34.5521  0.000e+00
    -1.9094   2.716967    165.333    34.5551  0.000e+00
    -1.9071   2.716940    165.245    34.5521  0.000e+00
    -1.9109   2.716956    165.300    34.5567  0.000e+00
    -1.9130   2.716994    165.294    34.5597  0.000e+00
    -1.9011   2.716983    165.399    34.5456  0.000e+00
    -1.9109   2.716946    165.388    34.5565  0.000e+00
    -1.9140   2.716956    165.416    34.5602  0.000e+00
    -1.9131   2.716951    165.283    34.5593  0.000e+00
    -1.9107   2.716707    165.479    34.5529  0.000e+00
    -1.9136   2.716756    165.454    34.5570  0.000e+00
    -1.9058   2.716740    165.347    34.5477  0.000e+00
    -1.9052   2.716691    165.384    34.5463  0.000e+00
    -1.9092   2.716685    165.273    34.5509  0.000e+00
    -1.9058   2.716691    165.286    34.5471  0.000e+00
    -1.9005   2.716772    165.378    34.5420  0.000e+00
    -1.9094   2.716870    165.337    34.5537  0.000e+00
    -1.9073   2.716864    165.273    34.5513  0.000e+00
    -1.9064   2.716853    165.448    34.5499  0.000e+00
    -1.9065   2.716875    165.312    34.5504  0.000e+00
    -1.9091   2.716908    165.351    34.5539  0.000e+00
    -1.9102   2.716929    165.337    34.5555  0.000e+00
    -1.9086   2.717005    165.387    34.5547  0.000e+00
    -1.9073   2.716935    165.366    34.5521  0.000e+00
    -1.9074   2.716978    165.283    34.5529  0.000e+00
    -1.9117   2.716778    165.471    34.5550  0.000e+00
    -1.9071   2.716631    165.373    34.5477  0.000e+00
    -1.9125   2.716691    165.363    34.5548  0.000e+00
    -1.9109   2.716620    165.344    34.5520  0.000e+00
    -1.9081   2.716647    165.302    34.5491  0.000e+00
    -1.9110   2.716637    165.457    34.5522  0.000e+00
    -1.9063   2.716750    165.283    34.5485  0.000e+00
    -1.9058   2.716713    165.463    34.5473  0.000e+00
    -1.9103   2.716799    165.439    34.5537  0.000e+00
    -1.9065   2.716723    165.324    34.5483  0.000e+00
    -1.9116   2.716713    165.344    34.5541  0.000e+00
    -1.9134   2.716680    165.395    34.5557  0.000e+00
    -1.9134   2.716702    165.263    34.5561  0.000e+00
    -1.9103   2.716696    165.293    34.5524  0.000e+00
    -1.9087   2.716750    165.399    34.5512  0.000e+00
    -1.9138   2.716740    165.292    34.5571  0.000e+00
    -1.9090   2.716637    165.267    34.5500  0.000e+00
    -1.9042   2.716599    165.299    34.5439  0.000e+00
    -1.9068   2.716604    165.438    34.5469  0.000e+00
    -1.9093   2.716675    165.312    34.5509  0.000e+00
    -1.9059   2.716658    165.362    34.5467  0.000e+00
    -1.9084   2.716593    165.432    34.5486  0.000e+00
    -1.9143   2.716534    165.312    34.5548  0.000e+00
    -1.9102   2.716534    165.415    34.5500  0.000e+00
    -1.9052   2.716572    165.340    34.5447  0.000e+00
    -1.9151   2.716577    165.367    34.5563  0.000e+00
    -1.9110   2.716561    165.388    34.5513  0.000e+00
    -1.9113   2.716555    165.376    34.5515  0.000e+00
    -1.9077   2.716550    165.344    34.5472  0.000e+00
    -1.9136   2.716669    165.293    34.5559  0.000e+00
    -1.9072   2.716599    165.264    34.5474  0.000e+00
    -1.9136   2.716615    165.294    34.5551  0.000e+00
    -1.9107   2.716550    165.261    34.5509  0.000e+00
    -1.9146   2.716545    165.192    34.5553  0.000e+00
    -1.9054   2.716550    165.286    34.5446  0.000e+00
    -1.9132   2.716577    165.283    34.5541  0.000e+00
    -1.9100   2.716658    165.368    34.5515  0.000e+00
    -1.9039   2.716658    165.742    34.5441  0.000e+00
    -1.9069   2.716648    165.742    34.5475  0.000e+00
    -1.9086   2.716756    165.711    34.5510  0.000e+00
    -1.9120   2.716642    165.722    34.5534  0.000e+00
    -1.9094   2.716777    165.105    34.5526  0.000e+00
    -1.9139   2.716745    165.395    34.5572  0.000e+00
    -1.8976   2.716707    165.286    34.5377  0.000e+00
    -1.9104   2.716691    165.299    34.5524  0.000e+00
    -1.9100   2.716713    165.323    34.5522  0.000e+00
    -1.9072   2.716680    165.377    34.5485  0.000e+00
    -1.9118   2.716702    165.443    34.5541  0.000e+00
    -1.9086   2.716707    165.347    34.5505  0.000e+00
    -1.9117   2.716696    165.293    34.5540  0.000e+00
    -1.9097   2.716675    165.296    34.5514  0.000e+00
    -1.9116   2.716691    165.430    34.5537  0.000e+00
    -1.9111   2.716599    165.409    34.5519  0.000e+00
    -1.9051   2.716669    165.377    34.5459  0.000e+00
    -1.9057   2.716610    165.388    34.5457  0.000e+00
    -1.9095   2.716642    165.276    34.5507  0.000e+00
    -1.9140   2.716648    165.430    34.5559  0.000e+00
    -1.9107   2.716588    165.344    34.5513  0.000e+00
    -1.9061   2.716615    165.318    34.5463  0.000e+00
    -1.9112   2.716610    165.426    34.5521  0.000e+00
    -1.9051   2.716599    165.402    34.5449  0.000e+00
    -1.9079   2.716593    165.430    34.5481  0.000e+00
    -1.9107   2.716555    165.270    34.5509  0.000e+00
    -1.9119   2.716572    165.369    34.5524  0.000e+00
    -1.9091   2.716626    165.296    34.5499  0.000e+00
    -1.9042   2.716593    165.367    34.5437  0.000e+00
    -1.9063   2.716550    165.420    34.5455  0.000e+00
    -1.9113   2.716572    165.299    34.5518  0.000e+00
    -1.9086   2.716555    165.286    34.5484  0.000e+00
    -1.9081   2.716550    165.264    34.5478  0.000e+00
    -1.9096   2.716566    165.353    34.5497  0.000e+00
    -1.9075   2.716599    165.327    34.5478  0.000e+00
    -1.9128   2.716577    165.286    34.5536  0.000e+00
    -1.9110   2.716577    165.286    34.5515  0.000e+00
    -1.9047   2.716561    165.303    34.5439  0.000e+00
    -1.9101   2.716539    165.371    34.5499  0.000e+00
    -1.9112   2.716490    165.286    34.5506  0.000e+00
    -1.9141   2.716496    165.430    34.5539  0.000e+00
    -1.9086   2.716452    165.376    34.5469  0.000e+00
    -1.9022   2.716479    165.273    34.5399  0.000e+00
    -1.9065   2.716517    165.419    34.5454  0.000e+00
    -1.9108   2.716463    165.382    34.5497  0.000e+00
    -1.9108   2.716528    165.329    34.5506  0.000e+00
    -1.9131   2.716545    165.277    34.5535  0.000e+00
    -1.9132   2.716469    165.302    34.5526  0.000e+00
    -1.9110   2.716474    165.362    34.5500  0.000e+00
    -1.9109   2.716469    165.356    34.5498  0.000e+00
    -1.9090   2.716507    165.419    34.5481  0.000e+00
    -1.9094   2.716501    165.384    34.5485  0.000e+00
    -1.9080   2.716512    165.263    34.5472  0.000e+00
    -1.9079   2.716512    165.430    34.5469  0.000e+00
    -1.9086   2.716604    165.268    34.5491  0.000e+00
    -1.9123   2.716599    165.349    34.5534  0.000e+00
    -1.9102   2.716626    165.297    34.5513  0.000e+00
    -1.9073   2.716642    165.289    34.5481  0.000e+00
    -1.9152   2.716648    165.377    34.5574  0.000e+00
    -1.9080   2.716675    165.374    34.5494  0.000e+00
    -1.9008   2.716685    165.457    34.5410  0.000e+00
    -1.9051   2.716696    165.316    34.5464  0.000e+00
    -1.9129   2.716707    165.360    34.5555  0.000e+00
    -1.9085   2.716734    165.274    34.5508  0.000e+00
    -1.9103   2.716718    165.399    34.5526  0.000e+00
    -1.9075   2.716713    165.330    34.5493  0.000e+00
    -1.9075   2.716702    165.261    34.5492  0.000e+00
    -1.9070   2.716712    165.299    34.5488  0.000e+00
    -1.9124   2.716707    165.332    34.5549  0.000e+00
    -1.9067   2.716745    165.364    34.5488  0.000e+00
    -1.9035   2.716799    165.446    34.5458  0.000e+00
    -1.9154   2.716805    165.379    34.5598  0.000e+00
    -1.9172   2.716751    165.438    34.5611  0.000e+00
    -1.9025   2.716843    165.415    34.5452  0.000e+00
    -1.9143   2.716918    165.286    34.5601  0.000e+00
    -1.9151   2.717065    165.385    34.5631  0.000e+00
    -1.9189   2.717092    165.304    34.5680  0.000e+00
    -1.9095   2.717151    165.302    34.5578  0.000e+00
    -1.9090   2.717189    165.347    34.5577  0.000e+00
    -1.9138   2.717173    165.296    34.5632  0.000e+00
    -1.9114   2.717168    165.296    34.5602  0.000e+00
    -1.9140   2.717179    165.333    34.5635  0.000e+00
    -1.9058   2.717168    165.004    34.5540  0.000e+00
    -1.9168   2.717173    165.070    34.5668  0.000e+00
    -1.9039   2.717173    165.082    34.5518  0.000e+00
    -1.9071   2.717162    165.199    34.5552  0.000e+00
    -1.9131   2.717173    165.282    34.5624  0.000e+00
    -1.9098   2.717173    165.331    34.5584  0.000e+00
    -1.9197   2.717227    165.056    34.5710  0.000e+00
    -1.9144   2.717347    165.293    34.5663  0.000e+00
    -1.9157   2.717385    165.138    34.5685  0.000e+00
    -1.9143   2.717395    165.039    34.5670  0.000e+00
    -1.9184   2.717330    165.033    34.5709  0.000e+00
    -1.9207   2.717401    165.046    34.5745  0.000e+00
    -1.9091   2.717493    165.192    34.5622  0.000e+00
    -1.9133   2.717525    165.098    34.5676  0.000e+00
    -1.9092   2.717536    165.166    34.5629  0.000e+00
    -1.9119   2.717498    165.273    34.5655  0.000e+00
    -1.9076   2.717498    165.303    34.5604  0.000e+00
    -1.9114   2.717471    165.241    34.5646  0.000e+00
    -1.9104   2.717471    165.345    34.5634  0.000e+00
    -1.9153   2.717466    165.406    34.5689  0.000e+00
    -1.9142   2.717401    165.424    34.5668  0.000e+00
    -1.9204   2.717347    165.307    34.5733  0.000e+00
    -1.9151   2.717368    165.022    34.5676  0.000e+00
    -1.9123   2.717368    165.222    34.5642  0.000e+00
    -1.9125   2.717412    165.392    34.5649  0.000e+00
    -1.9089   2.717428    165.286    34.5609  0.000e+00
    -1.9098   2.717504    165.351    34.5631  0.000e+00
    -1.9125   2.717455    165.364    34.5656  0.000e+00
    -1.9153   2.717455    165.327    34.5689  0.000e+00
    -1.9196   2.717423    165.409    34.5734  0.000e+00
    -1.9036   2.717417    165.415    34.5546  0.000e+00
    -1.9046   2.717422    165.366    34.5558  0.000e+00
    -1.9140   2.717423    165.296    34.5669  0.000e+00
    -1.9086   2.717422    165.358    34.5605  0.000e+00
    -1.9123   2.717412    165.430    34.5646  0.000e+00
    -1.9092   2.717412    165.374    34.5611  0.000e+00
    -1.9045   2.717379    165.423    34.5550  0.000e+00
    -1.9125   2.717374    165.446    34.5643  0.000e+00
    -1.9189   2.717325    165.286    34.5713  0.000e+00
    -1.9136   2.717314    165.346    34.5649  0.000e+00
    -1.9174   2.717309    165.291    34.5692  0.000e+00
    -1.9131   2.717320    165.309    34.5644  0.000e+00
    -1.9062   2.717330    165.384    34.5565  0.000e+00
    -1.9136   2.717325    165.306    34.5651  0.000e+00
    -1.9123   2.717254    165.319    34.5625  0.000e+00
    -1.9160   2.717298    165.278    34.5674  0.000e+00
    -1.9098   2.717103    165.419    34.5574  0.000e+00
    -1.9208   2.717255    165.335    34.5724  0.000e+00
    -1.9090   2.717254    165.286    34.5587  0.000e+00
    -1.9099   2.717292    165.299    34.5602  0.000e+00
    -1.9107   2.717303    165.273    34.5614  0.000e+00
    -1.9107   2.717298    165.208    34.5614  0.000e+00
    -1.9068   2.717309    165.227    34.5569  0.000e+00
    -1.9091   2.717189    165.221    34.5580  0.000e+00
    -1.9028   2.717162    165.093    34.5503  0.000e+00
    -1.9010   2.717184    165.123    34.5485  0.000e+00
    -1.9118   2.717103    165.060    34.5600  0.000e+00
    -1.9125   2.717049    165.180    34.5599  0.000e+00
    -1.9085   2.717092    165.306    34.5558  0.000e+00
    -1.9178   2.716984    165.407    34.5651  0.000e+00
    -1.9053   2.717005    165.336    34.5509  0.000e+00
    -1.9100   2.717011    165.323    34.5564  0.000e+00
    -1.9148   2.717016    165.385    34.5621  0.000e+00
    -1.9038   2.717000    165.335    34.5490  0.000e+00
    -1.8997   2.716918    165.280    34.5431  0.000e+00
    -1.9106   2.716864    165.127    34.5552  0.000e+00
    -1.9097   2.716734    165.009    34.5523  0.000e+00
    -1.9070   2.716788    165.086    34.5499  0.000e+00
    -1.9089   2.716745    165.196    34.5515  0.000e+00
    -1.9152   2.716756    165.309    34.5589  0.000e+00
    -1.9099   2.716778    165.236    34.5531  0.000e+00
    -1.9124   2.716816    165.312    34.5565  0.000e+00
    -1.9004   2.716853    165.262    34.5430  0.000e+00
    -1.9120   2.716897    165.274    34.5571  0.000e+00
    -1.9089   2.717011    165.229    34.5551  0.000e+00
    -1.9106   2.717325    165.155    34.5616  0.000e+00
    -1.9158   2.717515    165.154    34.5704  0.000e+00
    -1.9139   2.717531    165.245    34.5683  0.000e+00
    -1.9177   2.717596    165.190    34.5737  0.000e+00
    -1.9122   2.717807    165.184    34.5703  0.000e+00
    -1.9115   2.717824    165.317    34.5695  0.000e+00
    -1.9096   2.717834    165.321    34.5675  0.000e+00
    -1.9136   2.718068    165.385    34.5754  0.000e+00
    -1.9222   2.718290    165.415    34.5885  0.000e+00
    -1.9078   2.718290    165.432    34.5717  0.000e+00
    -1.9085   2.718273    165.390    34.5723  0.000e+00
    -1.9160   2.718268    165.310    34.5811  0.000e+00
    -1.9128   2.718268    165.407    34.5773  0.000e+00
    -1.9223   2.718268    165.470    34.5884  0.000e+00
    -1.9133   2.718246    165.302    34.5776  0.000e+00
    -1.9151   2.718236    165.229    34.5796  0.000e+00
    -1.9159   2.718268    165.248    34.5810  0.000e+00
    -1.9016   2.718214    165.245    34.5635  0.000e+00
    -1.9082   2.718241    165.201    34.5716  0.000e+00
    -1.9135   2.718366    165.214    34.5796  0.000e+00
    -1.9160   2.718463    165.204    34.5838  0.000e+00
    -1.9190   2.718366    165.248    34.5859  0.000e+00
    -1.9062   2.718398    165.212    34.5715  0.000e+00
    -1.9040   2.718338    165.289    34.5681  0.000e+00
    -1.9126   2.718290    165.347    34.5774  0.000e+00
    -1.9093   2.718344    165.322    34.5743  0.000e+00
    -1.9102   2.718398    165.236    34.5762  0.000e+00
    -1.9211   2.718485    165.318    34.5901  0.000e+00
    -1.9141   2.718469    165.204    34.5817  0.000e+00
    -1.9155   2.718479    165.309    34.5834  0.000e+00
    -1.9086   2.718528    165.202    34.5762  0.000e+00
    -1.9152   2.718642    165.364    34.5853  0.000e+00
    -1.9142   2.718496    165.413    34.5821  0.000e+00
    -1.9099   2.718447    165.334    34.5764  0.000e+00
    -1.9113   2.718474    165.350    34.5785  0.000e+00
    -1.9084   2.718469    165.218    34.5750  0.000e+00
    -1.9122   2.718452    165.259    34.5792  0.000e+00
    -1.9108   2.718436    165.441    34.5772  0.000e+00
    -1.9120   2.718431    165.269    34.5787  0.000e+00
    -1.9067   2.718425    165.488    34.5723  0.000e+00
    -1.9115   2.718414    165.326    34.5778  0.000e+00
    -1.9186   2.718436    165.314    34.5865  0.000e+00
