sbs/tests/resources/orca-test-data/SBE19plus/4794/4794_016_KiM.cnv
* Sea-Bird SBE19plus Data File:
* FileName = C:\Documents and Settings\stevens\Desktop\K131_2007\CTD\4794_016.hex
* Software Version 1.50
* Temperature SN =  4977
* Conductivity SN =  4977
* System UpLoad Time = Nov 26 2007 14:43:56
** K131 McMurdo SeaIce Work
** nov-dec 2007
** using chch plastic ctd
** times are local (NZ daylight savings)
# nquan = 8
# nvalues = 2569                                  
# units = specified
# name 0 = tv290C: Temperature [ITS-90, deg C]
# name 1 = c0mS/cm: Conductivity [mS/cm]
# name 2 = prdM: Pressure, Strain Gauge [db]
# name 3 = timeJ: Julian Days
# name 4 = f0: Frequency 0
# name 5 = f1: Frequency 1
# name 6 = f2: Frequency 2
# name 7 = flag:  0.000e+00
# span 0 =    -3.7953,    -1.9060                 
# span 1 =   0.043091,  27.380696                 
# span 2 =     -0.008,    362.828                 
# span 3 = 330.593993, 330.601424                 
# span 4 =     694152,     736895                 
# span 5 =   2607.609,   5024.219                 
# span 6 =     524407,     643513                 
# span 7 = 0.0000e+00, 0.0000e+00                 
# interval = seconds: 0.25
# start_time = Nov 26 2007 14:15:21 [Instrument's time stamp, header]
# bad_flag = -9.990e-29
*END*
[from data line 180]
    -2.0612  21.735814      8.564 330.594514     697600   4630.496     527220  0.000e+00
    -2.0591  21.747249      8.564 330.594517     697554   4631.328     527220  0.000e+00
    -2.0590  21.733935      8.567 330.594520     697551   4630.359     527221  0.000e+00
    -2.0605  21.731841      8.570 330.594523     697584   4630.207     527222  0.000e+00
    -2.0613  21.721053      8.570 330.594525     697603   4629.422     527222  0.000e+00
    -2.0625  21.712681      8.576 330.594528     697629   4628.813     527224  0.000e+00
    -2.0633  21.700715      8.579 330.594531     697647   4627.941     527225  0.000e+00
    -2.0635  21.681564      8.582 330.594534     697650   4626.547     527226  0.000e+00
    -2.0621  21.657057      8.592 330.594537     697620   4624.762     527229  0.000e+00
    -2.0598  21.647031      8.604 330.594540     697569   4624.031     527233  0.000e+00
    -2.0580  21.649819      8.622 330.594543     697528   4624.234     527239  0.000e+00
    -2.0586  21.640974      8.643 330.594546     697541   4623.590     527246  0.000e+00
    -2.0604  21.634918      8.655 330.594549     697581   4623.148     527250  0.000e+00
    -2.0613  21.624628      8.674 330.594552     697603   4622.398     527256  0.000e+00
    -2.0619  21.610429      8.680 330.594554     697615   4621.363     527258  0.000e+00
    -2.0613  21.592537      8.683 330.594557     697602   4620.059     527259  0.000e+00
    -2.0596  21.570688      8.689 330.594560     697564   4618.465     527261  0.000e+00
    -2.0573  21.561158      8.689 330.594563     697513   4617.770     527261  0.000e+00
    -2.0560  21.562550      8.695 330.594566     697484   4617.871     527263  0.000e+00
    -2.0564  21.557893      8.698 330.594569     697492   4617.531     527264  0.000e+00
    -2.0576  21.550239      8.704 330.594572     697519   4616.973     527266  0.000e+00
    -2.0585  21.546064      8.704 330.594575     697540   4616.668     527266  0.000e+00
    -2.0596  21.539107      8.704 330.594578     697564   4616.160     527266  0.000e+00
    -2.0602  21.532578      8.713 330.594580     697577   4615.684     527269  0.000e+00
    -2.0603  21.524018      8.713 330.594583     697579   4615.059     527269  0.000e+00
    -2.0599  21.513853      8.714 330.594586     697571   4614.316     527269  0.000e+00
    -2.0591  21.502727      8.713 330.594589     697553   4613.504     527269  0.000e+00
    -2.0583  21.490641      8.720 330.594592     697535   4612.621     527271  0.000e+00
    -2.0572  21.476098      8.732 330.594595     697510   4611.559     527275  0.000e+00
    -2.0562  21.460810      8.732 330.594598     697488   4610.441     527275  0.000e+00
    -2.0550  21.446969      8.738 330.594601     697462   4609.430     527277  0.000e+00
    -2.0539  21.433131      8.747 330.594604     697438   4608.418     527280  0.000e+00
    -2.0528  21.417212      8.753 330.594606     697413   4607.254     527282  0.000e+00
    -2.0517  21.404983      8.771 330.594609     697388   4606.359     527288  0.000e+00
    -2.0507  21.390246      8.784 330.594612     697366   4605.281     527292  0.000e+00
    -2.0500  21.377328      8.848 330.594615     697350   4604.336     527313  0.000e+00
    -2.0493  21.363505      9.052 330.594618     697335   4603.324     527380  0.000e+00
    -2.0486  21.352247      9.466 330.594621     697320   4602.500     527516  0.000e+00
    -2.0480  21.339818      9.856 330.594624     697306   4601.590     527644  0.000e+00
    -2.0476  21.328137     10.155 330.594627     697297   4600.734     527742  0.000e+00
    -2.0470  21.316405     10.393 330.594630     697284   4599.875     527820  0.000e+00
    -2.0465  21.306062     10.518 330.594633     697273   4599.117     527861  0.000e+00
    -2.0462  21.295080     10.551 330.594635     697266   4598.313     527872  0.000e+00
    -2.0458  21.285006     10.545 330.594638     697258   4597.574     527870  0.000e+00
    -2.0457  21.275573     10.548 330.594641     697254   4596.883     527871  0.000e+00
    -2.0453  21.265715     10.548 330.594644     697245   4596.160     527871  0.000e+00
    -2.0450  21.256552     10.551 330.594647     697239   4595.488     527872  0.000e+00
    -2.0447  21.248135     10.557 330.594650     697232   4594.871     527874  0.000e+00
    -2.0445  21.239188     10.560 330.594653     697229   4594.215     527875  0.000e+00
    -2.0445  21.230507     10.557 330.594656     697229   4593.578     527874  0.000e+00
    -2.0444  21.221828     10.569 330.594659     697226   4592.941     527878  0.000e+00
    -2.0445  21.213576     10.579 330.594661     697228   4592.336     527881  0.000e+00
    -2.0444  21.205858     10.585 330.594664     697225   4591.770     527883  0.000e+00
    -2.0444  21.197608     10.597 330.594667     697225   4591.164     527887  0.000e+00
    -2.0444  21.189146     10.627 330.594670     697226   4590.543     527897  0.000e+00
    -2.0443  21.181857     10.771 330.594673     697224   4590.008     527944  0.000e+00
    -2.0444  21.174781     10.990 330.594676     697227   4589.488     528016  0.000e+00
    -2.0444  21.168663     11.139 330.594679     697227   4589.039     528065  0.000e+00
    -2.0446  21.160685     11.273 330.594682     697230   4588.453     528109  0.000e+00
    -2.0444  21.152919     11.347 330.594685     697227   4587.883     528133  0.000e+00
    -2.0446  21.145847     11.371 330.594688     697231   4587.363     528141  0.000e+00
    -2.0448  21.140901     11.383 330.594690     697234   4587.000     528145  0.000e+00
    -2.0449  21.134734     11.408 330.594693     697238   4586.547     528153  0.000e+00
    -2.0449  21.128567     11.423 330.594696     697238   4586.094     528158  0.000e+00
    -2.0450  21.121975     11.435 330.594699     697240   4585.609     528162  0.000e+00
    -2.0450  21.115862     11.456 330.594702     697240   4585.160     528169  0.000e+00
    -2.0450  21.109485     11.520 330.594705     697240   4584.691     528190  0.000e+00
    -2.0453  21.103799     11.615 330.594708     697245   4584.273     528221  0.000e+00
    -2.0453  21.098113     11.725 330.594711     697245   4583.855     528257  0.000e+00
    -2.0455  21.092003     11.828 330.594714     697251   4583.406     528291  0.000e+00
    -2.0453  21.085628     11.917 330.594716     697247   4582.938     528320  0.000e+00
    -2.0456  21.079731     11.968 330.594719     697253   4582.504     528337  0.000e+00
    -2.0457  21.075482     12.005 330.594722     697254   4582.191     528349  0.000e+00
    -2.0458  21.070436     12.011 330.594725     697257   4581.820     528351  0.000e+00
    -2.0458  21.065869     12.026 330.594728     697257   4581.484     528356  0.000e+00
    -2.0460  21.059974     12.032 330.594731     697261   4581.051     528358  0.000e+00
    -2.0461  21.055248     12.038 330.594734     697263   4580.703     528360  0.000e+00
    -2.0463  21.050682     12.051 330.594737     697269   4580.367     528364  0.000e+00
    -2.0464  21.045957     12.060 330.594740     697270   4580.020     528367  0.000e+00
    -2.0465  21.040966     12.066 330.594742     697272   4579.652     528369  0.000e+00
    -2.0466  21.035286     12.078 330.594745     697275   4579.234     528373  0.000e+00
    -2.0467  21.030721     12.084 330.594748     697278   4578.898     528375  0.000e+00
    -2.0470  21.026900     12.097 330.594751     697283   4578.617     528379  0.000e+00
    -2.0471  21.021487     12.096 330.594754     697285   4578.219     528379  0.000e+00
    -2.0471  21.018090     12.103 330.594757     697285   4577.969     528381  0.000e+00
    -2.0472  21.014217     12.106 330.594760     697289   4577.684     528382  0.000e+00
    -2.0473  21.010874     12.115 330.594763     697291   4577.438     528385  0.000e+00
    -2.0475  21.005886     12.118 330.594766     697295   4577.070     528386  0.000e+00
    -2.0476  21.002491     12.127 330.594769     697298   4576.820     528389  0.000e+00
    -2.0477  20.998883     12.121 330.594771     697299   4576.555     528387  0.000e+00
    -2.0478  20.996231     12.139 330.594774     697301   4576.359     528393  0.000e+00
    -2.0479  20.993419     12.145 330.594777     697303   4576.152     528395  0.000e+00
    -2.0480  20.989600     12.158 330.594780     697306   4575.871     528399  0.000e+00
    -2.0479  20.987320     12.161 330.594783     697304   4575.703     528400  0.000e+00
    -2.0480  20.984190     12.173 330.594786     697307   4575.473     528404  0.000e+00
    -2.0484  20.982122     12.185 330.594789     697314   4575.320     528408  0.000e+00
    -2.0485  20.980107     12.197 330.594792     697318   4575.172     528412  0.000e+00
    -2.0487  20.978516     12.209 330.594795     697321   4575.055     528416  0.000e+00
    -2.0489  20.976713     12.225 330.594797     697325   4574.922     528421  0.000e+00
    -2.0490  20.974697     12.234 330.594800     697329   4574.773     528424  0.000e+00
    -2.0491  20.972682     12.252 330.594803     697331   4574.625     528430  0.000e+00
    -2.0493  20.969925     12.271 330.594806     697335   4574.422     528436  0.000e+00
    -2.0493  20.968812     12.289 330.594809     697335   4574.340     528442  0.000e+00
    -2.0496  20.965418     12.313 330.594812     697342   4574.090     528450  0.000e+00
    -2.0496  20.963881     12.347 330.594815     697342   4573.977     528461  0.000e+00
    -2.0498  20.962025     12.380 330.594818     697346   4573.840     528472  0.000e+00
    -2.0499  20.960011     12.408 330.594821     697349   4573.691     528481  0.000e+00
    -2.0502  20.958420     12.438 330.594823     697356   4573.574     528491  0.000e+00
    -2.0503  20.956618     12.456 330.594826     697358   4573.441     528497  0.000e+00
    -2.0505  20.954815     12.463 330.594829     697362   4573.309     528499  0.000e+00
    -2.0507  20.953490     12.487 330.594832     697365   4573.211     528507  0.000e+00
    -2.0508  20.951900     12.502 330.594835     697368   4573.094     528512  0.000e+00
    -2.0509  20.950522     12.514 330.594838     697371   4572.992     528516  0.000e+00
    -2.0511  20.948772     12.533 330.594841     697376   4572.863     528522  0.000e+00
    -2.0512  20.947818     12.566 330.594844     697377   4572.793     528533  0.000e+00
    -2.0515  20.947394     12.585 330.594847     697384   4572.762     528539  0.000e+00
    -2.0515  20.946493     12.591 330.594850     697385   4572.695     528541  0.000e+00
    -2.0516  20.944903     12.624 330.594852     697386   4572.578     528552  0.000e+00
    -2.0518  20.944214     12.664 330.594855     697390   4572.527     528565  0.000e+00
    -2.0519  20.943578     12.703 330.594858     697392   4572.480     528578  0.000e+00
    -2.0520  20.943472     12.734 330.594861     697396   4572.473     528588  0.000e+00
    -2.0520  20.942889     12.749 330.594864     697396   4572.430     528593  0.000e+00
    -2.0522  20.941511     12.786 330.594867     697399   4572.328     528605  0.000e+00
    -2.0524  20.941512     12.862 330.594870     697405   4572.328     528630  0.000e+00
    -2.0525  20.940611     12.926 330.594873     697407   4572.262     528651  0.000e+00
    -2.0526  20.939922     12.950 330.594876     697409   4572.211     528659  0.000e+00
    -2.0528  20.939021     12.972 330.594878     697412   4572.145     528666  0.000e+00
    -2.0528  20.938703     13.014 330.594881     697412   4572.121     528680  0.000e+00
    -2.0529  20.938120     13.066 330.594884     697415   4572.078     528697  0.000e+00
    -2.0530  20.937484     13.158 330.594887     697418   4572.031     528727  0.000e+00
    -2.0531  20.937220     13.252 330.594890     697420   4572.012     528758  0.000e+00
    -2.0530  20.936107     13.365 330.594893     697417   4571.930     528795  0.000e+00
    -2.0531  20.935895     13.487 330.594896     697420   4571.914     528835  0.000e+00
    -2.0531  20.934782     13.593 330.594899     697420   4571.832     528870  0.000e+00
    -2.0533  20.934836     13.694 330.594902     697424   4571.836     528903  0.000e+00
    -2.0535  20.934995     13.795 330.594905     697428   4571.848     528936  0.000e+00
    -2.0535  20.934783     13.919 330.594907     697428   4571.832     528977  0.000e+00
    -2.0537  20.934783     14.078 330.594910     697433   4571.832     529029  0.000e+00
    -2.0538  20.934784     14.291 330.594913     697434   4571.832     529099  0.000e+00
    -2.0539  20.934784     14.468 330.594916     697437   4571.832     529157  0.000e+00
    -2.0540  20.935421     14.623 330.594919     697440   4571.879     529208  0.000e+00
    -2.0541  20.935103     14.733 330.594922     697441   4571.855     529244  0.000e+00
    -2.0540  20.935209     14.809 330.594925     697439   4571.863     529269  0.000e+00
    -2.0541  20.935421     14.883 330.594928     697441   4571.879     529293  0.000e+00
    -2.0540  20.935898     14.937 330.594931     697439   4571.914     529311  0.000e+00
    -2.0542  20.936322     14.977 330.594933     697443   4571.945     529324  0.000e+00
    -2.0541  20.937011     14.986 330.594936     697441   4571.996     529327  0.000e+00
    -2.0542  20.937223     14.998 330.594939     697444   4572.012     529331  0.000e+00
    -2.0541  20.937223     15.001 330.594942     697442   4572.012     529332  0.000e+00
    -2.0540  20.937912     15.014 330.594945     697440   4572.063     529336  0.000e+00
    -2.0543  20.938389     15.017 330.594948     697447   4572.098     529337  0.000e+00
    -2.0541  20.939025     15.020 330.594951     697441   4572.145     529338  0.000e+00
    -2.0542  20.939290     15.026 330.594954     697443   4572.164     529340  0.000e+00
    -2.0543  20.940191     15.038 330.594957     697447   4572.230     529344  0.000e+00
    -2.0544  20.941092     15.050 330.594959     697449   4572.297     529348  0.000e+00
    -2.0544  20.941357     15.084 330.594962     697449   4572.316     529359  0.000e+00
    -2.0545  20.941781     15.209 330.594965     697451   4572.348     529400  0.000e+00
    -2.0546  20.942895     15.477 330.594968     697453   4572.430     529488  0.000e+00
    -2.0547  20.943585     15.681 330.594971     697456   4572.480     529555  0.000e+00
    -2.0547  20.944698     15.861 330.594974     697456   4572.563     529614  0.000e+00
    -2.0548  20.945122     16.023 330.594977     697458   4572.594     529667  0.000e+00
    -2.0548  20.946713     16.184 330.594980     697458   4572.711     529720  0.000e+00
    -2.0549  20.947402     16.342 330.594983     697460   4572.762     529772  0.000e+00
    -2.0549  20.948569     16.498 330.594986     697460   4572.848     529823  0.000e+00
    -2.0549  20.949894     16.641 330.594988     697460   4572.945     529870  0.000e+00
    -2.0550  20.950530     16.793 330.594991     697462   4572.992     529920  0.000e+00
    -2.0551  20.951909     16.946 330.594994     697464   4573.094     529970  0.000e+00
    -2.0553  20.953235     17.065 330.594997     697468   4573.191     530009  0.000e+00
    -2.0553  20.954189     17.202 330.595000     697468   4573.262     530054  0.000e+00
    -2.0554  20.955992     17.315 330.595003     697470   4573.395     530091  0.000e+00
    -2.0554  20.956734     17.464 330.595006     697470   4573.449     530140  0.000e+00
    -2.0555  20.957795     17.683 330.595009     697472   4573.527     530212  0.000e+00
    -2.0556  20.959333     17.930 330.595012     697475   4573.641     530293  0.000e+00
    -2.0555  20.960500     18.156 330.595014     697473   4573.727     530367  0.000e+00
    -2.0555  20.962037     18.335 330.595017     697472   4573.840     530426  0.000e+00
    -2.0555  20.963416     18.497 330.595020     697473   4573.941     530479  0.000e+00
    -2.0553  20.965007     18.671 330.595023     697469   4574.059     530536  0.000e+00
    -2.0553  20.966598     18.872 330.595026     697469   4574.176     530602  0.000e+00
    -2.0553  20.968136     19.100 330.595029     697468   4574.289     530677  0.000e+00
