sbs/tests/resources/orca-test-data/SBE19plus/4794/4794_040_KiM.cnv
* Sea-Bird SBE19plus Data File:
* FileName = C:\Documents and Settings\stevens\Desktop\K131_2007\CTD\4794_040.hex
* Software Version 1.50
* Temperature SN =  4977
* Conductivity SN =  4977
* System UpLoad Time = Nov 27 2007 13:06:00
** K131 McMurdo SeaIce Work
** nov-dec 2007
** using chch plastic ctd
** times are local (NZ daylight savings)
# nquan = 8
# nvalues = 3411                                  
# units = specified
# name 0 = tv290C: Temperature [ITS-90, deg C]
# name 1 = c0mS/cm: Conductivity [mS/cm]
# name 2 = prdM: Pressure, Strain Gauge [db]
# name 3 = timeJ: Julian Days
# name 4 = f0: Frequency 0
# name 5 = f1: Frequency 1
# name 6 = f2: Frequency 2
# name 7 = flag:  0.000e+00
# span 0 =    -1.9517,    -1.6080                 
# span 1 =  -0.000433,  27.770376                 
# span 2 =     -0.278,    356.163                 
# span 3 = 331.506829, 331.516696                 
# span 4 =     687560,     695166                 
# span 5 =   2601.965,   5050.316                 
# span 6 =     524312,     641324                 
# span 7 = 0.0000e+00, 0.0000e+00                 
# interval = seconds: 0.25
# start_time = Nov 27 2007 12:09:50 [Instrument's time stamp, header]
# bad_flag = -9.990e-29
*END*
[from data line 720]
    -1.9471  26.797600    112.843 331.508912     695064   4985.047     561439  0.000e+00
    -1.9472  26.798584    113.038 331.508915     695065   4985.113     561503  0.000e+00
    -1.9472  26.799799    113.233 331.508918     695065   4985.195     561567  0.000e+00
    -1.9469  26.801709    113.428 331.508921     695059   4985.324     561631  0.000e+00
    -1.9468  26.805586    113.663 331.508924     695057   4985.586     561708  0.000e+00
    -1.9465  26.806628    113.879 331.508927     695049   4985.656     561779  0.000e+00
    -1.9464  26.807207    114.086 331.508929     695048   4985.695     561847  0.000e+00
    -1.9463  26.808480    114.302 331.508932     695046   4985.781     561918  0.000e+00
    -1.9461  26.800902    114.525 331.508935     695042   4985.270     561991  0.000e+00
    -1.9461  26.798588    114.796 331.508938     695042   4985.113     562080  0.000e+00
    -1.9460  26.799804    115.012 331.508941     695038   4985.195     562151  0.000e+00
    -1.9459  26.802986    115.262 331.508944     695037   4985.410     562233  0.000e+00
    -1.9459  26.804723    115.500 331.508947     695036   4985.527     562311  0.000e+00
    -1.9456  26.809178    115.783 331.508950     695031   4985.828     562404  0.000e+00
    -1.9457  26.810278    116.018 331.508953     695033   4985.902     562481  0.000e+00
    -1.9457  26.812767    116.277 331.508955     695033   4986.070     562566  0.000e+00
    -1.9456  26.814446    116.539 331.508958     695030   4986.184     562652  0.000e+00
    -1.9457  26.817166    116.816 331.508961     695032   4986.367     562743  0.000e+00
    -1.9455  26.818093    117.069 331.508964     695027   4986.430     562826  0.000e+00
    -1.9456  26.820755    117.337 331.508967     695029   4986.609     562914  0.000e+00
    -1.9454  26.822782    117.626 331.508970     695026   4986.746     563009  0.000e+00
    -1.9454  26.826255    117.925 331.508973     695025   4986.980     563107  0.000e+00
    -1.9455  26.828223    118.181 331.508976     695027   4987.113     563191  0.000e+00
    -1.9452  26.832044    118.461 331.508979     695022   4987.371     563283  0.000e+00
    -1.9452  26.836559    118.769 331.508981     695021   4987.676     563384  0.000e+00
    -1.9451  26.840843    119.058 331.508984     695019   4987.965     563479  0.000e+00
    -1.9451  26.844896    119.326 331.508987     695018   4988.238     563567  0.000e+00
    -1.9451  26.850802    119.625 331.508990     695019   4988.637     563665  0.000e+00
    -1.9451  26.856361    119.926 331.508993     695019   4989.012     563764  0.000e+00
    -1.9451  26.858793    120.191 331.508996     695019   4989.176     563851  0.000e+00
    -1.9451  26.864179    120.472 331.508999     695018   4989.539     563943  0.000e+00
    -1.9449  26.868985    120.764 331.509002     695015   4989.863     564039  0.000e+00
    -1.9449  26.873851    121.050 331.509005     695015   4990.191     564133  0.000e+00
    -1.9450  26.878137    121.328 331.509008     695016   4990.480     564224  0.000e+00
    -1.9450  26.884567    121.608 331.509010     695016   4990.914     564316  0.000e+00
    -1.9448  26.892213    121.916 331.509013     695013   4991.430     564417  0.000e+00
    -1.9448  26.895747    122.184 331.509016     695012   4991.668     564505  0.000e+00
    -1.9448  26.900499    122.464 331.509019     695013   4991.988     564597  0.000e+00
    -1.9449  26.903338    122.750 331.509022     695014   4992.180     564691  0.000e+00
    -1.9448  26.905482    123.043 331.509025     695012   4992.324     564787  0.000e+00
    -1.9448  26.909365    123.305 331.509028     695013   4992.586     564873  0.000e+00
    -1.9448  26.917652    123.597 331.509031     695013   4993.145     564969  0.000e+00
    -1.9447  26.919796    123.896 331.509034     695011   4993.289     565067  0.000e+00
    -1.9448  26.921246    124.158 331.509036     695013   4993.387     565153  0.000e+00
    -1.9448  26.923217    124.438 331.509039     695012   4993.520     565245  0.000e+00
    -1.9447  26.924840    124.731 331.509042     695011   4993.629     565341  0.000e+00
    -1.9448  26.926348    125.002 331.509045     695012   4993.730     565430  0.000e+00
    -1.9448  26.934288    125.249 331.509048     695013   4994.266     565511  0.000e+00
    -1.9447  26.972147    125.507 331.509051     695010   4996.816     565596  0.000e+00
    -1.9446  26.976381    125.763 331.509054     695008   4997.102     565680  0.000e+00
    -1.9447  26.977077    126.013 331.509057     695011   4997.148     565762  0.000e+00
    -1.9448  26.977774    126.239 331.509060     695013   4997.195     565836  0.000e+00
    -1.9447  26.978702    126.473 331.509063     695010   4997.258     565913  0.000e+00
    -1.9447  26.981371    126.717 331.509065     695010   4997.438     565993  0.000e+00
    -1.9446  26.982589    126.964 331.509068     695008   4997.520     566074  0.000e+00
    -1.9446  26.983286    127.177 331.509071     695007   4997.566     566144  0.000e+00
    -1.9447  26.984446    127.396 331.509074     695010   4997.645     566216  0.000e+00
    -1.9447  26.985549    127.603 331.509077     695010   4997.719     566284  0.000e+00
    -1.9448  26.990190    127.856 331.509080     695012   4998.031     566367  0.000e+00
    -1.9447  26.991350    128.063 331.509083     695010   4998.109     566435  0.000e+00
    -1.9448  26.992047    128.267 331.509086     695012   4998.156     566502  0.000e+00
    -1.9449  26.993324    128.481 331.509089     695014   4998.242     566572  0.000e+00
    -1.9447  26.996747    128.697 331.509091     695010   4998.473     566643  0.000e+00
    -1.9447  27.008582    128.932 331.509094     695010   4999.270     566720  0.000e+00
    -1.9447  27.008583    129.108 331.509097     695010   4999.270     566778  0.000e+00
    -1.9448  27.011194    129.312 331.509100     695012   4999.445     566845  0.000e+00
    -1.9447  27.012181    129.495 331.509103     695011   4999.512     566905  0.000e+00
    -1.9447  27.016707    129.705 331.509106     695010   4999.816     566974  0.000e+00
    -1.9447  27.018855    129.913 331.509109     695011   4999.961     567042  0.000e+00
    -1.9447  27.019319    130.074 331.509112     695011   4999.992     567095  0.000e+00
    -1.9449  27.020771    130.269 331.509115     695014   5000.090     567159  0.000e+00
    -1.9447  27.021699    130.452 331.509117     695010   5000.152     567219  0.000e+00
    -1.9449  27.024660    130.665 331.509120     695014   5000.352     567289  0.000e+00
    -1.9447  27.025879    130.869 331.509123     695011   5000.434     567356  0.000e+00
    -1.9447  27.026634    131.052 331.509126     695011   5000.484     567416  0.000e+00
    -1.9449  27.028259    131.247 331.509129     695014   5000.594     567480  0.000e+00
    -1.9447  27.029710    131.445 331.509132     695010   5000.691     567545  0.000e+00
    -1.9449  27.033251    131.667 331.509135     695015   5000.930     567618  0.000e+00
    -1.9447  27.034529    131.871 331.509138     695009   5001.016     567685  0.000e+00
    -1.9447  27.035516    132.060 331.509141     695010   5001.082     567747  0.000e+00
    -1.9446  27.037664    132.261 331.509144     695008   5001.227     567813  0.000e+00
    -1.9446  27.038883    132.453 331.509146     695008   5001.309     567876  0.000e+00
    -1.9448  27.042134    132.697 331.509149     695012   5001.527     567956  0.000e+00
    -1.9447  27.042773    132.895 331.509152     695009   5001.570     568021  0.000e+00
    -1.9445  27.044283    133.087 331.509155     695006   5001.672     568084  0.000e+00
    -1.9447  27.046083    133.297 331.509158     695009   5001.793     568153  0.000e+00
    -1.9447  27.047651    133.507 331.509161     695009   5001.898     568222  0.000e+00
    -1.9447  27.051077    133.751 331.509164     695010   5002.129     568302  0.000e+00
    -1.9446  27.051600    133.943 331.509167     695007   5002.164     568365  0.000e+00
    -1.9447  27.053632    134.156 331.509170     695009   5002.301     568435  0.000e+00
    -1.9445  27.054794    134.379 331.509172     695005   5002.379     568508  0.000e+00
    -1.9446  27.057407    134.619 331.509175     695007   5002.555     568587  0.000e+00
    -1.9447  27.058336    134.839 331.509178     695009   5002.617     568659  0.000e+00
    -1.9446  27.059788    135.055 331.509181     695008   5002.715     568730  0.000e+00
    -1.9446  27.061415    135.287 331.509184     695008   5002.824     568806  0.000e+00
    -1.9447  27.062112    135.530 331.509187     695009   5002.871     568886  0.000e+00
    -1.9446  27.063332    135.756 331.509190     695007   5002.953     568960  0.000e+00
    -1.9445  27.064494    135.972 331.509193     695006   5003.031     569031  0.000e+00
    -1.9446  27.067223    136.210 331.509196     695007   5003.215     569109  0.000e+00
    -1.9445  27.069779    136.468 331.509198     695006   5003.387     569194  0.000e+00
    -1.9444  27.070883    136.703 331.509201     695004   5003.461     569271  0.000e+00
    -1.9445  27.072393    136.922 331.509204     695006   5003.563     569343  0.000e+00
    -1.9443  27.075065    137.163 331.509207     695001   5003.742     569422  0.000e+00
    -1.9445  27.077911    137.425 331.509210     695006   5003.934     569508  0.000e+00
    -1.9444  27.079770    137.672 331.509213     695004   5004.059     569589  0.000e+00
    -1.9444  27.083372    137.916 331.509216     695003   5004.301     569669  0.000e+00
    -1.9443  27.087612    138.171 331.509219     695002   5004.586     569753  0.000e+00
    -1.9443  27.093421    138.452 331.509222     695001   5004.977     569845  0.000e+00
    -1.9442  27.094758    138.692 331.509225     694999   5005.066     569924  0.000e+00
    -1.9443  27.097024    138.939 331.509227     695002   5005.219     570005  0.000e+00
    -1.9443  27.099232    139.204 331.509230     695002   5005.367     570092  0.000e+00
    -1.9444  27.101789    139.475 331.509233     695004   5005.539     570181  0.000e+00
    -1.9443  27.102370    139.719 331.509236     695000   5005.578     570261  0.000e+00
    -1.9443  27.105566    139.978 331.509239     695002   5005.793     570346  0.000e+00
    -1.9444  27.108762    140.237 331.509242     695003   5006.008     570431  0.000e+00
    -1.9444  27.112365    140.508 331.509245     695003   5006.250     570520  0.000e+00
    -1.9442  27.114632    140.764 331.509248     694999   5006.402     570604  0.000e+00
    -1.9443  27.116608    141.020 331.509251     695000   5006.535     570688  0.000e+00
    -1.9442  27.117945    141.291 331.509253     694999   5006.625     570777  0.000e+00
    -1.9443  27.118701    141.556 331.509256     695002   5006.676     570864  0.000e+00
    -1.9442  27.119631    141.800 331.509259     694999   5006.738     570944  0.000e+00
    -1.9443  27.120562    142.065 331.509262     695002   5006.801     571031  0.000e+00
    -1.9443  27.121899    142.339 331.509265     695000   5006.891     571121  0.000e+00
    -1.9443  27.122713    142.586 331.509268     695000   5006.945     571202  0.000e+00
    -1.9443  27.123702    142.845 331.509271     695001   5007.012     571287  0.000e+00
    -1.9443  27.124923    143.116 331.509274     695002   5007.094     571376  0.000e+00
    -1.9443  27.126086    143.390 331.509277     695000   5007.172     571466  0.000e+00
    -1.9444  27.126609    143.634 331.509280     695004   5007.207     571546  0.000e+00
    -1.9442  27.125273    143.902 331.509282     694999   5007.117     571634  0.000e+00
    -1.9444  27.125216    144.185 331.509285     695004   5007.113     571727  0.000e+00
    -1.9442  27.125565    144.450 331.509288     694998   5007.137     571814  0.000e+00
    -1.9442  27.125857    144.706 331.509291     694999   5007.156     571898  0.000e+00
    -1.9443  27.128008    144.995 331.509294     695000   5007.301     571993  0.000e+00
    -1.9443  27.128706    145.273 331.509297     695001   5007.348     572084  0.000e+00
    -1.9443  27.129404    145.535 331.509300     695000   5007.395     572170  0.000e+00
    -1.9442  27.130044    145.790 331.509303     694999   5007.438     572254  0.000e+00
    -1.9441  27.130509    146.058 331.509306     694997   5007.469     572342  0.000e+00
    -1.9442  27.130859    146.333 331.509308     694999   5007.492     572432  0.000e+00
    -1.9441  27.130859    146.576 331.509311     694997   5007.492     572512  0.000e+00
    -1.9442  27.131383    146.826 331.509314     694999   5007.527     572594  0.000e+00
    -1.9443  27.131093    147.088 331.509317     695000   5007.508     572680  0.000e+00
    -1.9442  27.131384    147.350 331.509320     694998   5007.527     572766  0.000e+00
    -1.9440  27.132431    147.594 331.509323     694995   5007.598     572846  0.000e+00
    -1.9442  27.092342    147.847 331.509326     694998   5004.902     572929  0.000e+00
    -1.9441  27.077126    148.115 331.509329     694997   5003.879     573017  0.000e+00
    -1.9442  27.151730    148.380 331.509332     694999   5008.895     573104  0.000e+00
    -1.9440  27.161672    148.623 331.509334     694995   5009.563     573184  0.000e+00
    -1.9439  27.162254    148.873 331.509337     694993   5009.602     573266  0.000e+00
    -1.9440  27.162953    149.144 331.509340     694994   5009.648     573355  0.000e+00
    -1.9439  27.163535    149.400 331.509343     694993   5009.688     573439  0.000e+00
    -1.9440  27.163768    149.644 331.509346     694995   5009.703     573519  0.000e+00
    -1.9440  27.163827    149.903 331.509349     694995   5009.707     573604  0.000e+00
    -1.9441  27.164583    150.174 331.509352     694997   5009.758     573693  0.000e+00
    -1.9440  27.164875    150.430 331.509355     694994   5009.777     573777  0.000e+00
    -1.9440  27.165108    150.668 331.509358     694994   5009.793     573855  0.000e+00
    -1.9442  27.165458    150.920 331.509361     694998   5009.816     573938  0.000e+00
    -1.9440  27.165923    151.195 331.509363     694994   5009.848     574028  0.000e+00
    -1.9442  27.166273    151.444 331.509366     694998   5009.871     574110  0.000e+00
    -1.9439  27.166739    151.688 331.509369     694993   5009.902     574190  0.000e+00
    -1.9440  27.166856    151.938 331.509372     694994   5009.910     574272  0.000e+00
    -1.9441  27.167263    152.209 331.509375     694996   5009.938     574361  0.000e+00
    -1.9440  27.167787    152.465 331.509378     694994   5009.973     574445  0.000e+00
    -1.9438  27.167962    152.706 331.509381     694991   5009.984     574524  0.000e+00
    -1.9440  27.168312    152.971 331.509384     694994   5010.008     574611  0.000e+00
    -1.9441  27.168836    153.251 331.509387     694996   5010.043     574703  0.000e+00
    -1.9441  27.169127    153.495 331.509389     694997   5010.063     574783  0.000e+00
    -1.9443  27.169361    153.741 331.509392     695000   5010.078     574864  0.000e+00
    -1.9440  27.169652    154.006 331.509395     694995   5010.098     574951  0.000e+00
    -1.9440  27.169885    154.280 331.509398     694995   5010.113     575041  0.000e+00
    -1.9438  27.170235    154.515 331.509401     694991   5010.137     575118  0.000e+00
    -1.9440  27.170701    154.765 331.509404     694995   5010.168     575200  0.000e+00
    -1.9439  27.170759    155.033 331.509407     694992   5010.172     575288  0.000e+00
    -1.9439  27.170935    155.301 331.509410     694993   5010.184     575376  0.000e+00
    -1.9439  27.171342    155.526 331.509413     694993   5010.211     575450  0.000e+00
    -1.9438  27.171227    155.779 331.509416     694989   5010.203     575533  0.000e+00
    -1.9439  27.171751    156.038 331.509418     694993   5010.238     575618  0.000e+00
    -1.9438  27.171635    156.318 331.509421     694990   5010.230     575710  0.000e+00
    -1.9439  27.172275    156.550 331.509424     694993   5010.273     575786  0.000e+00
