sbs/tests/resources/orca-test-data/SBE19plus/4794/4794_039_KiM.cnv
* Sea-Bird SBE19plus Data File:
* FileName = C:\Documents and Settings\stevens\Desktop\K131_2007\CTD\4794_039.hex
* Software Version 1.50
* Temperature SN =  4977
* Conductivity SN =  4977
* System UpLoad Time = Nov 27 2007 11:53:27
** K131 McMurdo SeaIce Work
** nov-dec 2007
** using chch plastic ctd
** times are local (NZ daylight savings)
# nquan = 8
# nvalues = 8534                                  
# units = specified
# name 0 = tv290C: Temperature [ITS-90, deg C]
# name 1 = c0mS/cm: Conductivity [mS/cm]
# name 2 = prdM: Pressure, Strain Gauge [db]
# name 3 = timeJ: Julian Days
# name 4 = f0: Frequency 0
# name 5 = f1: Frequency 1
# name 6 = f2: Frequency 2
# name 7 = flag:  0.000e+00
# span 0 =    -1.9528,    -1.8501                 
# span 1 =  -0.000914,  27.446921                 
# span 2 =     -0.277,    354.403                 
# span 3 = 331.467870, 331.492561                 
# span 4 =     692911,     695189                 
# span 5 =   2601.902,   5028.715                 
# span 6 =     524313,     640746                 
# span 7 = 0.0000e+00, 0.0000e+00                 
# interval = seconds: 0.25
# start_time = Nov 27 2007 11:13:44 [Instrument's time stamp, header]
# bad_flag = -9.990e-29
*END*
[from data line 5753]
    -1.9434  27.220336    184.571 331.484517     694982   5013.496     584985  0.000e+00
    -1.9434  27.219930    184.751 331.484520     694981   5013.469     585044  0.000e+00
    -1.9434  27.220105    184.934 331.484523     694981   5013.480     585104  0.000e+00
    -1.9434  27.220454    185.141 331.484525     694981   5013.504     585172  0.000e+00
    -1.9434  27.220455    185.315 331.484528     694981   5013.504     585229  0.000e+00
    -1.9434  27.220630    185.479 331.484531     694981   5013.516     585283  0.000e+00
    -1.9434  27.220165    185.662 331.484534     694981   5013.484     585343  0.000e+00
    -1.9435  27.220631    185.836 331.484537     694984   5013.516     585400  0.000e+00
    -1.9436  27.220166    186.049 331.484540     694985   5013.484     585470  0.000e+00
    -1.9435  27.220457    186.216 331.484543     694984   5013.504     585525  0.000e+00
    -1.9435  27.220923    186.369 331.484546     694984   5013.535     585575  0.000e+00
    -1.9434  27.220982    186.539 331.484549     694982   5013.539     585631  0.000e+00
    -1.9434  27.220633    186.710 331.484552     694982   5013.516     585687  0.000e+00
    -1.9436  27.221215    186.911 331.484554     694985   5013.555     585753  0.000e+00
    -1.9434  27.221216    187.072 331.484557     694982   5013.555     585806  0.000e+00
    -1.9435  27.220692    187.231 331.484560     694983   5013.520     585858  0.000e+00
    -1.9435  27.221217    187.398 331.484563     694983   5013.555     585913  0.000e+00
    -1.9437  27.221799    187.557 331.484566     694987   5013.594     585965  0.000e+00
    -1.9435  27.221217    187.764 331.484569     694984   5013.555     586033  0.000e+00
    -1.9436  27.221800    187.937 331.484572     694986   5013.594     586090  0.000e+00
    -1.9435  27.221800    188.075 331.484575     694983   5013.594     586135  0.000e+00
    -1.9435  27.221219    188.242 331.484578     694984   5013.555     586190  0.000e+00
    -1.9435  27.222034    188.391 331.484580     694984   5013.609     586239  0.000e+00
    -1.9434  27.221220    188.574 331.484583     694982   5013.555     586299  0.000e+00
    -1.9434  27.222035    188.760 331.484586     694981   5013.609     586360  0.000e+00
    -1.9435  27.222559    188.885 331.484589     694983   5013.645     586401  0.000e+00
    -1.9435  27.222035    189.019 331.484592     694984   5013.609     586445  0.000e+00
    -1.9434  27.221803    189.162 331.484595     694981   5013.594     586492  0.000e+00
    -1.9435  27.222560    189.305 331.484598     694983   5013.645     586539  0.000e+00
    -1.9436  27.222037    189.485 331.484601     694985   5013.609     586598  0.000e+00
    -1.9434  27.222037    189.634 331.484604     694982   5013.609     586647  0.000e+00
    -1.9435  27.222910    189.750 331.484606     694983   5013.668     586685  0.000e+00
    -1.9436  27.221805    189.887 331.484609     694985   5013.594     586730  0.000e+00
    -1.9435  27.223085    190.027 331.484612     694984   5013.680     586776  0.000e+00
    -1.9435  27.222329    190.176 331.484615     694983   5013.629     586825  0.000e+00
    -1.9435  27.222330    190.368 331.484618     694984   5013.629     586888  0.000e+00
    -1.9436  27.223436    190.524 331.484621     694985   5013.703     586939  0.000e+00
    -1.9434  27.222854    190.652 331.484624     694982   5013.664     586981  0.000e+00
    -1.9437  27.222913    190.807 331.484627     694987   5013.668     587032  0.000e+00
    -1.9436  27.222855    190.953 331.484630     694985   5013.664     587080  0.000e+00
    -1.9437  27.223088    191.108 331.484633     694987   5013.680     587131  0.000e+00
    -1.9435  27.222623    191.303 331.484635     694983   5013.648     587195  0.000e+00
    -1.9436  27.223904    191.450 331.484638     694985   5013.734     587243  0.000e+00
    -1.9435  27.222915    191.602 331.484641     694984   5013.668     587293  0.000e+00
    -1.9435  27.223614    191.779 331.484644     694983   5013.715     587351  0.000e+00
    -1.9435  27.223905    191.943 331.484647     694984   5013.734     587405  0.000e+00
    -1.9437  27.223207    192.156 331.484650     694987   5013.688     587475  0.000e+00
    -1.9435  27.223906    192.345 331.484653     694984   5013.734     587537  0.000e+00
    -1.9435  27.223441    192.507 331.484656     694984   5013.703     587590  0.000e+00
    -1.9436  27.223907    192.723 331.484659     694985   5013.734     587661  0.000e+00
    -1.9436  27.223617    192.936 331.484661     694985   5013.715     587731  0.000e+00
    -1.9435  27.224025    193.159 331.484664     694983   5013.742     587804  0.000e+00
    -1.9434  27.224432    193.369 331.484667     694981   5013.770     587873  0.000e+00
    -1.9435  27.224317    193.628 331.484670     694984   5013.762     587958  0.000e+00
    -1.9434  27.223619    193.929 331.484673     694982   5013.715     588057  0.000e+00
    -1.9433  27.224318    194.194 331.484676     694980   5013.762     588144  0.000e+00
    -1.9433  27.224726    194.456 331.484679     694979   5013.789     588230  0.000e+00
    -1.9434  27.225251    194.727 331.484682     694982   5013.824     588319  0.000e+00
    -1.9433  27.224611    195.001 331.484685     694979   5013.781     588409  0.000e+00
    -1.9433  27.225252    195.230 331.484688     694980   5013.824     588484  0.000e+00
    -1.9434  27.225136    195.489 331.484690     694982   5013.816     588569  0.000e+00
    -1.9435  27.225253    195.775 331.484693     694984   5013.824     588663  0.000e+00
    -1.9434  27.225254    196.019 331.484696     694982   5013.824     588743  0.000e+00
    -1.9434  27.225138    196.272 331.484699     694982   5013.816     588826  0.000e+00
    -1.9435  27.225488    196.561 331.484702     694984   5013.840     588921  0.000e+00
    -1.9435  27.225722    196.829 331.484705     694984   5013.855     589009  0.000e+00
    -1.9435  27.225490    197.082 331.484708     694983   5013.840     589092  0.000e+00
    -1.9436  27.226014    197.356 331.484711     694985   5013.875     589182  0.000e+00
    -1.9435  27.226829    197.652 331.484714     694983   5013.930     589279  0.000e+00
    -1.9436  27.226306    197.910 331.484716     694985   5013.895     589364  0.000e+00
    -1.9435  27.226540    198.172 331.484719     694983   5013.910     589450  0.000e+00
    -1.9434  27.226832    198.480 331.484722     694981   5013.930     589551  0.000e+00
    -1.9435  27.226832    198.748 331.484725     694983   5013.930     589639  0.000e+00
    -1.9435  27.227066    199.007 331.484728     694983   5013.945     589724  0.000e+00
    -1.9435  27.226834    199.293 331.484731     694984   5013.930     589818  0.000e+00
    -1.9435  27.227416    199.589 331.484734     694983   5013.969     589915  0.000e+00
    -1.9434  27.227650    199.845 331.484737     694981   5013.984     589999  0.000e+00
    -1.9434  27.227941    200.113 331.484740     694982   5014.004     590087  0.000e+00
    -1.9435  27.228408    200.414 331.484742     694983   5014.035     590186  0.000e+00
    -1.9435  27.227943    200.685 331.484745     694984   5014.004     590275  0.000e+00
    -1.9435  27.228176    200.938 331.484748     694983   5014.020     590358  0.000e+00
    -1.9434  27.227886    201.225 331.484751     694982   5014.000     590452  0.000e+00
    -1.9434  27.227712    201.508 331.484754     694981   5013.988     590545  0.000e+00
    -1.9434  27.227655    201.742 331.484757     694981   5013.984     590622  0.000e+00
    -1.9436  27.227423    202.026 331.484760     694985   5013.969     590715  0.000e+00
    -1.9433  27.227889    202.318 331.484763     694979   5014.000     590811  0.000e+00
    -1.9435  27.228937    202.568 331.484766     694983   5014.070     590893  0.000e+00
    -1.9435  27.228240    202.821 331.484769     694984   5014.023     590976  0.000e+00
    -1.9434  27.228415    203.113 331.484771     694982   5014.035     591072  0.000e+00
    -1.9434  27.227950    203.381 331.484774     694982   5014.004     591160  0.000e+00
    -1.9435  27.229987    203.622 331.484777     694983   5014.141     591239  0.000e+00
    -1.9435  27.228941    203.896 331.484780     694983   5014.070     591329  0.000e+00
    -1.9434  27.229931    204.179 331.484783     694982   5014.137     591422  0.000e+00
    -1.9433  27.229466    204.420 331.484786     694980   5014.105     591501  0.000e+00
    -1.9433  27.229641    204.682 331.484789     694979   5014.117     591587  0.000e+00
    -1.9433  27.229467    204.968 331.484792     694980   5014.105     591681  0.000e+00
    -1.9433  27.229642    205.224 331.484795     694979   5014.117     591765  0.000e+00
    -1.9433  27.230283    205.471 331.484797     694979   5014.160     591846  0.000e+00
    -1.9433  27.230575    205.742 331.484800     694978   5014.180     591935  0.000e+00
    -1.9432  27.229935    206.007 331.484803     694977   5014.137     592022  0.000e+00
    -1.9433  27.230809    206.263 331.484806     694978   5014.195     592106  0.000e+00
    -1.9432  27.229937    206.513 331.484809     694977   5014.137     592188  0.000e+00
    -1.9432  27.230578    206.784 331.484812     694976   5014.180     592277  0.000e+00
    -1.9432  27.231335    207.055 331.484815     694977   5014.230     592366  0.000e+00
    -1.9431  27.230521    207.301 331.484818     694974   5014.176     592447  0.000e+00
    -1.9432  27.230289    207.573 331.484821     694977   5014.160     592536  0.000e+00
    -1.9433  27.232210    207.859 331.484823     694978   5014.289     592630  0.000e+00
    -1.9430  27.232385    208.118 331.484826     694973   5014.301     592715  0.000e+00
    -1.9433  27.230815    208.374 331.484829     694980   5014.195     592799  0.000e+00
    -1.9434  27.231339    208.669 331.484832     694982   5014.230     592896  0.000e+00
    -1.9433  27.231340    208.952 331.484835     694979   5014.230     592989  0.000e+00
    -1.9433  27.231922    209.208 331.484838     694980   5014.270     593073  0.000e+00
    -1.9433  27.231865    209.492 331.484841     694979   5014.266     593166  0.000e+00
    -1.9434  27.232215    209.802 331.484844     694982   5014.289     593268  0.000e+00
    -1.9432  27.232681    210.070 331.484847     694977   5014.320     593356  0.000e+00
    -1.9433  27.232158    210.326 331.484850     694979   5014.285     593440  0.000e+00
    -1.9434  27.232450    210.625 331.484852     694982   5014.305     593538  0.000e+00
    -1.9434  27.232392    210.908 331.484855     694982   5014.301     593631  0.000e+00
    -1.9436  27.233033    211.170 331.484858     694985   5014.344     593717  0.000e+00
    -1.9436  27.231637    211.444 331.484861     694985   5014.250     593807  0.000e+00
    -1.9437  27.232918    211.740 331.484864     694987   5014.336     593904  0.000e+00
    -1.9436  27.232744    212.008 331.484867     694985   5014.324     593992  0.000e+00
    -1.9436  27.232920    212.260 331.484870     694986   5014.336     594075  0.000e+00
    -1.9438  27.232455    212.550 331.484873     694989   5014.305     594170  0.000e+00
    -1.9437  27.233503    212.833 331.484876     694987   5014.375     594263  0.000e+00
    -1.9437  27.234144    213.083 331.484878     694987   5014.418     594345  0.000e+00
    -1.9437  27.233214    213.351 331.484881     694987   5014.355     594433  0.000e+00
    -1.9438  27.234553    213.637 331.484884     694989   5014.445     594527  0.000e+00
    -1.9438  27.233331    213.896 331.484887     694990   5014.363     594612  0.000e+00
    -1.9439  27.233216    214.143 331.484890     694993   5014.355     594693  0.000e+00
    -1.9439  27.233915    214.417 331.484893     694993   5014.402     594783  0.000e+00
    -1.9441  27.234265    214.691 331.484896     694997   5014.426     594873  0.000e+00
    -1.9438  27.233741    214.929 331.484899     694991   5014.391     594951  0.000e+00
    -1.9438  27.233335    215.179 331.484902     694991   5014.363     595033  0.000e+00
    -1.9438  27.234267    215.462 331.484905     694989   5014.426     595126  0.000e+00
    -1.9437  27.234442    215.724 331.484907     694987   5014.438     595212  0.000e+00
    -1.9438  27.233511    215.961 331.484910     694989   5014.375     595290  0.000e+00
    -1.9439  27.233745    216.223 331.484913     694993   5014.391     595376  0.000e+00
    -1.9443  27.234153    216.503 331.484916     695002   5014.418     595468  0.000e+00
    -1.9445  27.232932    216.750 331.484919     695006   5014.336     595549  0.000e+00
    -1.9448  27.233049    216.997 331.484922     695012   5014.344     595630  0.000e+00
    -1.9453  27.234039    217.259 331.484925     695024   5014.410     595716  0.000e+00
    -1.9455  27.234156    217.521 331.484928     695028   5014.418     595802  0.000e+00
    -1.9458  27.233225    217.755 331.484931     695035   5014.355     595879  0.000e+00
    -1.9462  27.233517    217.990 331.484933     695043   5014.375     595956  0.000e+00
    -1.9464  27.232761    218.252 331.484936     695048   5014.324     596042  0.000e+00
    -1.9467  27.232412    218.499 331.484939     695055   5014.301     596123  0.000e+00
    -1.9471  27.233344    218.715 331.484942     695064   5014.363     596194  0.000e+00
    -1.9473  27.233519    218.934 331.484945     695068   5014.375     596266  0.000e+00
    -1.9473  27.232938    219.178 331.484948     695068   5014.336     596346  0.000e+00
    -1.9474  27.232240    219.415 331.484951     695070   5014.289     596424  0.000e+00
    -1.9475  27.233230    219.620 331.484954     695072   5014.355     596491  0.000e+00
    -1.9478  27.233056    219.830 331.484957     695078   5014.344     596560  0.000e+00
    -1.9476  27.232417    220.055 331.484959     695075   5014.301     596634  0.000e+00
    -1.9478  27.233639    220.284 331.484962     695078   5014.383     596709  0.000e+00
    -1.9477  27.234047    220.482 331.484965     695077   5014.410     596774  0.000e+00
    -1.9478  27.234572    220.673 331.484968     695079   5014.445     596837  0.000e+00
    -1.9478  27.233350    220.874 331.484971     695078   5014.363     596903  0.000e+00
    -1.9479  27.233525    221.079 331.484974     695080   5014.375     596970  0.000e+00
    -1.9479  27.234166    221.267 331.484977     695081   5014.418     597032  0.000e+00
    -1.9478  27.234574    221.432 331.484980     695079   5014.445     597086  0.000e+00
    -1.9479  27.233759    221.587 331.484983     695082   5014.391     597137  0.000e+00
    -1.9479  27.234167    221.737 331.484986     695081   5014.418     597186  0.000e+00
    -1.9478  27.233760    221.907 331.484988     695079   5014.391     597242  0.000e+00
    -1.9479  27.234168    222.093 331.484991     695080   5014.418     597303  0.000e+00
    -1.9478  27.234576    222.251 331.484994     695079   5014.445     597355  0.000e+00
    -1.9479  27.234052    222.404 331.484997     695082   5014.410     597405  0.000e+00
    -1.9479  27.233936    222.562 331.485000     695081   5014.402     597457  0.000e+00
    -1.9479  27.234810    222.717 331.485003     695080   5014.461     597508  0.000e+00
    -1.9479  27.234752    222.900 331.485006     695081   5014.457     597568  0.000e+00
    -1.9481  27.234287    223.089 331.485009     695085   5014.426     597630  0.000e+00
    -1.9480  27.234753    223.226 331.485012     695084   5014.457     597675  0.000e+00
    -1.9479  27.234811    223.372 331.485014     695081   5014.461     597723  0.000e+00
    -1.9480  27.234579    223.534 331.485017     695083   5014.445     597776  0.000e+00
    -1.9480  27.235045    223.671 331.485020     695084   5014.477     597821  0.000e+00
    -1.9479  27.234580    223.850 331.485023     695082   5014.445     597880  0.000e+00
    -1.9481  27.235337    224.039 331.485026     695085   5014.496     597942  0.000e+00
    -1.9481  27.234813    224.176 331.485029     695085   5014.461     597987  0.000e+00
    -1.9482  27.235338    224.322 331.485032     695087   5014.496     598035  0.000e+00
