sbs/tests/resources/orca-test-data/SBE19plus/4794/4794_025_KiM.cnv
* Sea-Bird SBE19plus Data File:
* FileName = C:\Documents and Settings\stevens\Desktop\K131_2007\CTD\4794_025.hex
* Software Version 1.50
* Temperature SN =  4977
* Conductivity SN =  4977
* System UpLoad Time = Nov 26 2007 23:07:53
** K131 McMurdo SeaIce Work
** nov-dec 2007
** using chch plastic ctd
** times are local (NZ daylight savings)
# nquan = 8
# nvalues = 10387                                 
# units = specified
# name 0 = tv290C: Temperature [ITS-90, deg C]
# name 1 = c0mS/cm: Conductivity [mS/cm]
# name 2 = prdM: Pressure, Strain Gauge [db]
# name 3 = timeJ: Julian Days
# name 4 = f0: Frequency 0
# name 5 = f1: Frequency 1
# name 6 = f2: Frequency 2
# name 7 = flag:  0.000e+00
# span 0 =    -6.3292,    -1.9071                 
# span 1 =   0.000169,  27.379575                 
# span 2 =     -0.271,    357.841                 
# span 3 = 330.929444, 330.959497                 
# span 4 =     694176,     796739                 
# span 5 =   2602.043,   5024.145                 
# span 6 =     524315,     641875                 
# span 7 = 0.0000e+00, 0.0000e+00                 
# interval = seconds: 0.25
# start_time = Nov 26 2007 22:18:24 [Instrument's time stamp, header]
# bad_flag = -9.990e-29
*END*
[from data line 7012]
    -1.9392  27.227835    181.555 330.949734     694887   5014.000     583995  0.000e+00
    -1.9386  27.226496    181.705 330.949737     694875   5013.910     584044  0.000e+00
    -1.9383  27.227603    181.863 330.949740     694867   5013.984     584096  0.000e+00
    -1.9379  27.228127    182.018 330.949742     694858   5014.020     584147  0.000e+00
    -1.9375  27.227894    182.183 330.949745     694851   5014.004     584201  0.000e+00
    -1.9372  27.228360    182.390 330.949748     694844   5014.035     584269  0.000e+00
    -1.9369  27.229059    182.582 330.949751     694837   5014.082     584332  0.000e+00
    -1.9363  27.229409    182.740 330.949754     694823   5014.105     584384  0.000e+00
    -1.9361  27.229584    182.911 330.949757     694820   5014.117     584440  0.000e+00
    -1.9361  27.228886    183.072 330.949760     694818   5014.070     584493  0.000e+00
    -1.9362  27.230516    183.255 330.949763     694822   5014.180     584553  0.000e+00
    -1.9360  27.231564    183.450 330.949766     694817   5014.250     584617  0.000e+00
    -1.9356  27.231564    183.596 330.949769     694809   5014.250     584665  0.000e+00
    -1.9351  27.231273    183.724 330.949771     694797   5014.230     584707  0.000e+00
    -1.9350  27.231565    183.849 330.949774     694794   5014.250     584748  0.000e+00
    -1.9350  27.231798    183.956 330.949777     694795   5014.266     584783  0.000e+00
    -1.9349  27.230983    184.053 330.949780     694792   5014.211     584815  0.000e+00
    -1.9348  27.232322    184.187 330.949783     694790   5014.301     584859  0.000e+00
    -1.9347  27.231857    184.340 330.949786     694789   5014.270     584909  0.000e+00
    -1.9347  27.232323    184.437 330.949789     694787   5014.301     584941  0.000e+00
    -1.9346  27.232847    184.513 330.949792     694786   5014.336     584966  0.000e+00
    -1.9345  27.232148    184.580 330.949795     694783   5014.289     584988  0.000e+00
    -1.9345  27.232323    184.620 330.949797     694783   5014.301     585001  0.000e+00
    -1.9344  27.231858    184.653 330.949800     694781   5014.270     585012  0.000e+00
    -1.9344  27.232323    184.666 330.949803     694782   5014.301     585016  0.000e+00
    -1.9346  27.232963    184.644 330.949806     694785   5014.344     585009  0.000e+00
    -1.9345  27.232847    184.666 330.949809     694783   5014.336     585016  0.000e+00
    -1.9345  27.231800    184.745 330.949812     694784   5014.266     585042  0.000e+00
    -1.9345  27.232382    184.809 330.949815     694784   5014.305     585063  0.000e+00
    -1.9344  27.232091    184.821 330.949818     694782   5014.285     585067  0.000e+00
    -1.9343  27.232673    184.815 330.949821     694780   5014.324     585065  0.000e+00
    -1.9343  27.232615    184.848 330.949823     694780   5014.320     585076  0.000e+00
    -1.9344  27.233139    184.918 330.949826     694781   5014.355     585099  0.000e+00
    -1.9343  27.233546    185.046 330.949829     694778   5014.383     585141  0.000e+00
    -1.9341  27.233663    185.229 330.949832     694775   5014.391     585201  0.000e+00
    -1.9339  27.234071    185.436 330.949835     694770   5014.418     585269  0.000e+00
    -1.9336  27.234188    185.610 330.949838     694763   5014.426     585326  0.000e+00
    -1.9338  27.234479    185.784 330.949841     694768   5014.445     585383  0.000e+00
    -1.9336  27.234654    185.945 330.949844     694763   5014.457     585436  0.000e+00
    -1.9333  27.235528    186.119 330.949847     694758   5014.516     585493  0.000e+00
    -1.9330  27.235470    186.326 330.949850     694750   5014.512     585561  0.000e+00
    -1.9330  27.235529    186.475 330.949852     694750   5014.516     585610  0.000e+00
    -1.9328  27.236344    186.612 330.949855     694746   5014.570     585655  0.000e+00
    -1.9326  27.235529    186.743 330.949858     694742   5014.516     585698  0.000e+00
    -1.9326  27.235821    186.856 330.949861     694742   5014.535     585735  0.000e+00
    -1.9326  27.236054    186.972 330.949864     694742   5014.551     585773  0.000e+00
    -1.9325  27.235530    187.115 330.949867     694740   5014.516     585820  0.000e+00
    -1.9325  27.236346    187.285 330.949870     694740   5014.570     585876  0.000e+00
    -1.9325  27.236579    187.419 330.949873     694740   5014.586     585920  0.000e+00
    -1.9325  27.235822    187.535 330.949876     694739   5014.535     585958  0.000e+00
    -1.9325  27.236055    187.630 330.949878     694739   5014.551     585989  0.000e+00
    -1.9324  27.236870    187.739 330.949881     694737   5014.605     586025  0.000e+00
    -1.9324  27.236056    187.828 330.949884     694737   5014.551     586054  0.000e+00
    -1.9325  27.236580    187.919 330.949887     694739   5014.586     586084  0.000e+00
    -1.9326  27.236347    188.023 330.949890     694741   5014.570     586118  0.000e+00
    -1.9326  27.236348    188.166 330.949893     694742   5014.570     586165  0.000e+00
    -1.9325  27.236057    188.300 330.949896     694740   5014.551     586209  0.000e+00
    -1.9325  27.237454    188.397 330.949899     694740   5014.645     586241  0.000e+00
    -1.9324  27.237105    188.470 330.949902     694738   5014.621     586265  0.000e+00
    -1.9325  27.236931    188.513 330.949905     694739   5014.609     586279  0.000e+00
    -1.9326  27.237396    188.546 330.949907     694741   5014.641     586290  0.000e+00
    -1.9325  27.236349    188.586 330.949910     694739   5014.570     586303  0.000e+00
    -1.9326  27.236931    188.592 330.949913     694741   5014.609     586305  0.000e+00
    -1.9326  27.236582    188.607 330.949916     694741   5014.586     586310  0.000e+00
    -1.9324  27.236931    188.653 330.949919     694738   5014.609     586325  0.000e+00
    -1.9325  27.236582    188.738 330.949922     694739   5014.586     586353  0.000e+00
    -1.9325  27.237106    188.814 330.949925     694740   5014.621     586378  0.000e+00
    -1.9324  27.236932    188.894 330.949928     694737   5014.609     586404  0.000e+00
    -1.9326  27.237107    189.009 330.949931     694742   5014.621     586442  0.000e+00
    -1.9326  27.237456    189.153 330.949933     694741   5014.645     586489  0.000e+00
    -1.9325  27.237398    189.268 330.949936     694739   5014.641     586527  0.000e+00
    -1.9326  27.237631    189.345 330.949939     694742   5014.656     586552  0.000e+00
    -1.9325  27.237166    189.399 330.949942     694739   5014.625     586570  0.000e+00
    -1.9326  27.237108    189.436 330.949945     694741   5014.621     586582  0.000e+00
    -1.9326  27.237457    189.448 330.949948     694741   5014.645     586586  0.000e+00
    -1.9326  27.237399    189.445 330.949951     694741   5014.641     586585  0.000e+00
    -1.9324  27.237166    189.469 330.949954     694738   5014.625     586593  0.000e+00
    -1.9326  27.237399    189.543 330.949957     694741   5014.641     586617  0.000e+00
    -1.9324  27.237923    189.619 330.949959     694738   5014.676     586642  0.000e+00
    -1.9325  27.236934    189.725 330.949962     694740   5014.609     586677  0.000e+00
    -1.9325  27.237633    189.832 330.949965     694740   5014.656     586712  0.000e+00
    -1.9323  27.238040    189.963 330.949968     694735   5014.684     586755  0.000e+00
    -1.9324  27.237924    190.146 330.949971     694737   5014.676     586815  0.000e+00
    -1.9322  27.238740    190.304 330.949974     694733   5014.730     586867  0.000e+00
    -1.9323  27.238042    190.438 330.949977     694734   5014.684     586911  0.000e+00
    -1.9326  27.238973    190.569 330.949980     694741   5014.746     586954  0.000e+00
    -1.9326  27.236936    190.694 330.949983     694741   5014.609     586995  0.000e+00
    -1.9326  27.237926    190.831 330.949986     694741   5014.676     587040  0.000e+00
    -1.9326  27.237927    190.980 330.949988     694741   5014.676     587089  0.000e+00
    -1.9327  27.238334    191.163 330.949991     694744   5014.703     587149  0.000e+00
    -1.9326  27.238742    191.328 330.949994     694742   5014.730     587203  0.000e+00
    -1.9326  27.238044    191.459 330.949997     694742   5014.684     587246  0.000e+00
    -1.9327  27.237928    191.580 330.950000     694744   5014.676     587286  0.000e+00
    -1.9328  27.238569    191.693 330.950003     694745   5014.719     587323  0.000e+00
    -1.9329  27.237929    191.791 330.950006     694747   5014.676     587355  0.000e+00
    -1.9327  27.238453    191.906 330.950009     694744   5014.711     587393  0.000e+00
    -1.9328  27.239152    192.059 330.950012     694745   5014.758     587443  0.000e+00
    -1.9328  27.239792    192.196 330.950014     694745   5014.801     587488  0.000e+00
    -1.9327  27.239443    192.284 330.950017     694743   5014.777     587517  0.000e+00
    -1.9325  27.238454    192.369 330.950020     694740   5014.711     587545  0.000e+00
    -1.9327  27.238978    192.424 330.950023     694743   5014.746     587563  0.000e+00
    -1.9328  27.239153    192.470 330.950026     694745   5014.758     587578  0.000e+00
    -1.9329  27.239269    192.500 330.950029     694749   5014.766     587588  0.000e+00
    -1.9330  27.237465    192.534 330.950032     694750   5014.645     587599  0.000e+00
    -1.9329  27.238978    192.610 330.950035     694748   5014.746     587624  0.000e+00
    -1.9330  27.238979    192.720 330.950038     694750   5014.746     587660  0.000e+00
    -1.9330  27.238048    192.875 330.950041     694751   5014.684     587711  0.000e+00
    -1.9333  27.238165    193.085 330.950043     694756   5014.691     587780  0.000e+00
    -1.9337  27.238573    193.250 330.950046     694765   5014.719     587834  0.000e+00
    -1.9339  27.238457    193.402 330.950049     694770   5014.711     587884  0.000e+00
    -1.9340  27.237177    193.536 330.950052     694773   5014.625     587928  0.000e+00
    -1.9344  27.237410    193.670 330.950055     694781   5014.641     587972  0.000e+00
    -1.9350  27.237643    193.810 330.950058     694795   5014.656     588018  0.000e+00
    -1.9354  27.237469    193.996 330.950061     694804   5014.645     588079  0.000e+00
    -1.9356  27.237644    194.151 330.950064     694808   5014.656     588130  0.000e+00
    -1.9358  27.237761    194.279 330.950067     694812   5014.664     588172  0.000e+00
    -1.9357  27.237412    194.416 330.950069     694810   5014.641     588217  0.000e+00
    -1.9357  27.237412    194.544 330.950072     694810   5014.641     588259  0.000e+00
    -1.9358  27.238053    194.693 330.950075     694812   5014.684     588308  0.000e+00
    -1.9358  27.238170    194.873 330.950078     694812   5014.691     588367  0.000e+00
    -1.9358  27.237472    195.050 330.950081     694812   5014.645     588425  0.000e+00
    -1.9359  27.237938    195.190 330.950084     694814   5014.676     588471  0.000e+00
    -1.9359  27.237414    195.324 330.950087     694814   5014.641     588515  0.000e+00
    -1.9361  27.237473    195.425 330.950090     694820   5014.645     588548  0.000e+00
    -1.9365  27.237415    195.470 330.950093     694827   5014.641     588563  0.000e+00
    -1.9366  27.237473    195.492 330.950095     694831   5014.645     588570  0.000e+00
    -1.9365  27.238172    195.513 330.950098     694829   5014.691     588577  0.000e+00
    -1.9365  27.237764    195.623 330.950101     694827   5014.664     588613  0.000e+00
    -1.9365  27.237649    195.833 330.950104     694827   5014.656     588682  0.000e+00
    -1.9361  27.237416    196.076 330.950107     694819   5014.641     588762  0.000e+00
    -1.9362  27.238348    196.381 330.950110     694821   5014.703     588862  0.000e+00
    -1.9360  27.238466    196.670 330.950113     694817   5014.711     588957  0.000e+00
    -1.9361  27.237768    196.917 330.950116     694819   5014.664     589038  0.000e+00
    -1.9365  27.238176    197.182 330.950119     694827   5014.691     589125  0.000e+00
    -1.9366  27.238176    197.411 330.950122     694830   5014.691     589200  0.000e+00
    -1.9368  27.238061    197.609 330.950124     694834   5014.684     589265  0.000e+00
    -1.9372  27.237945    197.810 330.950127     694844   5014.676     589331  0.000e+00
    -1.9375  27.238353    197.928 330.950130     694850   5014.703     589370  0.000e+00
    -1.9379  27.237131    198.020 330.950133     694858   5014.621     589400  0.000e+00
    -1.9381  27.237946    198.093 330.950136     694863   5014.676     589424  0.000e+00
    -1.9381  27.238353    198.151 330.950139     694864   5014.703     589443  0.000e+00
    -1.9382  27.238470    198.190 330.950142     694865   5014.711     589456  0.000e+00
    -1.9382  27.237480    198.209 330.950145     694865   5014.645     589462  0.000e+00
    -1.9381  27.237131    198.196 330.950148     694864   5014.621     589458  0.000e+00
    -1.9382  27.238353    198.190 330.950150     694866   5014.703     589456  0.000e+00
    -1.9381  27.238761    198.200 330.950153     694863   5014.730     589459  0.000e+00
    -1.9379  27.237946    198.196 330.950156     694858   5014.676     589458  0.000e+00
    -1.9379  27.238353    198.194 330.950159     694859   5014.703     589457  0.000e+00
    -1.9378  27.237655    198.203 330.950162     694857   5014.656     589460  0.000e+00
    -1.9378  27.238062    198.194 330.950165     694857   5014.684     589457  0.000e+00
    -1.9377  27.237946    198.200 330.950168     694855   5014.676     589459  0.000e+00
    -1.9378  27.237655    198.236 330.950171     694856   5014.656     589471  0.000e+00
    -1.9379  27.237481    198.367 330.950174     694859   5014.645     589514  0.000e+00
    -1.9380  27.237132    198.510 330.950177     694862   5014.621     589561  0.000e+00
    -1.9383  27.236958    198.656 330.950179     694869   5014.609     589609  0.000e+00
    -1.9388  27.236085    198.748 330.950182     694880   5014.551     589639  0.000e+00
    -1.9392  27.237133    198.745 330.950185     694887   5014.621     589638  0.000e+00
    -1.9396  27.237191    198.724 330.950188     694896   5014.625     589631  0.000e+00
    -1.9394  27.237656    198.723 330.950191     694893   5014.656     589631  0.000e+00
    -1.9395  27.237191    198.742 330.950194     694894   5014.625     589637  0.000e+00
    -1.9396  27.236376    198.745 330.950197     694896   5014.570     589638  0.000e+00
    -1.9395  27.236667    198.769 330.950200     694895   5014.590     589646  0.000e+00
    -1.9397  27.236085    198.790 330.950203     694899   5014.551     589653  0.000e+00
    -1.9396  27.236900    198.824 330.950205     694897   5014.605     589664  0.000e+00
    -1.9398  27.236958    198.903 330.950208     694902   5014.609     589690  0.000e+00
    -1.9397  27.237133    198.998 330.950211     694900   5014.621     589721  0.000e+00
    -1.9398  27.237483    199.101 330.950214     694901   5014.645     589755  0.000e+00
    -1.9397  27.237425    199.223 330.950217     694899   5014.641     589795  0.000e+00
    -1.9396  27.236901    199.357 330.950220     694897   5014.605     589839  0.000e+00
    -1.9395  27.236960    199.519 330.950223     694895   5014.609     589892  0.000e+00
    -1.9395  27.237659    199.680 330.950226     694894   5014.656     589945  0.000e+00
    -1.9395  27.237484    199.774 330.950229     694894   5014.645     589976  0.000e+00
    -1.9396  27.237950    199.835 330.950231     694897   5014.676     589996  0.000e+00
    -1.9396  27.236612    199.887 330.950234     694897   5014.586     590013  0.000e+00
    -1.9397  27.236961    199.887 330.950237     694900   5014.609     590013  0.000e+00
    -1.9400  27.237950    199.881 330.950240     694906   5014.676     590011  0.000e+00
    -1.9398  27.237485    199.881 330.950243     694902   5014.645     590011  0.000e+00
    -1.9397  27.237659    199.881 330.950246     694899   5014.656     590011  0.000e+00
    -1.9395  27.237776    199.878 330.950249     694894   5014.664     590010  0.000e+00
