sbs/tests/resources/orca-test-data/SBE19plus/4794/4794_038_KiM.cnv
* Sea-Bird SBE19plus Data File:
* FileName = C:\Documents and Settings\stevens\Desktop\K131_2007\CTD\4794_038.hex
* Software Version 1.50
* Temperature SN =  4977
* Conductivity SN =  4977
* System UpLoad Time = Nov 27 2007 10:50:53
** K131 McMurdo SeaIce Work
** nov-dec 2007
** using chch plastic ctd
** times are local (NZ daylight savings)
# nquan = 8
# nvalues = 6476                                  
# units = specified
# name 0 = tv290C: Temperature [ITS-90, deg C]
# name 1 = c0mS/cm: Conductivity [mS/cm]
# name 2 = prdM: Pressure, Strain Gauge [db]
# name 3 = timeJ: Julian Days
# name 4 = f0: Frequency 0
# name 5 = f1: Frequency 1
# name 6 = f2: Frequency 2
# name 7 = flag:  0.000e+00
# span 0 =    -2.1584,    -1.8998                 
# span 1 =  -0.000493,  27.354031                 
# span 2 =     -0.265,    354.941                 
# span 3 = 331.428102, 331.446837                 
# span 4 =     694013,     699765                 
# span 5 =   2601.957,   5022.434                 
# span 6 =     524317,     640923                 
# span 7 = 0.0000e+00, 0.0000e+00                 
# interval = seconds: 0.25
# start_time = Nov 27 2007 10:16:28 [Instrument's time stamp, header]
# bad_flag = -9.990e-29
*END*
[from data line 5753]
    -1.9493  27.203995    164.917 331.444748     695112   5012.402     578533  0.000e+00
    -1.9494  27.203994    164.536 331.444751     695114   5012.402     578408  0.000e+00
    -1.9495  27.203819    164.149 331.444754     695116   5012.391     578281  0.000e+00
    -1.9495  27.204283    163.775 331.444757     695116   5012.422     578158  0.000e+00
    -1.9495  27.203817    163.391 331.444760     695116   5012.391     578032  0.000e+00
    -1.9496  27.203467    163.019 331.444763     695119   5012.367     577910  0.000e+00
    -1.9495  27.203233    162.632 331.444766     695116   5012.352     577783  0.000e+00
    -1.9494  27.202127    162.249 331.444769     695114   5012.277     577657  0.000e+00
    -1.9494  27.202940    161.859 331.444771     695115   5012.332     577529  0.000e+00
    -1.9495  27.202939    161.475 331.444774     695116   5012.332     577403  0.000e+00
    -1.9494  27.202938    161.088 331.444777     695115   5012.332     577276  0.000e+00
    -1.9494  27.202414    160.692 331.444780     695115   5012.297     577146  0.000e+00
    -1.9493  27.201889    160.302 331.444783     695112   5012.262     577018  0.000e+00
    -1.9493  27.201888    159.915 331.444786     695112   5012.262     576891  0.000e+00
    -1.9491  27.201538    159.525 331.444789     695108   5012.238     576763  0.000e+00
    -1.9492  27.201886    159.129 331.444792     695109   5012.262     576633  0.000e+00
    -1.9491  27.201536    158.745 331.444795     695108   5012.238     576507  0.000e+00
    -1.9491  27.201884    158.355 331.444797     695108   5012.262     576379  0.000e+00
    -1.9489  27.201243    157.965 331.444800     695104   5012.219     576251  0.000e+00
    -1.9489  27.201067    157.582 331.444803     695103   5012.207     576125  0.000e+00
    -1.9489  27.201357    157.182 331.444806     695103   5012.227     575994  0.000e+00
    -1.9489  27.201240    156.802 331.444809     695103   5012.219     575869  0.000e+00
    -1.9488  27.200832    156.412 331.444812     695102   5012.191     575741  0.000e+00
    -1.9488  27.200424    156.031 331.444815     695100   5012.164     575616  0.000e+00
    -1.9487  27.200248    155.641 331.444818     695098   5012.152     575488  0.000e+00
    -1.9486  27.199840    155.254 331.444821     695097   5012.125     575361  0.000e+00
    -1.9488  27.200828    154.864 331.444823     695100   5012.191     575233  0.000e+00
    -1.9487  27.199489    154.477 331.444826     695098   5012.102     575106  0.000e+00
    -1.9487  27.199546    154.084 331.444829     695098   5012.105     574977  0.000e+00
    -1.9487  27.199196    153.691 331.444832     695098   5012.082     574848  0.000e+00
    -1.9485  27.199311    153.298 331.444835     695095   5012.090     574719  0.000e+00
    -1.9488  27.198670    152.902 331.444838     695100   5012.047     574589  0.000e+00
    -1.9487  27.198669    152.513 331.444841     695099   5012.047     574461  0.000e+00
    -1.9486  27.197621    152.113 331.444844     695097   5011.977     574330  0.000e+00
    -1.9487  27.198958    151.720 331.444847     695098   5012.066     574201  0.000e+00
    -1.9488  27.198724    151.324 331.444850     695100   5012.051     574071  0.000e+00
    -1.9488  27.198665    150.934 331.444852     695100   5012.047     573943  0.000e+00
    -1.9487  27.197908    150.542 331.444855     695098   5011.996     573814  0.000e+00
    -1.9488  27.198140    150.139 331.444858     695100   5012.012     573682  0.000e+00
    -1.9488  27.198139    149.743 331.444861     695102   5012.012     573552  0.000e+00
    -1.9488  27.197323    149.347 331.444864     695102   5011.957     573422  0.000e+00
    -1.9489  27.197322    148.954 331.444867     695103   5011.957     573293  0.000e+00
    -1.9488  27.196507    148.552 331.444870     695102   5011.902     573161  0.000e+00
    -1.9488  27.197611    148.156 331.444873     695101   5011.977     573031  0.000e+00
    -1.9487  27.197028    147.748 331.444876     695098   5011.938     572897  0.000e+00
    -1.9488  27.196794    147.349 331.444878     695101   5011.922     572766  0.000e+00
    -1.9486  27.196793    146.941 331.444881     695096   5011.922     572632  0.000e+00
    -1.9485  27.196211    146.539 331.444884     695095   5011.883     572500  0.000e+00
    -1.9486  27.195744    146.146 331.444887     695097   5011.852     572371  0.000e+00
    -1.9486  27.196209    145.740 331.444890     695097   5011.883     572238  0.000e+00
    -1.9486  27.196033    145.347 331.444893     695097   5011.871     572109  0.000e+00
    -1.9486  27.195916    144.951 331.444896     695096   5011.863     571979  0.000e+00
    -1.9485  27.196031    144.555 331.444899     695095   5011.871     571849  0.000e+00
    -1.9486  27.195506    144.175 331.444902     695097   5011.836     571724  0.000e+00
    -1.9485  27.195040    143.785 331.444905     695095   5011.805     571596  0.000e+00
    -1.9485  27.194690    143.392 331.444907     695094   5011.781     571467  0.000e+00
    -1.9486  27.194805    143.008 331.444910     695096   5011.789     571341  0.000e+00
    -1.9484  27.194455    142.627 331.444913     695093   5011.766     571216  0.000e+00
    -1.9485  27.194687    142.234 331.444916     695094   5011.781     571087  0.000e+00
    -1.9486  27.194221    141.844 331.444919     695096   5011.750     570959  0.000e+00
    -1.9486  27.194162    141.460 331.444922     695096   5011.746     570833  0.000e+00
    -1.9487  27.193637    141.076 331.444925     695098   5011.711     570707  0.000e+00
    -1.9487  27.193636    140.686 331.444928     695099   5011.711     570579  0.000e+00
    -1.9487  27.193635    140.306 331.444931     695099   5011.711     570454  0.000e+00
    -1.9487  27.192820    139.922 331.444933     695099   5011.656     570328  0.000e+00
    -1.9487  27.192586    139.538 331.444936     695099   5011.641     570202  0.000e+00
    -1.9488  27.192527    139.157 331.444939     695102   5011.637     570077  0.000e+00
    -1.9488  27.192584    138.776 331.444942     695102   5011.641     569952  0.000e+00
    -1.9489  27.192816    138.402 331.444945     695104   5011.656     569829  0.000e+00
    -1.9488  27.192291    138.021 331.444948     695102   5011.621     569704  0.000e+00
    -1.9488  27.192000    137.640 331.444951     695102   5011.602     569579  0.000e+00
    -1.9489  27.192057    137.259 331.444954     695103   5011.605     569454  0.000e+00
    -1.9489  27.191765    136.872 331.444957     695104   5011.586     569327  0.000e+00
    -1.9489  27.191415    136.485 331.444959     695104   5011.563     569200  0.000e+00
    -1.9489  27.191239    136.105 331.444962     695104   5011.551     569075  0.000e+00
    -1.9489  27.191704    135.721 331.444965     695104   5011.582     568949  0.000e+00
    -1.9489  27.190714    135.337 331.444968     695104   5011.516     568823  0.000e+00
    -1.9490  27.189724    134.947 331.444971     695106   5011.449     568695  0.000e+00
    -1.9489  27.191235    134.560 331.444974     695104   5011.551     568568  0.000e+00
    -1.9489  27.190420    134.179 331.444977     695104   5011.496     568443  0.000e+00
    -1.9490  27.190594    133.786 331.444980     695105   5011.508     568314  0.000e+00
    -1.9491  27.189895    133.396 331.444983     695107   5011.461     568186  0.000e+00
    -1.9491  27.190010    133.003 331.444986     695108   5011.469     568057  0.000e+00
    -1.9490  27.189893    132.610 331.444988     695106   5011.461     567928  0.000e+00
    -1.9490  27.189892    132.211 331.444991     695106   5011.461     567797  0.000e+00
    -1.9492  27.189134    131.821 331.444994     695109   5011.410     567669  0.000e+00
    -1.9490  27.189366    131.441 331.444997     695105   5011.426     567544  0.000e+00
    -1.9491  27.189423    131.054 331.445000     695108   5011.430     567417  0.000e+00
    -1.9492  27.188608    130.667 331.445003     695109   5011.375     567290  0.000e+00
    -1.9492  27.188316    130.277 331.445006     695109   5011.355     567162  0.000e+00
    -1.9492  27.188606    129.887 331.445009     695110   5011.375     567034  0.000e+00
    -1.9491  27.188314    129.497 331.445012     695108   5011.355     566906  0.000e+00
    -1.9493  27.186627    129.110 331.445014     695112   5011.242     566779  0.000e+00
    -1.9492  27.187265    128.723 331.445017     695109   5011.285     566652  0.000e+00
    -1.9493  27.187206    128.330 331.445020     695112   5011.281     566523  0.000e+00
    -1.9493  27.186449    127.928 331.445023     695112   5011.230     566391  0.000e+00
    -1.9492  27.187204    127.544 331.445026     695111   5011.281     566265  0.000e+00
    -1.9493  27.186970    127.151 331.445029     695112   5011.266     566136  0.000e+00
    -1.9492  27.186737    126.749 331.445032     695111   5011.250     566004  0.000e+00
    -1.9492  27.186096    126.356 331.445035     695110   5011.207     565875  0.000e+00
    -1.9493  27.185688    125.957 331.445038     695113   5011.180     565744  0.000e+00
    -1.9494  27.185803    125.552 331.445041     695114   5011.188     565611  0.000e+00
    -1.9495  27.185686    125.156 331.445043     695116   5011.180     565481  0.000e+00
    -1.9496  27.185801    124.753 331.445046     695119   5011.188     565349  0.000e+00
    -1.9495  27.184346    124.345 331.445049     695116   5011.090     565215  0.000e+00
    -1.9497  27.185392    123.940 331.445052     695120   5011.160     565082  0.000e+00
    -1.9497  27.184925    123.541 331.445055     695120   5011.129     564951  0.000e+00
    -1.9496  27.184052    123.133 331.445058     695119   5011.070     564817  0.000e+00
    -1.9497  27.183818    122.731 331.445061     695121   5011.055     564685  0.000e+00
    -1.9497  27.184050    122.325 331.445064     695121   5011.070     564552  0.000e+00
    -1.9497  27.184689    121.926 331.445067     695122   5011.113     564421  0.000e+00
    -1.9497  27.184048    121.518 331.445069     695121   5011.070     564287  0.000e+00
    -1.9497  27.183523    121.134 331.445072     695122   5011.035     564161  0.000e+00
    -1.9497  27.182999    120.738 331.445075     695122   5011.000     564031  0.000e+00
    -1.9497  27.182475    120.336 331.445078     695122   5010.965     563899  0.000e+00
    -1.9498  27.183520    119.943 331.445081     695123   5011.035     563770  0.000e+00
    -1.9499  27.182240    119.532 331.445084     695125   5010.949     563635  0.000e+00
    -1.9499  27.183227    119.133 331.445087     695125   5011.016     563504  0.000e+00
    -1.9499  27.182470    118.734 331.445090     695126   5010.965     563373  0.000e+00
    -1.9500  27.182469    118.338 331.445093     695127   5010.965     563243  0.000e+00
    -1.9500  27.182992    117.938 331.445095     695128   5011.000     563112  0.000e+00
    -1.9501  27.181711    117.551 331.445098     695129   5010.914     562985  0.000e+00
    -1.9500  27.181303    117.152 331.445101     695127   5010.887     562854  0.000e+00
    -1.9499  27.181942    116.766 331.445104     695126   5010.930     562727  0.000e+00
    -1.9499  27.181010    116.376 331.445107     695126   5010.867     562599  0.000e+00
    -1.9501  27.180370    115.989 331.445110     695129   5010.824     562472  0.000e+00
    -1.9501  27.181125    115.596 331.445113     695129   5010.875     562343  0.000e+00
    -1.9501  27.180426    115.203 331.445116     695131   5010.828     562214  0.000e+00
    -1.9500  27.180367    114.816 331.445119     695128   5010.824     562087  0.000e+00
    -1.9499  27.180191    114.423 331.445122     695126   5010.813     561958  0.000e+00
    -1.9497  27.179841    114.030 331.445124     695122   5010.789     561829  0.000e+00
    -1.9500  27.179549    113.631 331.445127     695127   5010.770     561698  0.000e+00
    -1.9498  27.179897    113.244 331.445130     695124   5010.793     561571  0.000e+00
    -1.9499  27.179547    112.848 331.445133     695126   5010.770     561441  0.000e+00
    -1.9499  27.179604    112.449 331.445136     695125   5010.773     561310  0.000e+00
    -1.9499  27.179545    112.052 331.445139     695126   5010.770     561180  0.000e+00
    -1.9500  27.178788    111.656 331.445142     695128   5010.719     561050  0.000e+00
    -1.9500  27.177973    111.267 331.445145     695128   5010.664     560922  0.000e+00
    -1.9500  27.178786    110.873 331.445148     695127   5010.719     560793  0.000e+00
    -1.9500  27.177913    110.487 331.445150     695128   5010.660     560666  0.000e+00
    -1.9499  27.177970    110.103 331.445153     695125   5010.664     560540  0.000e+00
    -1.9499  27.177620    109.710 331.445156     695126   5010.641     560411  0.000e+00
    -1.9500  27.177677    109.317 331.445159     695127   5010.645     560282  0.000e+00
    -1.9500  27.177618    108.936 331.445162     695128   5010.641     560157  0.000e+00
    -1.9500  27.177443    108.552 331.445165     695128   5010.629     560031  0.000e+00
    -1.9499  27.176918    108.165 331.445168     695126   5010.594     559904  0.000e+00
    -1.9501  27.177092    107.778 331.445171     695129   5010.605     559777  0.000e+00
    -1.9501  27.176916    107.397 331.445174     695130   5010.594     559652  0.000e+00
    -1.9502  27.176217    107.010 331.445177     695133   5010.547     559525  0.000e+00
    -1.9504  27.176391    106.626 331.445179     695136   5010.559     559399  0.000e+00
    -1.9505  27.176215    106.240 331.445182     695138   5010.547     559272  0.000e+00
    -1.9505  27.175866    105.865 331.445185     695138   5010.523     559149  0.000e+00
    -1.9505  27.175574    105.478 331.445188     695138   5010.504     559022  0.000e+00
    -1.9504  27.175922    105.094 331.445191     695136   5010.527     558896  0.000e+00
    -1.9503  27.176386    104.704 331.445194     695134   5010.559     558768  0.000e+00
    -1.9504  27.175920    104.320 331.445197     695136   5010.527     558642  0.000e+00
    -1.9504  27.175337    103.948 331.445200     695137   5010.488     558520  0.000e+00
    -1.9502  27.175104    103.574 331.445203     695133   5010.473     558397  0.000e+00
    -1.9503  27.173998    103.202 331.445205     695134   5010.398     558275  0.000e+00
    -1.9503  27.174229    102.824 331.445208     695134   5010.414     558151  0.000e+00
    -1.9504  27.173996    102.447 331.445211     695136   5010.398     558027  0.000e+00
    -1.9504  27.174518    102.075 331.445214     695136   5010.434     557905  0.000e+00
    -1.9503  27.174285    101.694 331.445217     695135   5010.418     557780  0.000e+00
    -1.9503  27.173470    101.313 331.445220     695135   5010.363     557655  0.000e+00
    -1.9503  27.173120    100.938 331.445223     695134   5010.340     557532  0.000e+00
    -1.9504  27.173468    100.561 331.445226     695136   5010.363     557408  0.000e+00
    -1.9502  27.173467    100.186 331.445229     695133   5010.363     557285  0.000e+00
    -1.9504  27.173117     99.808 331.445231     695136   5010.340     557161  0.000e+00
    -1.9504  27.172941     99.440 331.445234     695136   5010.328     557040  0.000e+00
    -1.9504  27.172591     99.050 331.445237     695136   5010.305     556912  0.000e+00
    -1.9506  27.171602     98.675 331.445240     695140   5010.238     556789  0.000e+00
    -1.9505  27.172299     98.294 331.445243     695139   5010.285     556664  0.000e+00
    -1.9506  27.172123     97.904 331.445246     695141   5010.273     556536  0.000e+00
    -1.9508  27.172122     97.526 331.445249     695145   5010.273     556412  0.000e+00
    -1.9508  27.170609     97.148 331.445252     695146   5010.172     556288  0.000e+00
    -1.9511  27.171597     96.762 331.445255     695151   5010.238     556161  0.000e+00
    -1.9512  27.170084     96.384 331.445258     695155   5010.137     556037  0.000e+00
    -1.9512  27.170258     96.006 331.445260     695155   5010.148     555913  0.000e+00
    -1.9513  27.170315     95.625 331.445263     695157   5010.152     555788  0.000e+00
