sbs/tests/resources/orca-test-data/SBE19plus/4794/4794_018_KiM.cnv
* Sea-Bird SBE19plus Data File:
* FileName = C:\Documents and Settings\stevens\Desktop\K131_2007\CTD\4794_018.hex
* Software Version 1.50
* Temperature SN =  4977
* Conductivity SN =  4977
* System UpLoad Time = Nov 26 2007 16:00:05
** K131 McMurdo SeaIce Work
** nov-dec 2007
** using chch plastic ctd
** times are local (NZ daylight savings)
# nquan = 8
# nvalues = 4565                                  
# units = specified
# name 0 = tv290C: Temperature [ITS-90, deg C]
# name 1 = c0mS/cm: Conductivity [mS/cm]
# name 2 = prdM: Pressure, Strain Gauge [db]
# name 3 = timeJ: Julian Days
# name 4 = f0: Frequency 0
# name 5 = f1: Frequency 1
# name 6 = f2: Frequency 2
# name 7 = flag:  0.000e+00
# span 0 =    -2.4578,    -1.8968                 
# span 1 =   0.046830,  27.376381                 
# span 2 =     -0.304,    362.935                 
# span 3 = 330.648472, 330.661678                 
# span 4 =     693947,     706464                 
# span 5 =   2608.094,   5023.930                 
# span 6 =     524304,     643548                 
# span 7 = 0.0000e+00, 0.0000e+00                 
# interval = seconds: 0.25
# start_time = Nov 26 2007 15:33:48 [Instrument's time stamp, header]
# bad_flag = -9.990e-29
*END*
[from data line 4315]
    -1.9538  27.133241     11.424 330.660958     695212   5007.676     528153  0.000e+00
    -1.9538  27.134170     11.385 330.660961     695213   5007.738     528140  0.000e+00
    -1.9539  27.133822     11.354 330.660964     695215   5007.715     528130  0.000e+00
    -1.9540  27.133647     11.299 330.660966     695217   5007.703     528112  0.000e+00
    -1.9538  27.133531     11.229 330.660969     695212   5007.695     528089  0.000e+00
    -1.9541  27.133124     11.162 330.660972     695218   5007.668     528067  0.000e+00
    -1.9539  27.133414     11.101 330.660975     695214   5007.688     528047  0.000e+00
    -1.9538  27.134111     11.037 330.660978     695213   5007.734     528026  0.000e+00
    -1.9540  27.133123     10.961 330.660981     695216   5007.668     528001  0.000e+00
    -1.9539  27.133239     10.879 330.660984     695215   5007.676     527974  0.000e+00
    -1.9539  27.134169     10.800 330.660987     695214   5007.738     527948  0.000e+00
    -1.9539  27.133820     10.717 330.660990     695215   5007.715     527921  0.000e+00
    -1.9541  27.133645     10.641 330.660992     695218   5007.703     527896  0.000e+00
    -1.9541  27.132948     10.556 330.660995     695219   5007.656     527868  0.000e+00
    -1.9540  27.133122     10.473 330.660998     695217   5007.668     527841  0.000e+00
    -1.9541  27.133645     10.394 330.661001     695219   5007.703     527815  0.000e+00
    -1.9540  27.134110     10.315 330.661004     695216   5007.734     527789  0.000e+00
    -1.9540  27.133121     10.236 330.661007     695216   5007.668     527763  0.000e+00
    -1.9541  27.132947     10.156 330.661010     695218   5007.656     527737  0.000e+00
    -1.9541  27.132888     10.074 330.661013     695218   5007.652     527710  0.000e+00
    -1.9541  27.133818     10.010 330.661016     695218   5007.715     527689  0.000e+00
    -1.9541  27.132888      9.974 330.661019     695218   5007.652     527677  0.000e+00
    -1.9540  27.132888      9.937 330.661021     695217   5007.652     527665  0.000e+00
    -1.9540  27.133527      9.897 330.661024     695217   5007.695     527652  0.000e+00
    -1.9541  27.133120      9.852 330.661027     695218   5007.668     527637  0.000e+00
    -1.9539  27.132946      9.809 330.661030     695215   5007.656     527623  0.000e+00
    -1.9540  27.133120      9.760 330.661033     695216   5007.668     527607  0.000e+00
    -1.9539  27.132713      9.706 330.661036     695215   5007.641     527589  0.000e+00
    -1.9539  27.133410      9.648 330.661039     695215   5007.688     527570  0.000e+00
    -1.9538  27.133236      9.581 330.661042     695213   5007.676     527548  0.000e+00
    -1.9539  27.132306      9.517 330.661045     695215   5007.613     527527  0.000e+00
    -1.9538  27.132887      9.453 330.661047     695213   5007.652     527506  0.000e+00
    -1.9538  27.132945      9.389 330.661050     695212   5007.656     527485  0.000e+00
    -1.9537  27.133410      9.343 330.661053     695210   5007.688     527470  0.000e+00
    -1.9538  27.132945      9.303 330.661056     695212   5007.656     527457  0.000e+00
    -1.9537  27.132886      9.242 330.661059     695210   5007.652     527437  0.000e+00
    -1.9537  27.132944      9.181 330.661062     695210   5007.656     527417  0.000e+00
    -1.9539  27.132595      9.105 330.661065     695214   5007.633     527392  0.000e+00
    -1.9537  27.132421      9.029 330.661068     695210   5007.621     527367  0.000e+00
    -1.9538  27.133118      8.962 330.661071     695211   5007.668     527345  0.000e+00
    -1.9538  27.132885      8.889 330.661073     695211   5007.652     527321  0.000e+00
    -1.9538  27.133234      8.849 330.661076     695212   5007.676     527308  0.000e+00
    -1.9537  27.133118      8.810 330.661079     695209   5007.668     527295  0.000e+00
    -1.9537  27.132711      8.767 330.661082     695209   5007.641     527281  0.000e+00
    -1.9537  27.132594      8.715 330.661085     695209   5007.633     527264  0.000e+00
    -1.9537  27.133233      8.654 330.661088     695209   5007.676     527244  0.000e+00
    -1.9537  27.132594      8.584 330.661091     695209   5007.633     527221  0.000e+00
    -1.9535  27.132594      8.526 330.661094     695206   5007.633     527202  0.000e+00
    -1.9534  27.132942      8.462 330.661097     695204   5007.656     527181  0.000e+00
    -1.9536  27.132884      8.411 330.661100     695207   5007.652     527164  0.000e+00
    -1.9535  27.133233      8.356 330.661102     695205   5007.676     527146  0.000e+00
    -1.9536  27.133116      8.298 330.661105     695207   5007.668     527127  0.000e+00
    -1.9537  27.132709      8.234 330.661108     695209   5007.641     527106  0.000e+00
    -1.9536  27.133116      8.167 330.661111     695207   5007.668     527084  0.000e+00
    -1.9537  27.132941      8.100 330.661114     695209   5007.656     527062  0.000e+00
    -1.9537  27.132302      8.039 330.661117     695209   5007.613     527042  0.000e+00
    -1.9536  27.132592      7.963 330.661120     695208   5007.633     527017  0.000e+00
    -1.9535  27.132418      7.908 330.661123     695205   5007.621     526999  0.000e+00
    -1.9534  27.132301      7.841 330.661126     695204   5007.613     526977  0.000e+00
    -1.9536  27.132418      7.783 330.661128     695208   5007.621     526958  0.000e+00
    -1.9536  27.132069      7.716 330.661131     695207   5007.598     526936  0.000e+00
    -1.9536  27.132708      7.649 330.661134     695207   5007.641     526914  0.000e+00
    -1.9537  27.132882      7.597 330.661137     695209   5007.652     526897  0.000e+00
    -1.9537  27.133114      7.548 330.661140     695210   5007.668     526881  0.000e+00
    -1.9538  27.132126      7.496 330.661143     695211   5007.602     526864  0.000e+00
    -1.9535  27.132068      7.432 330.661146     695206   5007.598     526843  0.000e+00
    -1.9535  27.132416      7.381 330.661149     695206   5007.621     526826  0.000e+00
    -1.9536  27.132591      7.323 330.661152     695207   5007.633     526807  0.000e+00
    -1.9537  27.132416      7.259 330.661155     695210   5007.621     526786  0.000e+00
    -1.9536  27.132881      7.192 330.661157     695208   5007.652     526764  0.000e+00
    -1.9536  27.132416      7.131 330.661160     695207   5007.621     526744  0.000e+00
    -1.9536  27.131776      7.067 330.661163     695208   5007.578     526723  0.000e+00
    -1.9535  27.131776      7.009 330.661166     695206   5007.578     526704  0.000e+00
    -1.9536  27.132415      6.942 330.661169     695207   5007.621     526682  0.000e+00
    -1.9535  27.133113      6.884 330.661172     695206   5007.668     526663  0.000e+00
    -1.9535  27.132706      6.820 330.661175     695205   5007.641     526642  0.000e+00
    -1.9535  27.132299      6.756 330.661178     695206   5007.613     526621  0.000e+00
    -1.9534  27.132415      6.689 330.661181     695203   5007.621     526599  0.000e+00
    -1.9534  27.132879      6.631 330.661183     695203   5007.652     526580  0.000e+00
    -1.9533  27.131775      6.567 330.661186     695201   5007.578     526559  0.000e+00
    -1.9534  27.131833      6.503 330.661189     695204   5007.582     526538  0.000e+00
    -1.9533  27.132588      6.445 330.661192     695202   5007.633     526519  0.000e+00
    -1.9533  27.132414      6.393 330.661195     695201   5007.621     526502  0.000e+00
    -1.9533  27.132588      6.348 330.661198     695200   5007.633     526487  0.000e+00
    -1.9533  27.133227      6.281 330.661201     695200   5007.676     526465  0.000e+00
    -1.9533  27.132297      6.213 330.661204     695200   5007.613     526443  0.000e+00
    -1.9533  27.132413      6.149 330.661207     695200   5007.621     526422  0.000e+00
    -1.9532  27.132878      6.079 330.661209     695198   5007.652     526399  0.000e+00
    -1.9532  27.133110      6.012 330.661212     695198   5007.668     526377  0.000e+00
    -1.9532  27.133226      5.945 330.661215     695199   5007.676     526355  0.000e+00
    -1.9529  27.132587      5.881 330.661218     695193   5007.633     526334  0.000e+00
    -1.9529  27.132935      5.817 330.661221     695192   5007.656     526313  0.000e+00
    -1.9530  27.133633      5.750 330.661224     695194   5007.703     526291  0.000e+00
    -1.9529  27.133226      5.689 330.661227     695191   5007.676     526271  0.000e+00
    -1.9527  27.132877      5.622 330.661230     695187   5007.652     526249  0.000e+00
    -1.9526  27.133225      5.558 330.661233     695186   5007.676     526228  0.000e+00
    -1.9524  27.133632      5.494 330.661236     695180   5007.703     526207  0.000e+00
    -1.9521  27.133922      5.427 330.661238     695174   5007.723     526185  0.000e+00
    -1.9517  27.134910      5.366 330.661241     695165   5007.789     526165  0.000e+00
    -1.9514  27.134154      5.293 330.661244     695159   5007.738     526141  0.000e+00
    -1.9512  27.134619      5.223 330.661247     695154   5007.770     526118  0.000e+00
    -1.9512  27.135491      5.162 330.661250     695154   5007.828     526098  0.000e+00
    -1.9506  27.137118      5.098 330.661253     695141   5007.938     526077  0.000e+00
    -1.9501  27.136827      5.025 330.661256     695129   5007.918     526053  0.000e+00
    -1.9497  27.137873      4.955 330.661259     695120   5007.988     526030  0.000e+00
    -1.9495  27.138803      4.903 330.661262     695117   5008.051     526013  0.000e+00
    -1.9490  27.139674      4.833 330.661264     695105   5008.109     525990  0.000e+00
    -1.9484  27.138512      4.751 330.661267     695093   5008.031     525963  0.000e+00
    -1.9483  27.140255      4.705 330.661270     695091   5008.148     525948  0.000e+00
    -1.9481  27.144963      4.653 330.661273     695085   5008.465     525931  0.000e+00
    -1.9470  27.144207      4.602 330.661276     695062   5008.414     525914  0.000e+00
    -1.9463  27.143277      4.537 330.661279     695045   5008.352     525893  0.000e+00
    -1.9459  27.146299      4.483 330.661282     695037   5008.555     525875  0.000e+00
    -1.9452  27.145485      4.428 330.661285     695020   5008.500     525857  0.000e+00
    -1.9448  27.143858      4.364 330.661288     695012   5008.391     525836  0.000e+00
    -1.9450  27.146531      4.288 330.661291     695016   5008.570     525811  0.000e+00
    -1.9444  27.154146      4.218 330.661293     695003   5009.082     525788  0.000e+00
    -1.9429  27.156820      4.163 330.661296     694969   5009.262     525770  0.000e+00
    -1.9412  27.156704      4.111 330.661299     694932   5009.254     525753  0.000e+00
    -1.9402  27.155017      4.071 330.661302     694911   5009.141     525740  0.000e+00
    -1.9402  27.159726      4.056 330.661305     694909   5009.457     525735  0.000e+00
    -1.9397  27.163098      4.044 330.661308     694898   5009.684     525731  0.000e+00
    -1.9384  27.165831      4.004 330.661311     694870   5009.867     525718  0.000e+00
    -1.9369  27.163970      3.943 330.661314     694836   5009.742     525698  0.000e+00
    -1.9364  27.163447      3.867 330.661317     694826   5009.707     525673  0.000e+00
    -1.9359  27.170075      3.779 330.661319     694814   5010.152     525644  0.000e+00
    -1.9349  27.178739      3.684 330.661322     694793   5010.734     525613  0.000e+00
    -1.9331  27.182460      3.605 330.661325     694752   5010.984     525587  0.000e+00
    -1.9312  27.188799      3.520 330.661328     694711   5011.410     525559  0.000e+00
    -1.9297  27.190893      3.450 330.661331     694676   5011.551     525536  0.000e+00
    -1.9281  27.191881      3.383 330.661334     694641   5011.617     525514  0.000e+00
    -1.9269  27.194614      3.322 330.661337     694615   5011.801     525494  0.000e+00
    -1.9262  27.193044      3.242 330.661340     694600   5011.695     525468  0.000e+00
    -1.9256  27.198569      3.175 330.661343     694585   5012.066     525446  0.000e+00
    -1.9245  27.199325      3.105 330.661345     694562   5012.117     525423  0.000e+00
    -1.9235  27.198918      3.044 330.661348     694540   5012.090     525403  0.000e+00
    -1.9231  27.199092      2.965 330.661351     694531   5012.102     525377  0.000e+00
    -1.9230  27.200546      2.898 330.661354     694529   5012.199     525355  0.000e+00
    -1.9229  27.200662      2.840 330.661357     694525   5012.207     525336  0.000e+00
    -1.9225  27.200837      2.785 330.661360     694517   5012.219     525318  0.000e+00
    -1.9224  27.199615      2.718 330.661363     694516   5012.137     525296  0.000e+00
    -1.9224  27.199847      2.651 330.661366     694515   5012.152     525274  0.000e+00
    -1.9224  27.200545      2.587 330.661369     694515   5012.199     525253  0.000e+00
    -1.9223  27.200661      2.520 330.661372     694512   5012.207     525231  0.000e+00
    -1.9223  27.203628      2.450 330.661374     694512   5012.406     525208  0.000e+00
    -1.9218  27.203046      2.383 330.661377     694502   5012.367     525186  0.000e+00
    -1.9215  27.203046      2.322 330.661380     694494   5012.367     525166  0.000e+00
    -1.9215  27.205315      2.267 330.661383     694494   5012.520     525148  0.000e+00
    -1.9211  27.207001      2.216 330.661386     694487   5012.633     525131  0.000e+00
    -1.9208  27.206478      2.188 330.661389     694480   5012.598     525122  0.000e+00
    -1.9206  27.206187      2.173 330.661392     694474   5012.578     525117  0.000e+00
    -1.9206  27.207874      2.145 330.661395     694474   5012.691     525108  0.000e+00
    -1.9203  27.208048      2.115 330.661398     694468   5012.703     525098  0.000e+00
    -1.9201  27.208048      2.082 330.661400     694464   5012.703     525087  0.000e+00
    -1.9198  27.207874      2.051 330.661403     694457   5012.691     525077  0.000e+00
    -1.9197  27.209386      1.999 330.661406     694454   5012.793     525060  0.000e+00
    -1.9197  27.208688      1.950 330.661409     694456   5012.746     525044  0.000e+00
    -1.9197  27.209677      1.890 330.661412     694454   5012.813     525024  0.000e+00
    -1.9197  27.211480      1.838 330.661415     694454   5012.934     525007  0.000e+00
    -1.9194  27.210374      1.786 330.661418     694449   5012.859     524990  0.000e+00
    -1.9194  27.211771      1.740 330.661421     694448   5012.953     524975  0.000e+00
    -1.9194  27.212585      1.688 330.661424     694448   5013.008     524958  0.000e+00
    -1.9191  27.214679      1.634 330.661427     694442   5013.148     524940  0.000e+00
    -1.9187  27.215145      1.582 330.661429     694433   5013.180     524923  0.000e+00
    -1.9184  27.215203      1.524 330.661432     694427   5013.184     524904  0.000e+00
    -1.9183  27.216541      1.469 330.661435     694425   5013.273     524886  0.000e+00
    -1.9181  27.217355      1.423 330.661438     694419   5013.328     524871  0.000e+00
    -1.9179  27.216249      1.368 330.661441     694415   5013.254     524853  0.000e+00
    -1.9177  27.216540      1.323 330.661444     694410   5013.273     524838  0.000e+00
    -1.9177  27.217064      1.265 330.661447     694411   5013.309     524819  0.000e+00
    -1.9177  27.217296      1.207 330.661450     694411   5013.324     524800  0.000e+00
    -1.9178  27.217936      1.143 330.661453     694412   5013.367     524779  0.000e+00
    -1.9178  27.218111      1.100 330.661455     694412   5013.379     524765  0.000e+00
    -1.9177  27.218460      1.055 330.661458     694411   5013.402     524750  0.000e+00
    -1.9178  27.218110      1.003 330.661461     694413   5013.379     524733  0.000e+00
    -1.9177  27.218227      0.933 330.661464     694410   5013.387     524710  0.000e+00
    -1.9177  27.221019      0.872 330.661467     694410   5013.574     524690  0.000e+00
    -1.9178  27.220496      0.841 330.661470     694413   5013.539     524680  0.000e+00
    -1.9179  27.221543      0.802 330.661473     694416   5013.609     524667  0.000e+00
