sbs/tests/resources/orca-test-data/SBE19plus/4794/4794_025_KiM.cnv
* Sea-Bird SBE19plus Data File:
* FileName = C:\Documents and Settings\stevens\Desktop\K131_2007\CTD\4794_025.hex
* Software Version 1.50
* Temperature SN =  4977
* Conductivity SN =  4977
* System UpLoad Time = Nov 26 2007 23:07:53
** K131 McMurdo SeaIce Work
** nov-dec 2007
** using chch plastic ctd
** times are local (NZ daylight savings)
# nquan = 8
# nvalues = 10387                                 
# units = specified
# name 0 = tv290C: Temperature [ITS-90, deg C]
# name 1 = c0mS/cm: Conductivity [mS/cm]
# name 2 = prdM: Pressure, Strain Gauge [db]
# name 3 = timeJ: Julian Days
# name 4 = f0: Frequency 0
# name 5 = f1: Frequency 1
# name 6 = f2: Frequency 2
# name 7 = flag:  0.000e+00
# span 0 =    -6.3292,    -1.9071                 
# span 1 =   0.000169,  27.379575                 
# span 2 =     -0.271,    357.841                 
# span 3 = 330.929444, 330.959497                 
# span 4 =     694176,     796739                 
# span 5 =   2602.043,   5024.145                 
# span 6 =     524315,     641875                 
# span 7 = 0.0000e+00, 0.0000e+00                 
# interval = seconds: 0.25
# start_time = Nov 26 2007 22:18:24 [Instrument's time stamp, header]
# bad_flag = -9.990e-29
*END*
[from data line 8270]
    -1.9256  27.326858    327.129 330.953374     694587   5020.617     631790  0.000e+00
    -1.9257  27.327383    327.235 330.953377     694589   5020.652     631825  0.000e+00
    -1.9256  27.327675    327.360 330.953380     694586   5020.672     631866  0.000e+00
    -1.9256  27.327092    327.519 330.953383     694587   5020.633     631918  0.000e+00
    -1.9256  27.327384    327.619 330.953385     694587   5020.652     631951  0.000e+00
    -1.9256  27.328725    327.707 330.953388     694587   5020.742     631980  0.000e+00
    -1.9256  27.329249    327.805 330.953391     694586   5020.777     632012  0.000e+00
    -1.9254  27.329075    327.899 330.953394     694581   5020.766     632043  0.000e+00
    -1.9253  27.328434    328.006 330.953397     694580   5020.723     632078  0.000e+00
    -1.9253  27.329075    328.155 330.953400     694579   5020.766     632127  0.000e+00
    -1.9253  27.328726    328.359 330.953403     694579   5020.742     632194  0.000e+00
    -1.9252  27.329776    328.527 330.953406     694578   5020.813     632249  0.000e+00
    -1.9252  27.329368    328.673 330.953409     694578   5020.785     632297  0.000e+00
    -1.9252  27.330009    328.822 330.953411     694577   5020.828     632346  0.000e+00
    -1.9251  27.329893    328.999 330.953414     694575   5020.820     632404  0.000e+00
    -1.9250  27.330302    329.175 330.953417     694572   5020.848     632462  0.000e+00
    -1.9248  27.330827    329.358 330.953420     694569   5020.883     632522  0.000e+00
    -1.9247  27.331585    329.498 330.953423     694565   5020.934     632568  0.000e+00
    -1.9247  27.331643    329.623 330.953426     694567   5020.938     632609  0.000e+00
    -1.9244  27.331877    329.763 330.953429     694560   5020.953     632655  0.000e+00
    -1.9244  27.331353    329.912 330.953432     694560   5020.918     632704  0.000e+00
    -1.9243  27.332169    330.083 330.953435     694558   5020.973     632760  0.000e+00
    -1.9243  27.332169    330.269 330.953438     694557   5020.973     632821  0.000e+00
    -1.9243  27.332927    330.412 330.953440     694558   5021.023     632868  0.000e+00
    -1.9241  27.333744    330.549 330.953443     694553   5021.078     632913  0.000e+00
    -1.9240  27.333569    330.689 330.953446     694551   5021.066     632959  0.000e+00
    -1.9240  27.332928    330.853 330.953449     694551   5021.023     633013  0.000e+00
    -1.9239  27.333279    331.030 330.953452     694549   5021.047     633071  0.000e+00
    -1.9238  27.333512    331.213 330.953455     694546   5021.063     633131  0.000e+00
    -1.9238  27.334037    331.347 330.953458     694547   5021.098     633175  0.000e+00
    -1.9239  27.333862    331.475 330.953461     694548   5021.086     633217  0.000e+00
    -1.9238  27.333746    331.612 330.953464     694547   5021.078     633262  0.000e+00
    -1.9240  27.334563    331.770 330.953466     694551   5021.133     633314  0.000e+00
    -1.9238  27.334155    331.937 330.953469     694547   5021.105     633369  0.000e+00
    -1.9240  27.334563    332.090 330.953472     694550   5021.133     633419  0.000e+00
    -1.9239  27.333573    332.205 330.953475     694549   5021.066     633457  0.000e+00
    -1.9239  27.334273    332.327 330.953478     694549   5021.113     633497  0.000e+00
    -1.9240  27.333515    332.452 330.953481     694551   5021.063     633538  0.000e+00
    -1.9242  27.334157    332.568 330.953484     694554   5021.105     633576  0.000e+00
    -1.9240  27.333749    332.723 330.953487     694551   5021.078     633627  0.000e+00
    -1.9241  27.333866    332.869 330.953490     694553   5021.086     633675  0.000e+00
    -1.9240  27.333750    332.979 330.953492     694551   5021.078     633711  0.000e+00
    -1.9241  27.334042    333.076 330.953495     694553   5021.098     633743  0.000e+00
    -1.9240  27.334741    333.171 330.953498     694550   5021.145     633774  0.000e+00
    -1.9241  27.334800    333.253 330.953501     694552   5021.148     633801  0.000e+00
    -1.9240  27.334275    333.335 330.953504     694551   5021.113     633828  0.000e+00
    -1.9239  27.335558    333.436 330.953507     694549   5021.199     633861  0.000e+00
    -1.9239  27.335092    333.576 330.953510     694548   5021.168     633907  0.000e+00
    -1.9238  27.335850    333.719 330.953513     694547   5021.219     633954  0.000e+00
    -1.9237  27.335617    333.816 330.953516     694544   5021.203     633986  0.000e+00
    -1.9238  27.335909    333.902 330.953519     694545   5021.223     634014  0.000e+00
    -1.9235  27.335559    333.993 330.953521     694540   5021.199     634044  0.000e+00
    -1.9235  27.336142    334.078 330.953524     694539   5021.238     634072  0.000e+00
    -1.9235  27.337541    334.142 330.953527     694539   5021.332     634093  0.000e+00
    -1.9233  27.338532    334.234 330.953530     694536   5021.398     634123  0.000e+00
    -1.9230  27.338532    334.343 330.953533     694529   5021.398     634159  0.000e+00
    -1.9230  27.338649    334.508 330.953536     694529   5021.406     634213  0.000e+00
    -1.9229  27.339349    334.742 330.953539     694526   5021.453     634290  0.000e+00
    -1.9229  27.338650    334.907 330.953542     694527   5021.406     634344  0.000e+00
    -1.9229  27.338825    334.995 330.953545     694525   5021.418     634373  0.000e+00
    -1.9228  27.339350    335.056 330.953547     694523   5021.453     634393  0.000e+00
    -1.9229  27.338942    335.144 330.953550     694525   5021.426     634422  0.000e+00
    -1.9229  27.339584    335.211 330.953553     694526   5021.469     634444  0.000e+00
    -1.9229  27.339584    335.272 330.953556     694525   5021.469     634464  0.000e+00
    -1.9227  27.339526    335.403 330.953559     694522   5021.465     634507  0.000e+00
    -1.9228  27.339351    335.546 330.953562     694524   5021.453     634554  0.000e+00
    -1.9228  27.339526    335.668 330.953565     694523   5021.465     634594  0.000e+00
    -1.9227  27.340401    335.778 330.953568     694521   5021.523     634630  0.000e+00
    -1.9229  27.339585    335.905 330.953571     694525   5021.469     634672  0.000e+00
    -1.9228  27.340052    336.046 330.953573     694524   5021.500     634718  0.000e+00
    -1.9228  27.340169    336.216 330.953576     694524   5021.508     634774  0.000e+00
    -1.9227  27.340344    336.408 330.953579     694522   5021.520     634837  0.000e+00
    -1.9227  27.341219    336.569 330.953582     694522   5021.578     634890  0.000e+00
    -1.9227  27.340403    336.673 330.953585     694521   5021.523     634924  0.000e+00
    -1.9226  27.340928    336.792 330.953588     694519   5021.559     634963  0.000e+00
    -1.9227  27.341220    336.926 330.953591     694521   5021.578     635007  0.000e+00
    -1.9226  27.340404    337.060 330.953594     694519   5021.523     635051  0.000e+00
    -1.9226  27.341221    337.212 330.953597     694520   5021.578     635101  0.000e+00
    -1.9227  27.341221    337.346 330.953600     694522   5021.578     635145  0.000e+00
    -1.9226  27.342037    337.437 330.953602     694519   5021.633     635175  0.000e+00
    -1.9226  27.341455    337.513 330.953605     694519   5021.594     635200  0.000e+00
    -1.9226  27.341746    337.593 330.953608     694520   5021.613     635226  0.000e+00
    -1.9226  27.341455    337.657 330.953611     694520   5021.594     635247  0.000e+00
    -1.9225  27.341747    337.739 330.953614     694517   5021.613     635274  0.000e+00
    -1.9224  27.341222    337.848 330.953617     694516   5021.578     635310  0.000e+00
    -1.9224  27.344137    337.995 330.953620     694514   5021.773     635358  0.000e+00
    -1.9221  27.345711    338.138 330.953623     694509   5021.879     635405  0.000e+00
    -1.9217  27.347693    338.253 330.953626     694500   5022.012     635443  0.000e+00
    -1.9210  27.348917    338.375 330.953628     694485   5022.094     635483  0.000e+00
    -1.9200  27.349967    338.509 330.953631     694462   5022.164     635527  0.000e+00
    -1.9193  27.351075    338.665 330.953634     694446   5022.238     635578  0.000e+00
    -1.9188  27.354223    338.835 330.953637     694436   5022.449     635634  0.000e+00
    -1.9178  27.358071    339.021 330.953640     694412   5022.707     635695  0.000e+00
    -1.9165  27.358246    339.176 330.953643     694384   5022.719     635746  0.000e+00
    -1.9154  27.358479    339.304 330.953646     694360   5022.734     635788  0.000e+00
    -1.9148  27.358946    339.456 330.953649     694347   5022.766     635838  0.000e+00
    -1.9145  27.359005    339.639 330.953652     694339   5022.770     635898  0.000e+00
    -1.9140  27.359821    339.819 330.953655     694328   5022.824     635957  0.000e+00
    -1.9138  27.361162    339.980 330.953657     694324   5022.914     636010  0.000e+00
    -1.9134  27.361687    340.102 330.953660     694316   5022.949     636050  0.000e+00
    -1.9130  27.362329    340.227 330.953663     694306   5022.992     636091  0.000e+00
    -1.9126  27.362737    340.349 330.953666     694297   5023.020     636131  0.000e+00
    -1.9123  27.363262    340.507 330.953669     694290   5023.055     636183  0.000e+00
    -1.9119  27.364545    340.662 330.953672     694282   5023.141     636234  0.000e+00
    -1.9117  27.364604    340.778 330.953675     694278   5023.145     636272  0.000e+00
    -1.9112  27.364896    340.866 330.953678     694266   5023.164     636301  0.000e+00
    -1.9110  27.364838    340.964 330.953681     694261   5023.160     636333  0.000e+00
    -1.9108  27.365421    341.055 330.953683     694257   5023.199     636363  0.000e+00
    -1.9107  27.365421    341.150 330.953686     694256   5023.199     636394  0.000e+00
    -1.9106  27.365130    341.256 330.953689     694254   5023.180     636429  0.000e+00
    -1.9107  27.365422    341.405 330.953692     694255   5023.199     636478  0.000e+00
    -1.9105  27.365422    341.533 330.953695     694252   5023.199     636520  0.000e+00
    -1.9105  27.366472    341.621 330.953698     694250   5023.270     636549  0.000e+00
    -1.9102  27.366822    341.728 330.953701     694245   5023.293     636584  0.000e+00
    -1.9101  27.366764    341.841 330.953704     694243   5023.289     636621  0.000e+00
    -1.9100  27.366997    341.957 330.953707     694239   5023.305     636659  0.000e+00
    -1.9100  27.367406    342.084 330.953709     694239   5023.332     636701  0.000e+00
    -1.9098  27.367290    342.258 330.953712     694235   5023.324     636758  0.000e+00
    -1.9096  27.367523    342.392 330.953715     694230   5023.340     636802  0.000e+00
    -1.9094  27.367932    342.492 330.953718     694227   5023.367     636835  0.000e+00
    -1.9092  27.367524    342.587 330.953721     694223   5023.340     636866  0.000e+00
    -1.9092  27.367407    342.678 330.953724     694221   5023.332     636896  0.000e+00
    -1.9091  27.367816    342.760 330.953727     694220   5023.359     636923  0.000e+00
    -1.9092  27.368632    342.855 330.953730     694223   5023.414     636954  0.000e+00
    -1.9089  27.369390    342.989 330.953733     694216   5023.465     636998  0.000e+00
    -1.9087  27.368866    343.126 330.953736     694210   5023.430     637043  0.000e+00
    -1.9086  27.369683    343.226 330.953738     694208   5023.484     637076  0.000e+00
    -1.9085  27.369391    343.306 330.953741     694206   5023.465     637102  0.000e+00
    -1.9084  27.369975    343.394 330.953744     694205   5023.504     637131  0.000e+00
    -1.9083  27.368809    343.446 330.953747     694202   5023.426     637148  0.000e+00
    -1.9083  27.369975    343.500 330.953750     694202   5023.504     637166  0.000e+00
    -1.9083  27.369392    343.567 330.953753     694202   5023.465     637188  0.000e+00
    -1.9082  27.369917    343.644 330.953756     694201   5023.500     637213  0.000e+00
    -1.9083  27.370500    343.708 330.953759     694203   5023.539     637234  0.000e+00
    -1.9082  27.369976    343.805 330.953762     694199   5023.504     637266  0.000e+00
    -1.9082  27.369393    343.905 330.953764     694201   5023.465     637299  0.000e+00
    -1.9082  27.369684    343.939 330.953767     694200   5023.484     637310  0.000e+00
    -1.9083  27.369626    343.912 330.953770     694202   5023.480     637301  0.000e+00
    -1.9082  27.369684    343.948 330.953773     694199   5023.484     637313  0.000e+00
    -1.9082  27.369976    344.082 330.953776     694200   5023.504     637357  0.000e+00
    -1.9081  27.369918    344.177 330.953779     694197   5023.500     637388  0.000e+00
    -1.9082  27.370501    344.189 330.953782     694200   5023.539     637392  0.000e+00
    -1.9081  27.370210    344.189 330.953785     694197   5023.520     637392  0.000e+00
    -1.9082  27.369102    344.204 330.953788     694199   5023.445     637397  0.000e+00
    -1.9082  27.370501    344.234 330.953791     694201   5023.539     637407  0.000e+00
    -1.9082  27.369627    344.277 330.953793     694200   5023.480     637421  0.000e+00
    -1.9081  27.370210    344.390 330.953796     694197   5023.520     637458  0.000e+00
    -1.9082  27.370502    344.594 330.953799     694201   5023.539     637525  0.000e+00
    -1.9082  27.370795    344.828 330.953802     694200   5023.559     637602  0.000e+00
    -1.9082  27.371553    345.060 330.953805     694200   5023.609     637678  0.000e+00
    -1.9081  27.371262    345.294 330.953808     694198   5023.590     637755  0.000e+00
    -1.9081  27.370796    345.483 330.953811     694198   5023.559     637817  0.000e+00
    -1.9081  27.370738    345.635 330.953814     694197   5023.555     637867  0.000e+00
    -1.9081  27.371613    345.760 330.953817     694197   5023.613     637908  0.000e+00
    -1.9078  27.371030    345.854 330.953819     694192   5023.574     637939  0.000e+00
    -1.9079  27.372080    345.931 330.953822     694193   5023.645     637964  0.000e+00
    -1.9078  27.371089    346.001 330.953825     694191   5023.578     637987  0.000e+00
    -1.9078  27.372372    346.080 330.953828     694192   5023.664     638013  0.000e+00
    -1.9079  27.371556    346.168 330.953831     694194   5023.609     638042  0.000e+00
    -1.9079  27.372489    346.302 330.953834     694193   5023.672     638086  0.000e+00
    -1.9079  27.371557    346.445 330.953837     694193   5023.609     638133  0.000e+00
    -1.9079  27.371324    346.546 330.953840     694193   5023.594     638166  0.000e+00
    -1.9078  27.371266    346.643 330.953843     694190   5023.590     638198  0.000e+00
    -1.9078  27.372607    346.756 330.953845     694191   5023.680     638235  0.000e+00
    -1.9078  27.372491    346.878 330.953848     694190   5023.672     638275  0.000e+00
    -1.9079  27.372083    347.009 330.953851     694193   5023.645     638318  0.000e+00
    -1.9078  27.373308    347.188 330.953854     694192   5023.727     638377  0.000e+00
    -1.9077  27.372084    347.359 330.953857     694189   5023.645     638433  0.000e+00
    -1.9078  27.372376    347.487 330.953860     694192   5023.664     638475  0.000e+00
    -1.9078  27.372201    347.599 330.953863     694191   5023.652     638512  0.000e+00
    -1.9077  27.372376    347.743 330.953866     694189   5023.664     638559  0.000e+00
    -1.9078  27.373135    347.919 330.953869     694192   5023.715     638617  0.000e+00
    -1.9079  27.373019    348.074 330.953872     694193   5023.707     638668  0.000e+00
    -1.9078  27.372902    348.199 330.953874     694190   5023.699     638709  0.000e+00
    -1.9078  27.373019    348.300 330.953877     694191   5023.707     638742  0.000e+00
    -1.9078  27.372903    348.406 330.953880     694192   5023.699     638777  0.000e+00
    -1.9077  27.373136    348.519 330.953883     694189   5023.715     638814  0.000e+00
    -1.9078  27.373020    348.659 330.953886     694191   5023.707     638860  0.000e+00
    -1.9078  27.373137    348.818 330.953889     694191   5023.715     638912  0.000e+00
