sbs/tests/resources/orca-test-data/SBE19plus/4794/4794_031_KiM.cnv
* Sea-Bird SBE19plus Data File:
* FileName = C:\Documents and Settings\stevens\Desktop\K131_2007\CTD\4794_031.hex
* Software Version 1.50
* Temperature SN =  4977
* Conductivity SN =  4977
* System UpLoad Time = Nov 27 2007 03:47:52
** K131 McMurdo SeaIce Work
** nov-dec 2007
** using chch plastic ctd
** times are local (NZ daylight savings)
# nquan = 8
# nvalues = 8223                                  
# units = specified
# name 0 = tv290C: Temperature [ITS-90, deg C]
# name 1 = c0mS/cm: Conductivity [mS/cm]
# name 2 = prdM: Pressure, Strain Gauge [db]
# name 3 = timeJ: Julian Days
# name 4 = f0: Frequency 0
# name 5 = f1: Frequency 1
# name 6 = f2: Frequency 2
# name 7 = flag:  0.000e+00
# span 0 =    -5.9646,    -1.9083                 
# span 1 =   0.001493,  27.377888                 
# span 2 =     -0.259,    359.561                 
# span 3 = 331.131424, 331.155214                 
# span 4 =     694202,     787957                 
# span 5 =   2602.215,   5024.031                 
# span 6 =     524319,     642440                 
# span 7 = 0.0000e+00, 0.0000e+00                 
# interval = seconds: 0.25
# start_time = Nov 27 2007 03:09:15 [Instrument's time stamp, header]
# bad_flag = -9.990e-29
*END*
[from data line 4135]
    -1.9889   7.457293     91.499 331.143388     695992   3436.289     554434  0.000e+00
    -1.9888   7.460473     91.072 331.143391     695989   3436.602     554294  0.000e+00
    -1.9883   7.474231     90.664 331.143394     695979   3437.953     554160  0.000e+00
    -1.9881   7.477054     90.241 331.143397     695975   3438.230     554021  0.000e+00
    -1.9881   7.488710     89.817 331.143400     695973   3439.375     553882  0.000e+00
    -1.9882   7.500568     89.403 331.143403     695977   3440.539     553746  0.000e+00
    -1.9881   7.501046     88.979 331.143406     695975   3440.586     553607  0.000e+00
    -1.9877   7.507693     88.568 331.143409     695966   3441.238     553472  0.000e+00
    -1.9880   7.520474     88.154 331.143411     695971   3442.492     553336  0.000e+00
    -1.9879   7.523580     87.733 331.143414     695969   3442.797     553198  0.000e+00
    -1.9876   7.538040     87.316 331.143417     695964   3444.215     553061  0.000e+00
    -1.9876   7.536884     86.892 331.143420     695964   3444.102     552922  0.000e+00
    -1.9877   7.550473     86.475 331.143423     695965   3445.434     552785  0.000e+00
    -1.9876   7.550991     86.054 331.143426     695962   3445.484     552647  0.000e+00
    -1.9878   7.566021     85.634 331.143429     695968   3446.957     552509  0.000e+00
    -1.9877   7.567655     85.217 331.143432     695966   3447.117     552372  0.000e+00
    -1.9876   7.573558     84.799 331.143435     695964   3447.695     552235  0.000e+00
    -1.9876   7.575432     84.382 331.143438     695963   3447.879     552098  0.000e+00
    -1.9880   7.572600     83.964 331.143440     695972   3447.602     551961  0.000e+00
    -1.9880   7.577984     83.553 331.143443     695972   3448.129     551826  0.000e+00
    -1.9885   7.585205     83.130 331.143446     695982   3448.836     551687  0.000e+00
    -1.9885   7.593304     82.718 331.143449     695983   3449.629     551552  0.000e+00
    -1.9885   7.598013     82.292 331.143452     695984   3450.090     551412  0.000e+00
    -1.9890   7.610468     81.874 331.143455     695995   3451.309     551275  0.000e+00
    -1.9894   7.616138     81.445 331.143458     696002   3451.863     551134  0.000e+00
    -1.9893   7.618054     81.024 331.143461     696001   3452.051     550996  0.000e+00
    -1.9898   7.628678     80.604 331.143464     696012   3453.090     550858  0.000e+00
    -1.9901   7.634711     80.183 331.143466     696019   3453.680     550720  0.000e+00
    -1.9903   7.637427     79.757 331.143469     696023   3453.945     550580  0.000e+00
    -1.9910   7.646099     79.330 331.143472     696038   3454.793     550440  0.000e+00
    -1.9912   7.651974     78.916 331.143475     696043   3455.367     550304  0.000e+00
    -1.9917   7.658130     78.489 331.143478     696055   3455.969     550164  0.000e+00
    -1.9921   7.664128     78.066 331.143481     696064   3456.555     550025  0.000e+00
    -1.9924   7.667206     77.645 331.143484     696069   3456.855     549887  0.000e+00
    -1.9928   7.674885     77.225 331.143487     696079   3457.605     549749  0.000e+00
    -1.9929   7.680205     76.801 331.143490     696081   3458.125     549610  0.000e+00
    -1.9936   7.685646     76.378 331.143492     696097   3458.656     549471  0.000e+00
    -1.9940   7.691608     75.951 331.143495     696106   3459.238     549331  0.000e+00
    -1.9945   7.695130     75.525 331.143498     696116   3459.582     549191  0.000e+00
    -1.9950   7.701894     75.098 331.143501     696128   3460.242     549051  0.000e+00
    -1.9954   7.704496     74.669 331.143504     696137   3460.496     548910  0.000e+00
    -1.9959   7.711261     74.239 331.143507     696148   3461.156     548769  0.000e+00
    -1.9965   7.712863     73.809 331.143510     696160   3461.313     548628  0.000e+00
    -1.9970   7.720231     73.377 331.143513     696171   3462.031     548486  0.000e+00
    -1.9976   7.723075     72.935 331.143516     696185   3462.309     548341  0.000e+00
    -1.9980   7.729203     72.508 331.143519     696194   3462.906     548201  0.000e+00
    -1.9985   7.732728     72.073 331.143521     696205   3463.250     548058  0.000e+00
    -1.9993   7.738097     71.649 331.143524     696223   3463.773     547919  0.000e+00
    -1.9998   7.743547     71.214 331.143527     696235   3464.305     547776  0.000e+00
    -2.0004   7.744829     70.784 331.143530     696247   3464.430     547635  0.000e+00
    -2.0007   7.750200     70.357 331.143533     696254   3464.953     547495  0.000e+00
    -2.0013   7.754649     69.931 331.143536     696267   3465.387     547355  0.000e+00
    -2.0016   7.756333     69.514 331.143539     696273   3465.551     547218  0.000e+00
    -2.0022   7.760783     69.090 331.143542     696288   3465.984     547079  0.000e+00
    -2.0028   7.767720     68.666 331.143545     696300   3466.660     546940  0.000e+00
    -2.0031   7.771771     68.234 331.143547     696307   3467.055     546798  0.000e+00
    -2.0038   7.774377     67.813 331.143550     696323   3467.309     546660  0.000e+00
    -2.0042   7.776904     67.384 331.143553     696332   3467.555     546519  0.000e+00
    -2.0050   7.783163     66.954 331.143556     696350   3468.164     546378  0.000e+00
    -2.0056   7.786493     66.528 331.143559     696364   3468.488     546238  0.000e+00
    -2.0062   7.789943     66.101 331.143562     696376   3468.824     546098  0.000e+00
    -2.0066   7.796364     65.674 331.143565     696385   3469.449     545958  0.000e+00
    -2.0069   7.799334     65.239 331.143568     696392   3469.738     545815  0.000e+00
    -2.0074   7.803067     64.812 331.143571     696402   3470.102     545675  0.000e+00
    -2.0075   7.806359     64.380 331.143573     696406   3470.422     545533  0.000e+00
    -2.0082   7.810936     63.944 331.143576     696420   3470.867     545390  0.000e+00
    -2.0081   7.810213     63.517 331.143579     696418   3470.797     545250  0.000e+00
    -2.0087   7.809610     63.088 331.143582     696431   3470.738     545109  0.000e+00
    -2.0089   7.816637     62.667 331.143585     696437   3471.422     544971  0.000e+00
    -2.0092   7.819850     62.241 331.143588     696444   3471.734     544831  0.000e+00
    -2.0098   7.823786     61.811 331.143591     696456   3472.117     544690  0.000e+00
    -2.0101   7.827120     61.382 331.143594     696462   3472.441     544549  0.000e+00
    -2.0104   7.828806     60.958 331.143597     696470   3472.605     544410  0.000e+00
    -2.0110   7.833145     60.531 331.143600     696482   3473.027     544270  0.000e+00
    -2.0115   7.835757     60.111 331.143602     696494   3473.281     544132  0.000e+00
    -2.0117   7.840739     59.694 331.143605     696499   3473.766     543995  0.000e+00
    -2.0124   7.843271     59.279 331.143608     696515   3474.012     543859  0.000e+00
    -2.0131   7.845240     58.865 331.143611     696529   3474.203     543723  0.000e+00
    -2.0135   7.849782     58.447 331.143614     696538   3474.645     543586  0.000e+00
    -2.0139   7.851831     58.030 331.143617     696548   3474.844     543449  0.000e+00
    -2.0145   7.853801     57.613 331.143620     696560   3475.035     543312  0.000e+00
    -2.0150   7.855248     57.183 331.143623     696573   3475.176     543171  0.000e+00
    -2.0158   7.860394     56.765 331.143626     696589   3475.676     543034  0.000e+00
    -2.0163   7.865259     56.339 331.143628     696602   3476.148     542894  0.000e+00
    -2.0169   7.870528     55.915 331.143631     696615   3476.660     542755  0.000e+00
    -2.0175   7.873222     55.486 331.143634     696628   3476.922     542614  0.000e+00
    -2.0185   7.878049     55.065 331.143637     696649   3477.391     542476  0.000e+00
    -2.0193   7.882836     54.630 331.143640     696667   3477.855     542333  0.000e+00
    -2.0200   7.885693     54.191 331.143643     696684   3478.133     542189  0.000e+00
    -2.0207   7.889676     53.764 331.143646     696699   3478.520     542049  0.000e+00
    -2.0213   7.891648     53.329 331.143649     696711   3478.711     541906  0.000e+00
    -2.0221   7.898369     52.899 331.143652     696730   3479.363     541765  0.000e+00
    -2.0226   7.902596     52.478 331.143655     696742   3479.773     541627  0.000e+00
    -2.0235   7.906581     52.052 331.143657     696762   3480.160     541487  0.000e+00
    -2.0244   7.912258     51.634 331.143660     696782   3480.711     541350  0.000e+00
    -2.0250   7.916244     51.214 331.143663     696795   3481.098     541212  0.000e+00
    -2.0259   7.920594     50.787 331.143666     696815   3481.520     541072  0.000e+00
    -2.0266   7.925266     50.370 331.143669     696829   3481.973     540935  0.000e+00
    -2.0272   7.929334     49.953 331.143672     696844   3482.367     540798  0.000e+00
    -2.0280   7.936103     49.541 331.143675     696861   3483.023     540663  0.000e+00
    -2.0288   7.939407     49.130 331.143678     696878   3483.344     540528  0.000e+00
    -2.0298   7.942873     48.719 331.143681     696902   3483.680     540393  0.000e+00
    -2.0306   7.946983     48.307 331.143683     696918   3484.078     540258  0.000e+00
    -2.0310   7.952546     47.890 331.143686     696928   3484.617     540121  0.000e+00
    -2.0319   7.956416     47.466 331.143689     696948   3484.992     539982  0.000e+00
    -2.0327   7.961456     47.061 331.143692     696966   3485.480     539849  0.000e+00
    -2.0337   7.966375     46.641 331.143695     696987   3485.957     539711  0.000e+00
    -2.0346   7.971739     46.214 331.143698     697008   3486.477     539571  0.000e+00
    -2.0352   7.976095     45.797 331.143701     697021   3486.898     539434  0.000e+00
    -2.0361   7.981258     45.373 331.143704     697042   3487.398     539295  0.000e+00
    -2.0372   7.984244     44.956 331.143707     697065   3487.688     539158  0.000e+00
    -2.0378   7.989933     44.547 331.143709     697079   3488.238     539024  0.000e+00
    -2.0384   7.994453     44.136 331.143712     697093   3488.676     538889  0.000e+00
    -2.0393   7.999781     43.725 331.143715     697112   3489.191     538754  0.000e+00
    -2.0402   8.001799     43.304 331.143718     697132   3489.387     538616  0.000e+00
    -2.0412   8.006199     42.899 331.143721     697154   3489.813     538483  0.000e+00
    -2.0419   8.008984     42.491 331.143724     697171   3490.082     538349  0.000e+00
    -2.0427   8.013789     42.082 331.143727     697188   3490.547     538215  0.000e+00
    -2.0434   8.016212     41.671 331.143730     697204   3490.781     538080  0.000e+00
    -2.0439   8.021543     41.266 331.143733     697215   3491.297     537947  0.000e+00
    -2.0449   8.024087     40.854 331.143736     697237   3491.543     537812  0.000e+00
    -2.0453   8.025703     40.437 331.143738     697247   3491.699     537675  0.000e+00
    -2.0460   8.028207     40.020 331.143741     697261   3491.941     537538  0.000e+00
    -2.0466   8.030631     39.590 331.143744     697275   3492.176     537397  0.000e+00
    -2.0472   8.032853     39.173 331.143747     697288   3492.391     537260  0.000e+00
    -2.0480   8.031277     38.749 331.143750     697305   3492.238     537121  0.000e+00
    -2.0484   8.032246     38.319 331.143753     697316   3492.332     536980  0.000e+00
    -2.0489   8.035438     37.893 331.143756     697327   3492.641     536840  0.000e+00
    -2.0496   8.034225     37.460 331.143759     697341   3492.523     536698  0.000e+00
    -2.0505   8.039235     37.040 331.143762     697361   3493.008     536560  0.000e+00
    -2.0509   8.034224     36.628 331.143764     697371   3492.523     536425  0.000e+00
    -2.0511   8.035436     36.217 331.143767     697376   3492.641     536290  0.000e+00
    -2.0520   8.043357     35.806 331.143770     697396   3493.406     536155  0.000e+00
    -2.0530   8.040931     35.394 331.143773     697417   3493.172     536020  0.000e+00
    -2.0533   8.041982     34.971 331.143776     697425   3493.273     535881  0.000e+00
    -2.0538   8.046549     34.559 331.143779     697434   3493.715     535746  0.000e+00
    -2.0538   8.049499     34.136 331.143782     697436   3494.000     535607  0.000e+00
    -2.0538   8.050428     33.715 331.143785     697435   3494.090     535469  0.000e+00
    -2.0543   8.050792     33.295 331.143788     697447   3494.125     535331  0.000e+00
    -2.0543   8.054147     32.871 331.143791     697447   3494.449     535192  0.000e+00
    -2.0543   8.054712     32.448 331.143793     697447   3494.504     535053  0.000e+00
    -2.0546   8.056451     32.021 331.143796     697453   3494.672     534913  0.000e+00
    -2.0552   8.059644     31.598 331.143799     697466   3494.980     534774  0.000e+00
    -2.0556   8.060736     31.177 331.143802     697476   3495.086     534636  0.000e+00
    -2.0558   8.060574     30.757 331.143805     697480   3495.070     534498  0.000e+00
    -2.0563   8.061786     30.342 331.143808     697490   3495.188     534362  0.000e+00
    -2.0561   8.059684     29.916 331.143811     697487   3494.984     534222  0.000e+00
    -2.0563   8.062190     29.489 331.143814     697490   3495.227     534082  0.000e+00
    -2.0560   8.061139     29.069 331.143817     697484   3495.125     533944  0.000e+00
    -2.0560   8.058227     28.657 331.143819     697485   3494.844     533809  0.000e+00
    -2.0564   8.054831     28.225 331.143822     697493   3494.516     533667  0.000e+00
    -2.0573   8.047877     27.801 331.143825     697512   3493.844     533528  0.000e+00
    -2.0577   8.042178     27.381 331.143828     697523   3493.293     533390  0.000e+00
    -2.0583   8.031429     26.951 331.143831     697536   3492.254     533249  0.000e+00
    -2.0591   8.018462     26.518 331.143834     697552   3491.000     533107  0.000e+00
    -2.0595   7.999041     26.083 331.143837     697563   3489.121     532964  0.000e+00
    -2.0604   7.970756     25.656 331.143840     697582   3486.383     532824  0.000e+00
    -2.0607   7.934353     25.226 331.143843     697589   3482.855     532683  0.000e+00
    -2.0615   7.883016     24.794 331.143845     697606   3477.875     532541  0.000e+00
    -2.0626   7.803038     24.364 331.143848     697630   3470.102     532400  0.000e+00
    -2.0634   7.677928     23.925 331.143851     697649   3457.906     532256  0.000e+00
    -2.0640   7.384814     23.499 331.143854     697662   3429.164     532116  0.000e+00
    -2.0647   6.925979     23.054 331.143857     697678   3383.680     531970  0.000e+00
    -2.0651   5.906966     22.612 331.143860     697686   3280.402     531825  0.000e+00
    -2.0658   3.763737     22.173 331.143863     697703   3051.770     531681  0.000e+00
    -2.0665   1.342584     21.740 331.143866     697718   2770.848     531539  0.000e+00
    -2.0672   0.959995     21.314 331.143869     697733   2723.805     531399  0.000e+00
    -2.0679   0.747675     20.881 331.143872     697748   2697.344     531257  0.000e+00
    -2.0686   0.629757     20.455 331.143874     697764   2682.535     531117  0.000e+00
    -2.0688   0.536378     20.022 331.143877     697769   2670.750     530975  0.000e+00
    -2.0694   0.471070     19.595 331.143880     697782   2662.477     530835  0.000e+00
    -2.0699   0.416126     19.163 331.143883     697793   2655.496     530693  0.000e+00
    -2.0705   0.370730     18.739 331.143886     697806   2649.715     530554  0.000e+00
    -2.0714   0.335188     18.303 331.143889     697826   2645.180     530411  0.000e+00
    -2.0725   0.306242     17.865 331.143892     697852   2641.480     530267  0.000e+00
    -2.0737   0.280204     17.432 331.143895     697878   2638.148     530125  0.000e+00
    -2.0748   0.257094     16.990 331.143898     697902   2635.188     529980  0.000e+00
    -2.0765   0.239885     16.566 331.143900     697941   2632.980     529841  0.000e+00
    -2.0781   0.229596     16.204 331.143903     697975   2631.660     529722  0.000e+00
