sbs/tests/resources/orca-test-data/SBE19plus/4794/4794_032_KiM.cnv
* Sea-Bird SBE19plus Data File:
* FileName = C:\Documents and Settings\stevens\Desktop\K131_2007\CTD\4794_032.hex
* Software Version 1.50
* Temperature SN =  4977
* Conductivity SN =  4977
* System UpLoad Time = Nov 27 2007 04:51:18
** K131 McMurdo SeaIce Work
** nov-dec 2007
** using chch plastic ctd
** times are local (NZ daylight savings)
# nquan = 8
# nvalues = 8049                                  
# units = specified
# name 0 = tv290C: Temperature [ITS-90, deg C]
# name 1 = c0mS/cm: Conductivity [mS/cm]
# name 2 = prdM: Pressure, Strain Gauge [db]
# name 3 = timeJ: Julian Days
# name 4 = f0: Frequency 0
# name 5 = f1: Frequency 1
# name 6 = f2: Frequency 2
# name 7 = flag:  0.000e+00
# span 0 =    -3.3088,    -1.9024                 
# span 1 =  -0.000403,  27.376897                 
# span 2 =     -0.274,    359.692                 
# span 3 = 331.174699, 331.197986                 
# span 4 =     694072,     725731                 
# span 5 =   2601.969,   5023.973                 
# span 6 =     524314,     642483                 
# span 7 = 0.0000e+00, 0.0000e+00                 
# interval = seconds: 0.25
# start_time = Nov 27 2007 04:11:34 [Instrument's time stamp, header]
# bad_flag = -9.990e-29
*END*
[from data line 7012]
    -1.9189  27.333266    326.389 331.194988     694438   5021.047     631547  0.000e+00
    -1.9188  27.333498    326.045 331.194991     694434   5021.063     631434  0.000e+00
    -1.9184  27.334022    325.694 331.194994     694426   5021.098     631319  0.000e+00
    -1.9175  27.335245    325.344 331.194997     694406   5021.180     631204  0.000e+00
    -1.9163  27.335885    325.009 331.195000     694380   5021.223     631094  0.000e+00
    -1.9149  27.337457    324.665 331.195003     694349   5021.328     630981  0.000e+00
    -1.9133  27.338039    324.315 331.195006     694312   5021.367     630866  0.000e+00
    -1.9115  27.337979    323.962 331.195009     694274   5021.363     630750  0.000e+00
    -1.9101  27.339494    323.608 331.195012     694242   5021.465     630634  0.000e+00
    -1.9088  27.339551    323.255 331.195014     694213   5021.469     630518  0.000e+00
    -1.9075  27.339841    322.899 331.195017     694184   5021.488     630401  0.000e+00
    -1.9064  27.339491    322.542 331.195020     694161   5021.465     630284  0.000e+00
    -1.9059  27.339839    322.186 331.195023     694149   5021.488     630167  0.000e+00
    -1.9054  27.340596    321.827 331.195026     694137   5021.539     630049  0.000e+00
    -1.9047  27.339837    321.470 331.195029     694122   5021.488     629932  0.000e+00
    -1.9044  27.340361    321.105 331.195032     694116   5021.523     629812  0.000e+00
    -1.9040  27.340010    320.746 331.195035     694106   5021.500     629694  0.000e+00
    -1.9037  27.340359    320.380 331.195038     694101   5021.523     629574  0.000e+00
    -1.9035  27.340649    320.030 331.195041     694095   5021.543     629459  0.000e+00
    -1.9033  27.339716    319.671 331.195043     694092   5021.480     629341  0.000e+00
    -1.9032  27.340356    319.323 331.195046     694088   5021.523     629227  0.000e+00
    -1.9032  27.340297    318.964 331.195049     694089   5021.520     629109  0.000e+00
    -1.9030  27.339014    318.614 331.195052     694084   5021.434     628994  0.000e+00
    -1.9030  27.340120    318.248 331.195055     694084   5021.508     628874  0.000e+00
    -1.9028  27.339187    317.889 331.195058     694081   5021.445     628756  0.000e+00
    -1.9026  27.339302    317.533 331.195061     694076   5021.453     628639  0.000e+00
    -1.9025  27.339476    317.164 331.195064     694074   5021.465     628518  0.000e+00
    -1.9026  27.339009    316.796 331.195067     694076   5021.434     628397  0.000e+00
    -1.9026  27.338484    316.436 331.195069     694076   5021.398     628279  0.000e+00
    -1.9026  27.337783    316.068 331.195072     694075   5021.352     628158  0.000e+00
    -1.9024  27.338248    315.702 331.195075     694072   5021.383     628038  0.000e+00
    -1.9026  27.337956    315.334 331.195078     694075   5021.363     627917  0.000e+00
    -1.9025  27.338013    314.968 331.195081     694074   5021.367     627797  0.000e+00
    -1.9027  27.337430    314.597 331.195084     694077   5021.328     627675  0.000e+00
    -1.9025  27.337487    314.247 331.195087     694074   5021.332     627560  0.000e+00
    -1.9025  27.337428    313.872 331.195090     694073   5021.328     627437  0.000e+00
    -1.9025  27.337135    313.513 331.195093     694074   5021.309     627319  0.000e+00
    -1.9025  27.337776    313.141 331.195095     694074   5021.352     627197  0.000e+00
    -1.9026  27.336900    312.782 331.195098     694076   5021.293     627079  0.000e+00
    -1.9025  27.337191    312.422 331.195101     694074   5021.313     626961  0.000e+00
    -1.9026  27.336607    312.048 331.195104     694076   5021.273     626838  0.000e+00
    -1.9026  27.336082    311.685 331.195107     694075   5021.238     626719  0.000e+00
    -1.9028  27.334682    311.320 331.195110     694080   5021.145     626599  0.000e+00
    -1.9033  27.333690    310.955 331.195113     694091   5021.078     626479  0.000e+00
    -1.9037  27.333981    310.583 331.195116     694101   5021.098     626357  0.000e+00
    -1.9040  27.333514    310.218 331.195119     694107   5021.066     626237  0.000e+00
    -1.9042  27.333688    309.861 331.195122     694111   5021.078     626120  0.000e+00
    -1.9042  27.333512    309.499 331.195124     694111   5021.066     626001  0.000e+00
    -1.9041  27.334735    309.142 331.195127     694109   5021.148     625884  0.000e+00
    -1.9040  27.333685    308.774 331.195130     694107   5021.078     625763  0.000e+00
    -1.9039  27.332110    308.402 331.195133     694104   5020.973     625641  0.000e+00
    -1.9043  27.331060    308.049 331.195136     694113   5020.902     625525  0.000e+00
    -1.9053  27.330419    307.687 331.195139     694135   5020.859     625406  0.000e+00
    -1.9060  27.328378    307.324 331.195142     694151   5020.723     625287  0.000e+00
    -1.9069  27.327037    306.959 331.195145     694171   5020.633     625167  0.000e+00
    -1.9078  27.325638    306.603 331.195148     694192   5020.539     625050  0.000e+00
    -1.9091  27.324938    306.246 331.195150     694219   5020.492     624933  0.000e+00
    -1.9103  27.323130    305.887 331.195153     694247   5020.371     624815  0.000e+00
    -1.9116  27.322023    305.527 331.195156     694275   5020.297     624697  0.000e+00
    -1.9126  27.321206    305.177 331.195159     694297   5020.242     624582  0.000e+00
    -1.9134  27.320040    304.818 331.195162     694316   5020.164     624464  0.000e+00
    -1.9141  27.319048    304.465 331.195165     694331   5020.098     624348  0.000e+00
    -1.9151  27.316426    304.102 331.195168     694353   5019.922     624229  0.000e+00
    -1.9167  27.312987    303.746 331.195171     694388   5019.691     624112  0.000e+00
    -1.9187  27.312987    303.399 331.195174     694432   5019.691     623998  0.000e+00
    -1.9206  27.310714    303.051 331.195177     694476   5019.539     623884  0.000e+00
    -1.9225  27.308965    302.692 331.195179     694517   5019.422     623766  0.000e+00
    -1.9242  27.307683    302.339 331.195182     694554   5019.336     623650  0.000e+00
    -1.9254  27.308206    301.979 331.195185     694582   5019.371     623532  0.000e+00
    -1.9262  27.307390    301.620 331.195188     694600   5019.316     623414  0.000e+00
    -1.9269  27.306806    301.255 331.195191     694614   5019.277     623294  0.000e+00
    -1.9271  27.306339    300.883 331.195194     694620   5019.246     623172  0.000e+00
    -1.9276  27.305523    300.521 331.195197     694631   5019.191     623053  0.000e+00
    -1.9281  27.305114    300.152 331.195200     694642   5019.164     622932  0.000e+00
    -1.9283  27.304997    299.787 331.195203     694646   5019.156     622812  0.000e+00
    -1.9285  27.304821    299.424 331.195205     694651   5019.145     622693  0.000e+00
    -1.9288  27.304471    299.062 331.195208     694656   5019.121     622574  0.000e+00
    -1.9290  27.303945    298.687 331.195211     694661   5019.086     622451  0.000e+00
    -1.9293  27.303712    298.328 331.195214     694669   5019.070     622333  0.000e+00
    -1.9296  27.303652    297.959 331.195217     694674   5019.066     622212  0.000e+00
    -1.9297  27.302545    297.591 331.195220     694678   5018.992     622091  0.000e+00
    -1.9296  27.302078    297.219 331.195223     694675   5018.961     621969  0.000e+00
    -1.9296  27.302601    296.851 331.195226     694675   5018.996     621848  0.000e+00
    -1.9293  27.302542    296.488 331.195229     694669   5018.992     621729  0.000e+00
    -1.9294  27.302308    296.123 331.195231     694671   5018.977     621609  0.000e+00
    -1.9296  27.300851    295.763 331.195234     694674   5018.879     621491  0.000e+00
    -1.9297  27.300209    295.395 331.195237     694678   5018.836     621370  0.000e+00
    -1.9302  27.299392    295.029 331.195240     694687   5018.781     621250  0.000e+00
    -1.9306  27.299450    294.661 331.195243     694697   5018.785     621129  0.000e+00
    -1.9311  27.299391    294.296 331.195246     694707   5018.781     621009  0.000e+00
    -1.9313  27.298341    293.927 331.195249     694712   5018.711     620888  0.000e+00
    -1.9320  27.296942    293.549 331.195252     694727   5018.617     620764  0.000e+00
    -1.9324  27.296767    293.184 331.195255     694738   5018.605     620644  0.000e+00
    -1.9328  27.294960    292.806 331.195258     694746   5018.484     620520  0.000e+00
    -1.9333  27.295425    292.432 331.195260     694756   5018.516     620397  0.000e+00
    -1.9338  27.295424    292.054 331.195263     694767   5018.516     620273  0.000e+00
    -1.9340  27.294957    291.689 331.195266     694773   5018.484     620153  0.000e+00
    -1.9345  27.294083    291.317 331.195269     694783   5018.426     620031  0.000e+00
    -1.9347  27.294140    290.945 331.195272     694788   5018.430     619909  0.000e+00
    -1.9349  27.293848    290.574 331.195275     694793   5018.410     619787  0.000e+00
    -1.9349  27.293847    290.202 331.195278     694793   5018.410     619665  0.000e+00
    -1.9350  27.293846    289.825 331.195281     694794   5018.410     619541  0.000e+00
    -1.9347  27.293554    289.456 331.195284     694788   5018.391     619420  0.000e+00
    -1.9346  27.293553    289.082 331.195286     694785   5018.391     619297  0.000e+00
    -1.9342  27.293552    288.710 331.195289     694777   5018.391     619175  0.000e+00
    -1.9337  27.293842    288.341 331.195292     694765   5018.410     619054  0.000e+00
    -1.9334  27.294132    287.967 331.195295     694760   5018.430     618931  0.000e+00
    -1.9329  27.293840    287.589 331.195298     694749   5018.410     618807  0.000e+00
    -1.9326  27.293839    287.215 331.195301     694742   5018.410     618684  0.000e+00
    -1.9323  27.294362    286.837 331.195304     694735   5018.445     618560  0.000e+00
    -1.9320  27.293545    286.462 331.195307     694729   5018.391     618437  0.000e+00
    -1.9318  27.294127    286.091 331.195310     694723   5018.430     618315  0.000e+00
    -1.9315  27.293310    285.707 331.195313     694716   5018.375     618189  0.000e+00
    -1.9314  27.293251    285.332 331.195315     694714   5018.371     618066  0.000e+00
    -1.9315  27.293017    284.961 331.195318     694717   5018.355     617944  0.000e+00
    -1.9315  27.292492    284.601 331.195321     694717   5018.320     617826  0.000e+00
    -1.9315  27.292142    284.227 331.195324     694717   5018.297     617703  0.000e+00
    -1.9317  27.291966    283.861 331.195327     694721   5018.285     617583  0.000e+00
    -1.9319  27.291266    283.505 331.195330     694725   5018.238     617466  0.000e+00
    -1.9321  27.290625    283.152 331.195333     694731   5018.195     617350  0.000e+00
    -1.9327  27.289284    282.792 331.195336     694743   5018.105     617232  0.000e+00
    -1.9332  27.288468    282.439 331.195339     694755   5018.051     617116  0.000e+00
    -1.9337  27.289049    282.074 331.195341     694765   5018.090     616996  0.000e+00
    -1.9343  27.287360    281.708 331.195344     694780   5017.977     616876  0.000e+00
    -1.9350  27.286136    281.346 331.195347     694794   5017.895     616757  0.000e+00
    -1.9357  27.285844    280.983 331.195350     694810   5017.875     616638  0.000e+00
    -1.9363  27.285377    280.621 331.195353     694823   5017.844     616519  0.000e+00
    -1.9368  27.284794    280.258 331.195356     694834   5017.805     616400  0.000e+00
    -1.9373  27.284560    279.902 331.195359     694845   5017.789     616283  0.000e+00
    -1.9375  27.283743    279.537 331.195362     694850   5017.734     616163  0.000e+00
    -1.9379  27.283975    279.174 331.195365     694859   5017.750     616044  0.000e+00
    -1.9381  27.283159    278.809 331.195367     694864   5017.695     615924  0.000e+00
    -1.9382  27.283449    278.440 331.195370     694866   5017.715     615803  0.000e+00
    -1.9382  27.283157    278.081 331.195373     694865   5017.695     615685  0.000e+00
    -1.9383  27.282399    277.721 331.195376     694869   5017.645     615567  0.000e+00
    -1.9384  27.281874    277.359 331.195379     694871   5017.609     615448  0.000e+00
    -1.9386  27.281757    276.987 331.195382     694874   5017.602     615326  0.000e+00
    -1.9387  27.281348    276.628 331.195385     694877   5017.574     615208  0.000e+00
    -1.9388  27.280881    276.259 331.195388     694879   5017.543     615087  0.000e+00
    -1.9388  27.281346    275.894 331.195391     694879   5017.574     614967  0.000e+00
    -1.9389  27.281578    275.535 331.195394     694881   5017.590     614849  0.000e+00
    -1.9390  27.280296    275.175 331.195396     694884   5017.504     614731  0.000e+00
    -1.9391  27.280761    274.819 331.195399     694886   5017.535     614614  0.000e+00
    -1.9392  27.280586    274.459 331.195402     694887   5017.523     614496  0.000e+00
    -1.9392  27.279187    274.100 331.195405     694887   5017.430     614378  0.000e+00
    -1.9393  27.279477    273.747 331.195408     694891   5017.449     614262  0.000e+00
    -1.9393  27.278894    273.393 331.195411     694891   5017.410     614146  0.000e+00
    -1.9395  27.278427    273.040 331.195414     694895   5017.379     614030  0.000e+00
    -1.9397  27.278659    272.678 331.195417     694898   5017.395     613911  0.000e+00
    -1.9397  27.278134    272.327 331.195420     694899   5017.359     613796  0.000e+00
    -1.9397  27.278424    271.971 331.195422     694899   5017.379     613679  0.000e+00
    -1.9397  27.277783    271.624 331.195425     694900   5017.336     613565  0.000e+00
    -1.9397  27.278132    271.289 331.195428     694900   5017.359     613455  0.000e+00
    -1.9397  27.277490    270.939 331.195431     694900   5017.316     613340  0.000e+00
    -1.9398  27.277082    270.585 331.195434     694901   5017.289     613224  0.000e+00
    -1.9397  27.277081    270.226 331.195437     694900   5017.289     613106  0.000e+00
    -1.9400  27.276672    269.879 331.195440     694905   5017.262     612992  0.000e+00
    -1.9399  27.277079    269.528 331.195443     694904   5017.289     612877  0.000e+00
    -1.9398  27.276961    269.169 331.195446     694902   5017.281     612759  0.000e+00
    -1.9399  27.276262    268.816 331.195448     694903   5017.234     612643  0.000e+00
    -1.9399  27.276552    268.456 331.195451     694904   5017.254     612525  0.000e+00
    -1.9400  27.275561    268.109 331.195454     694905   5017.188     612411  0.000e+00
    -1.9399  27.275444    267.756 331.195457     694904   5017.180     612295  0.000e+00
    -1.9399  27.275792    267.393 331.195460     694904   5017.203     612176  0.000e+00
    -1.9399  27.275209    267.046 331.195463     694903   5017.164     612062  0.000e+00
    -1.9398  27.275208    266.687 331.195466     694902   5017.164     611944  0.000e+00
    -1.9399  27.274974    266.315 331.195469     694904   5017.148     611822  0.000e+00
    -1.9399  27.274915    265.959 331.195472     694903   5017.145     611705  0.000e+00
    -1.9398  27.274390    265.603 331.195475     694902   5017.109     611588  0.000e+00
    -1.9399  27.274680    265.249 331.195477     694904   5017.129     611472  0.000e+00
    -1.9399  27.274155    264.884 331.195480     694904   5017.094     611352  0.000e+00
    -1.9400  27.273572    264.521 331.195483     694906   5017.055     611233  0.000e+00
    -1.9402  27.272814    264.165 331.195486     694909   5017.004     611116  0.000e+00
    -1.9402  27.272697    263.796 331.195489     694909   5016.996     610995  0.000e+00
    -1.9403  27.273045    263.452 331.195492     694913   5017.020     610882  0.000e+00
    -1.9405  27.272287    263.102 331.195495     694916   5016.969     610767  0.000e+00
    -1.9405  27.271879    262.752 331.195498     694916   5016.941     610652  0.000e+00
    -1.9405  27.271761    262.383 331.195501     694916   5016.934     610531  0.000e+00
    -1.9406  27.271295    262.027 331.195503     694919   5016.902     610414  0.000e+00
