sbs/tests/resources/orca-test-data/SBE19plus/4794/4794_025_KiM.cnv
* Sea-Bird SBE19plus Data File:
* FileName = C:\Documents and Settings\stevens\Desktop\K131_2007\CTD\4794_025.hex
* Software Version 1.50
* Temperature SN =  4977
* Conductivity SN =  4977
* System UpLoad Time = Nov 26 2007 23:07:53
** K131 McMurdo SeaIce Work
** nov-dec 2007
** using chch plastic ctd
** times are local (NZ daylight savings)
# nquan = 8
# nvalues = 10387                                 
# units = specified
# name 0 = tv290C: Temperature [ITS-90, deg C]
# name 1 = c0mS/cm: Conductivity [mS/cm]
# name 2 = prdM: Pressure, Strain Gauge [db]
# name 3 = timeJ: Julian Days
# name 4 = f0: Frequency 0
# name 5 = f1: Frequency 1
# name 6 = f2: Frequency 2
# name 7 = flag:  0.000e+00
# span 0 =    -6.3292,    -1.9071                 
# span 1 =   0.000169,  27.379575                 
# span 2 =     -0.271,    357.841                 
# span 3 = 330.929444, 330.959497                 
# span 4 =     694176,     796739                 
# span 5 =   2602.043,   5024.145                 
# span 6 =     524315,     641875                 
# span 7 = 0.0000e+00, 0.0000e+00                 
# interval = seconds: 0.25
# start_time = Nov 26 2007 22:18:24 [Instrument's time stamp, header]
# bad_flag = -9.990e-29
*END*
[from data line 5034]
    -1.9204  21.422006    345.291 330.944010     694470   4607.555     637754  0.000e+00
    -1.9204  21.441665    344.956 330.944013     694470   4608.992     637644  0.000e+00
    -1.9201  21.495280    344.618 330.944016     694464   4612.910     637533  0.000e+00
    -1.9203  21.787630    344.283 330.944019     694469   4634.215     637423  0.000e+00
    -1.9204  21.825197    343.942 330.944022     694470   4636.945     637311  0.000e+00
    -1.9203  21.788328    343.613 330.944025     694468   4634.266     637203  0.000e+00
    -1.9203  21.828260    343.269 330.944028     694469   4637.168     637090  0.000e+00
    -1.9208  21.855577    342.937 330.944031     694479   4639.152     636981  0.000e+00
    -1.9209  21.875587    342.593 330.944034     694482   4640.605     636868  0.000e+00
    -1.9214  21.889308    342.258 330.944036     694493   4641.602     636758  0.000e+00
    -1.9214  21.900609    341.917 330.944039     694492   4642.422     636646  0.000e+00
    -1.9209  21.913851    341.579 330.944042     694482   4643.383     636535  0.000e+00
    -1.9205  21.928710    341.228 330.944045     694472   4644.461     636420  0.000e+00
    -1.9207  21.943358    340.893 330.944048     694477   4645.523     636310  0.000e+00
    -1.9213  21.957794    340.546 330.944051     694490   4646.570     636196  0.000e+00
    -1.9216  21.972017    340.199 330.944054     694497   4647.602     636082  0.000e+00
    -1.9216  21.984573    339.861 330.944057     694498   4648.512     635971  0.000e+00
    -1.9212  21.996646    339.508 330.944060     694488   4649.387     635855  0.000e+00
    -1.9208  22.010608    339.173 330.944062     694480   4650.398     635745  0.000e+00
    -1.9206  22.022740    338.817 330.944065     694476   4651.277     635628  0.000e+00
    -1.9207  22.036978    338.472 330.944068     694478   4652.309     635515  0.000e+00
    -1.9205  22.050032    338.122 330.944071     694472   4653.254     635400  0.000e+00
    -1.9210  22.061956    337.772 330.944074     694483   4654.117     635285  0.000e+00
    -1.9215  22.075987    337.401 330.944077     694496   4655.133     635163  0.000e+00
    -1.9215  22.089535    337.011 330.944080     694495   4656.113     635035  0.000e+00
    -1.9211  22.103572    336.575 330.944083     694487   4657.129     634892  0.000e+00
    -1.9207  22.116747    336.061 330.944086     694478   4658.082     634723  0.000e+00
    -1.9208  22.129817    335.451 330.944089     694480   4659.027     634523  0.000e+00
    -1.9219  22.134570    334.827 330.944091     694504   4659.371     634318  0.000e+00
    -1.9233  22.061679    334.297 330.944094     694534   4654.098     634144  0.000e+00
    -1.9246  21.992592    333.862 330.944097     694564   4649.094     634001  0.000e+00
    -1.9263  22.023161    333.469 330.944100     694602   4651.309     633872  0.000e+00
    -1.9274  22.062163    333.091 330.944103     694627   4654.133     633748  0.000e+00
    -1.9281  22.131703    332.726 330.944106     694641   4659.164     633628  0.000e+00
    -1.9288  22.142669    332.354 330.944109     694658   4659.957     633506  0.000e+00
    -1.9302  22.154124    331.995 330.944112     694689   4660.785     633388  0.000e+00
    -1.9311  22.164121    331.633 330.944115     694708   4661.508     633269  0.000e+00
    -1.9312  22.169904    331.276 330.944117     694711   4661.926     633152  0.000e+00
    -1.9312  22.183796    330.926 330.944120     694710   4662.930     633037  0.000e+00
    -1.9311  22.201477    330.570 330.944123     694709   4664.207     632920  0.000e+00
    -1.9315  22.215593    330.207 330.944126     694718   4665.227     632801  0.000e+00
    -1.9320  22.228305    329.857 330.944129     694727   4666.145     632686  0.000e+00
    -1.9326  22.215591    329.495 330.944132     694741   4665.227     632567  0.000e+00
    -1.9327  22.182117    329.138 330.944135     694743   4662.809     632450  0.000e+00
    -1.9325  22.163683    328.782 330.944138     694739   4661.477     632333  0.000e+00
    -1.9329  22.189090    328.435 330.944141     694748   4663.313     632219  0.000e+00
    -1.9337  22.213209    328.070 330.944144     694766   4665.055     632099  0.000e+00
    -1.9336  22.233819    327.713 330.944146     694763   4666.543     631982  0.000e+00
    -1.9331  22.287841    327.360 330.944149     694753   4670.441     631866  0.000e+00
    -1.9333  22.325596    327.013 330.944152     694756   4673.164     631752  0.000e+00
    -1.9330  22.331881    326.663 330.944155     694751   4673.617     631637  0.000e+00
    -1.9330  22.321747    326.322 330.944158     694751   4672.887     631525  0.000e+00
    -1.9332  22.312319    325.971 330.944161     694755   4672.207     631410  0.000e+00
    -1.9342  22.216773    325.615 330.944164     694776   4665.313     631293  0.000e+00
    -1.9345  22.260603    325.271 330.944167     694784   4668.477     631180  0.000e+00
    -1.9348  22.275057    324.927 330.944170     694791   4669.520     631067  0.000e+00
    -1.9352  22.235707    324.570 330.944172     694800   4666.680     630950  0.000e+00
    -1.9354  22.270291    324.223 330.944175     694804   4669.176     630836  0.000e+00
    -1.9356  22.338215    323.873 330.944178     694808   4674.074     630721  0.000e+00
    -1.9356  22.352578    323.532 330.944181     694809   4675.109     630609  0.000e+00
    -1.9360  22.368950    323.197 330.944184     694817   4676.289     630499  0.000e+00
    -1.9370  22.350625    322.856 330.944187     694839   4674.969     630387  0.000e+00
    -1.9379  22.263737    322.490 330.944190     694859   4668.703     630267  0.000e+00
    -1.9377  22.288046    322.122 330.944193     694854   4670.457     630146  0.000e+00
    -1.9372  22.317620    321.763 330.944196     694843   4672.590     630028  0.000e+00
    -1.9370  22.357398    321.403 330.944198     694838   4675.457     629910  0.000e+00
    -1.9368  22.374477    321.032 330.944201     694835   4676.688     629788  0.000e+00
    -1.9366  22.396007    320.666 330.944204     694830   4678.238     629668  0.000e+00
    -1.9367  22.364607    320.313 330.944207     694833   4675.977     629552  0.000e+00
    -1.9369  22.383585    319.966 330.944210     694837   4677.344     629438  0.000e+00
    -1.9372  22.446527    319.603 330.944213     694843   4681.875     629319  0.000e+00
    -1.9373  22.463954    319.244 330.944216     694846   4683.129     629201  0.000e+00
    -1.9373  22.511975    318.879 330.944219     694846   4686.582     629081  0.000e+00
    -1.9374  22.533388    318.525 330.944222     694848   4688.121     628965  0.000e+00
    -1.9377  22.523658    318.160 330.944225     694855   4687.422     628845  0.000e+00
    -1.9379  22.534093    317.794 330.944227     694858   4688.172     628725  0.000e+00
    -1.9379  22.555134    317.438 330.944230     694860   4689.684     628608  0.000e+00
    -1.9376  22.553556    317.085 330.944233     694852   4689.570     628492  0.000e+00
    -1.9373  22.599085    316.719 330.944236     694845   4692.840     628372  0.000e+00
    -1.9370  22.622542    316.363 330.944239     694838   4694.523     628255  0.000e+00
    -1.9368  22.621997    315.994 330.944242     694834   4694.484     628134  0.000e+00
    -1.9366  22.635933    315.638 330.944245     694830   4695.484     628017  0.000e+00
    -1.9366  22.672204    315.279 330.944248     694831   4698.086     627899  0.000e+00
    -1.9372  22.707351    314.913 330.944251     694844   4700.605     627779  0.000e+00
    -1.9377  22.739736    314.563 330.944253     694855   4702.926     627664  0.000e+00
    -1.9381  22.718743    314.198 330.944256     694864   4701.422     627544  0.000e+00
    -1.9383  22.742897    313.854 330.944259     694869   4703.152     627431  0.000e+00
    -1.9387  22.746932    313.485 330.944262     694876   4703.441     627310  0.000e+00
    -1.9389  22.743168    313.129 330.944265     694882   4703.172     627193  0.000e+00
    -1.9390  22.767987    312.779 330.944268     694884   4704.949     627078  0.000e+00
    -1.9388  22.791123    312.416 330.944271     694879   4706.605     626959  0.000e+00
    -1.9388  22.815686    312.057 330.944274     694878   4708.363     626841  0.000e+00
    -1.9388  22.898072    311.697 330.944277     694878   4714.254     626723  0.000e+00
    -1.9389  22.924864    311.341 330.944280     694881   4716.168     626606  0.000e+00
    -1.9388  22.908239    310.979 330.944282     694880   4714.980     626487  0.000e+00
    -1.9388  22.906708    310.610 330.944285     694878   4714.871     626366  0.000e+00
    -1.9386  22.967643    310.245 330.944288     694875   4719.223     626246  0.000e+00
    -1.9385  22.968463    309.888 330.944291     694872   4719.281     626129  0.000e+00
    -1.9380  22.981050    309.526 330.944294     694861   4720.180     626010  0.000e+00
    -1.9371  23.010340    309.170 330.944297     694841   4722.270     625893  0.000e+00
    -1.9368  22.974262    308.807 330.944300     694835   4719.695     625774  0.000e+00
    -1.9371  23.016308    308.436 330.944303     694842   4722.695     625652  0.000e+00
    -1.9377  23.023153    308.076 330.944306     694855   4723.184     625534  0.000e+00
    -1.9376  23.035423    307.714 330.944308     694852   4724.059     625415  0.000e+00
    -1.9375  23.073726    307.355 330.944311     694850   4726.789     625297  0.000e+00
    -1.9377  23.095490    306.989 330.944314     694854   4728.340     625177  0.000e+00
    -1.9384  23.126093    306.636 330.944317     694870   4730.520     625061  0.000e+00
    -1.9381  23.125654    306.273 330.944320     694864   4730.488     624942  0.000e+00
    -1.9382  23.088744    305.917 330.944323     694866   4727.859     624825  0.000e+00
    -1.9384  23.134430    305.552 330.944326     694871   4731.113     624705  0.000e+00
    -1.9382  23.149354    305.186 330.944329     694866   4732.176     624585  0.000e+00
    -1.9377  23.232821    304.830 330.944332     694855   4738.113     624468  0.000e+00
    -1.9371  23.321345    304.464 330.944334     694842   4744.402     624348  0.000e+00
    -1.9365  23.362953    304.096 330.944337     694827   4747.355     624227  0.000e+00
    -1.9364  23.405690    303.736 330.944340     694826   4750.387     624109  0.000e+00
    -1.9359  23.433240    303.374 330.944343     694815   4752.340     623990  0.000e+00
    -1.9357  23.387125    303.009 330.944346     694811   4749.070     623870  0.000e+00
    -1.9353  23.453524    302.640 330.944349     694801   4753.777     623749  0.000e+00
    -1.9351  23.498250    302.278 330.944352     694797   4756.945     623630  0.000e+00
    -1.9352  23.544662    301.915 330.944355     694800   4760.230     623511  0.000e+00
    -1.9351  23.577518    301.562 330.944358     694796   4762.555     623395  0.000e+00
    -1.9352  23.614258    301.203 330.944361     694799   4765.152     623277  0.000e+00
    -1.9355  23.664900    300.846 330.944363     694806   4768.730     623160  0.000e+00
    -1.9356  23.699475    300.490 330.944366     694809   4771.172     623043  0.000e+00
    -1.9358  23.731078    300.143 330.944369     694812   4773.402     622929  0.000e+00
    -1.9356  23.757435    299.793 330.944372     694808   4775.262     622814  0.000e+00
    -1.9358  23.803918    299.445 330.944375     694813   4778.539     622700  0.000e+00
    -1.9364  23.846827    299.098 330.944378     694825   4781.563     622586  0.000e+00
    -1.9361  23.869513    298.754 330.944381     694818   4783.160     622473  0.000e+00
    -1.9354  23.893260    298.398 330.944384     694804   4784.832     622356  0.000e+00
    -1.9353  23.915406    298.041 330.944387     694801   4786.391     622239  0.000e+00
    -1.9355  23.944001    297.685 330.944389     694806   4788.402     622122  0.000e+00
    -1.9357  23.972220    297.329 330.944392     694810   4790.387     622005  0.000e+00
    -1.9354  24.005676    296.966 330.944395     694803   4792.738     621886  0.000e+00
    -1.9353  24.038981    296.613 330.944398     694801   4795.078     621770  0.000e+00
    -1.9359  24.057726    296.251 330.944401     694815   4796.395     621651  0.000e+00
    -1.9365  24.062955    295.894 330.944404     694829   4796.762     621534  0.000e+00
    -1.9365  24.081873    295.538 330.944407     694827   4798.090     621417  0.000e+00
    -1.9362  24.105139    295.182 330.944410     694822   4799.723     621300  0.000e+00
    -1.9362  24.134706    294.843 330.944413     694821   4801.797     621189  0.000e+00
    -1.9362  24.156541    294.499 330.944416     694822   4803.328     621076  0.000e+00
    -1.9359  24.172811    294.137 330.944418     694815   4804.469     620957  0.000e+00
    -1.9366  24.196220    293.790 330.944421     694830   4806.109     620843  0.000e+00
    -1.9370  24.208763    293.440 330.944424     694838   4806.988     620728  0.000e+00
    -1.9370  24.222591    293.083 330.944427     694840   4807.957     620611  0.000e+00
    -1.9373  24.258905    292.724 330.944430     694845   4810.500     620493  0.000e+00
    -1.9376  24.301492    292.370 330.944433     694852   4813.480     620377  0.000e+00
    -1.9380  24.332485    292.005 330.944436     694862   4815.648     620257  0.000e+00
    -1.9385  24.354943    291.649 330.944439     694872   4817.219     620140  0.000e+00
    -1.9388  24.383110    291.292 330.944442     694879   4819.188     620023  0.000e+00
    -1.9390  24.394067    290.939 330.944444     694883   4819.953     619907  0.000e+00
    -1.9391  24.423201    290.589 330.944447     694885   4821.988     619792  0.000e+00
    -1.9391  24.458559    290.239 330.944450     694886   4824.457     619677  0.000e+00
    -1.9392  24.490744    289.885 330.944453     694887   4826.703     619561  0.000e+00
    -1.9396  24.505022    289.535 330.944456     694897   4827.699     619446  0.000e+00
    -1.9405  24.502501    289.191 330.944459     694917   4827.523     619333  0.000e+00
    -1.9410  24.531738    288.841 330.944462     694928   4829.563     619218  0.000e+00
    -1.9413  24.617224    288.481 330.944465     694934   4835.520     619100  0.000e+00
    -1.9414  24.670532    288.137 330.944468     694937   4839.230     618987  0.000e+00
    -1.9422  24.730510    287.790 330.944470     694955   4843.402     618873  0.000e+00
    -1.9426  24.778789    287.440 330.944473     694964   4846.758     618758  0.000e+00
    -1.9429  24.811406    287.089 330.944476     694971   4849.023     618643  0.000e+00
    -1.9426  24.838805    286.751 330.944479     694963   4850.926     618532  0.000e+00
    -1.9426  24.867735    286.401 330.944482     694963   4852.934     618417  0.000e+00
    -1.9426  24.509494    286.051 330.944485     694964   4828.012     618302  0.000e+00
    -1.9429  24.556553    285.713 330.944488     694970   4831.293     618191  0.000e+00
    -1.9430  24.599887    285.366 330.944491     694972   4834.313     618077  0.000e+00
    -1.9429  24.646110    285.018 330.944494     694969   4837.531     617963  0.000e+00
    -1.9428  24.641844    284.668 330.944497     694967   4837.234     617848  0.000e+00
    -1.9431  24.655929    284.318 330.944499     694974   4838.215     617733  0.000e+00
    -1.9433  24.692194    283.974 330.944502     694980   4840.738     617620  0.000e+00
    -1.9438  24.732523    283.623 330.944505     694989   4843.543     617505  0.000e+00
    -1.9435  24.771695    283.267 330.944508     694983   4846.266     617388  0.000e+00
    -1.9434  24.827655    282.917 330.944511     694982   4850.152     617273  0.000e+00
    -1.9432  24.866937    282.567 330.944514     694976   4852.879     617158  0.000e+00
    -1.9434  24.962087    282.201 330.944517     694982   4859.477     617038  0.000e+00
    -1.9434  25.053246    281.848 330.944520     694982   4865.789     616922  0.000e+00
    -1.9437  25.161767    281.504 330.944523     694987   4873.293     616809  0.000e+00
    -1.9435  25.329769    281.163 330.944525     694984   4884.887     616697  0.000e+00
