sbs/tests/resources/orca-test-data/SBE19plus/4794/4794_035_KiM.cnv
* Sea-Bird SBE19plus Data File:
* FileName = C:\Documents and Settings\stevens\Desktop\K131_2007\CTD\4794_035.hex
* Software Version 1.50
* Temperature SN =  4977
* Conductivity SN =  4977
* System UpLoad Time = Nov 27 2007 07:42:40
** K131 McMurdo SeaIce Work
** nov-dec 2007
** using chch plastic ctd
** times are local (NZ daylight savings)
# nquan = 8
# nvalues = 6646                                  
# units = specified
# name 0 = tv290C: Temperature [ITS-90, deg C]
# name 1 = c0mS/cm: Conductivity [mS/cm]
# name 2 = prdM: Pressure, Strain Gauge [db]
# name 3 = timeJ: Julian Days
# name 4 = f0: Frequency 0
# name 5 = f1: Frequency 1
# name 6 = f2: Frequency 2
# name 7 = flag:  0.000e+00
# span 0 =    -3.6144,    -1.9017                 
# span 1 =  -0.000493,  27.364881                 
# span 2 =     -0.274,    357.914                 
# span 3 = 331.297604, 331.316832                 
# span 4 =     694055,     732731                 
# span 5 =   2601.957,   5023.160                 
# span 6 =     524314,     641899                 
# span 7 = 0.0000e+00, 0.0000e+00                 
# interval = seconds: 0.25
# start_time = Nov 27 2007 07:08:33 [Instrument's time stamp, header]
# bad_flag = -9.990e-29
*END*
[from data line 6472]
    -1.9480  27.136314      8.983 331.316331     695084   5007.883     527352  0.000e+00
    -1.9477  27.134454      8.932 331.316334     695077   5007.758     527335  0.000e+00
    -1.9477  27.135500      8.871 331.316337     695077   5007.828     527315  0.000e+00
    -1.9475  27.135500      8.810 331.316340     695073   5007.828     527295  0.000e+00
    -1.9476  27.135500      8.758 331.316343     695074   5007.828     527278  0.000e+00
    -1.9475  27.135732      8.691 331.316345     695073   5007.844     527256  0.000e+00
    -1.9474  27.135499      8.627 331.316348     695070   5007.828     527235  0.000e+00
    -1.9473  27.135732      8.563 331.316351     695068   5007.844     527214  0.000e+00
    -1.9474  27.135732      8.517 331.316354     695070   5007.844     527199  0.000e+00
    -1.9472  27.136022      8.456 331.316357     695065   5007.863     527179  0.000e+00
    -1.9474  27.136254      8.392 331.316360     695070   5007.879     527158  0.000e+00
    -1.9473  27.135499      8.325 331.316363     695068   5007.828     527136  0.000e+00
    -1.9472  27.135731      8.255 331.316366     695066   5007.844     527113  0.000e+00
    -1.9472  27.136254      8.191 331.316369     695065   5007.879     527092  0.000e+00
    -1.9471  27.136021      8.136 331.316372     695063   5007.863     527074  0.000e+00
    -1.9468  27.135730      8.063 331.316374     695057   5007.844     527050  0.000e+00
    -1.9469  27.136311      8.005 331.316377     695058   5007.883     527031  0.000e+00
    -1.9468  27.136021      7.953 331.316380     695057   5007.863     527014  0.000e+00
    -1.9467  27.136253      7.896 331.316383     695055   5007.879     526995  0.000e+00
    -1.9467  27.136020      7.838 331.316386     695055   5007.863     526976  0.000e+00
    -1.9465  27.136253      7.783 331.316389     695051   5007.879     526958  0.000e+00
    -1.9466  27.137124      7.722 331.316392     695052   5007.938     526938  0.000e+00
    -1.9462  27.136543      7.658 331.316395     695044   5007.898     526917  0.000e+00
    -1.9463  27.137124      7.597 331.316398     695046   5007.938     526897  0.000e+00
    -1.9462  27.136543      7.527 331.316400     695043   5007.898     526874  0.000e+00
    -1.9462  27.136310      7.466 331.316403     695044   5007.883     526854  0.000e+00
    -1.9462  27.135729      7.417 331.316406     695043   5007.844     526838  0.000e+00
    -1.9461  27.136833      7.353 331.316409     695042   5007.918     526817  0.000e+00
    -1.9461  27.136600      7.307 331.316412     695041   5007.902     526802  0.000e+00
    -1.9461  27.136832      7.246 331.316415     695040   5007.918     526782  0.000e+00
    -1.9461  27.136309      7.176 331.316418     695040   5007.883     526759  0.000e+00
    -1.9461  27.136251      7.115 331.316421     695040   5007.879     526739  0.000e+00
    -1.9461  27.137123      7.054 331.316424     695040   5007.938     526719  0.000e+00
    -1.9461  27.136541      6.987 331.316427     695040   5007.898     526697  0.000e+00
    -1.9461  27.135727      6.936 331.316429     695041   5007.844     526680  0.000e+00
    -1.9463  27.136018      6.875 331.316432     695045   5007.863     526660  0.000e+00
    -1.9463  27.135495      6.817 331.316435     695045   5007.828     526641  0.000e+00
    -1.9463  27.136018      6.768 331.316438     695046   5007.863     526625  0.000e+00
    -1.9462  27.136540      6.707 331.316441     695044   5007.898     526605  0.000e+00
    -1.9464  27.136598      6.634 331.316444     695047   5007.902     526581  0.000e+00
    -1.9464  27.136250      6.576 331.316447     695047   5007.879     526562  0.000e+00
    -1.9463  27.135494      6.515 331.316450     695046   5007.828     526542  0.000e+00
    -1.9462  27.137063      6.460 331.316453     695043   5007.934     526524  0.000e+00
    -1.9461  27.136540      6.402 331.316455     695040   5007.898     526505  0.000e+00
    -1.9459  27.136307      6.351 331.316458     695037   5007.883     526488  0.000e+00
    -1.9458  27.136539      6.296 331.316461     695035   5007.898     526470  0.000e+00
    -1.9460  27.137120      6.232 331.316464     695038   5007.938     526449  0.000e+00
    -1.9458  27.137585      6.165 331.316467     695035   5007.969     526427  0.000e+00
    -1.9458  27.137120      6.110 331.316470     695034   5007.938     526409  0.000e+00
    -1.9456  27.137352      6.046 331.316473     695029   5007.953     526388  0.000e+00
    -1.9453  27.138282      5.982 331.316476     695024   5008.016     526367  0.000e+00
    -1.9452  27.137061      5.921 331.316479     695022   5007.934     526347  0.000e+00
    -1.9452  27.137352      5.863 331.316481     695020   5007.953     526328  0.000e+00
    -1.9450  27.136887      5.796 331.316484     695016   5007.922     526306  0.000e+00
    -1.9450  27.137584      5.738 331.316487     695017   5007.969     526287  0.000e+00
    -1.9451  27.137700      5.677 331.316490     695018   5007.977     526267  0.000e+00
    -1.9450  27.137874      5.628 331.316493     695017   5007.988     526251  0.000e+00
    -1.9449  27.137700      5.592 331.316496     695014   5007.977     526239  0.000e+00
    -1.9448  27.137584      5.555 331.316499     695013   5007.969     526227  0.000e+00
    -1.9448  27.136537      5.534 331.316502     695012   5007.898     526220  0.000e+00
    -1.9447  27.138281      5.516 331.316505     695011   5008.016     526214  0.000e+00
    -1.9446  27.137583      5.500 331.316508     695007   5007.969     526209  0.000e+00
    -1.9447  27.137990      5.476 331.316510     695009   5007.996     526201  0.000e+00
    -1.9445  27.138397      5.439 331.316513     695005   5008.023     526189  0.000e+00
    -1.9443  27.138280      5.382 331.316516     695000   5008.016     526170  0.000e+00
    -1.9441  27.139443      5.342 331.316519     694996   5008.094     526157  0.000e+00
    -1.9438  27.138513      5.290 331.316522     694991   5008.031     526140  0.000e+00
    -1.9436  27.137873      5.229 331.316525     694985   5007.988     526120  0.000e+00
    -1.9436  27.140488      5.159 331.316528     694986   5008.164     526097  0.000e+00
    -1.9432  27.141302      5.083 331.316531     694976   5008.219     526072  0.000e+00
    -1.9424  27.141825      5.013 331.316534     694960   5008.254     526049  0.000e+00
    -1.9422  27.141883      4.928 331.316536     694955   5008.258     526021  0.000e+00
    -1.9421  27.140778      4.848 331.316539     694953   5008.184     525995  0.000e+00
    -1.9419  27.141882      4.772 331.316542     694947   5008.258     525970  0.000e+00
    -1.9420  27.142347      4.684 331.316545     694949   5008.289     525941  0.000e+00
    -1.9420  27.141533      4.620 331.316548     694949   5008.234     525920  0.000e+00
    -1.9417  27.141882      4.550 331.316551     694944   5008.258     525897  0.000e+00
    -1.9416  27.142579      4.470 331.316554     694941   5008.305     525871  0.000e+00
    -1.9415  27.141591      4.397 331.316557     694940   5008.238     525847  0.000e+00
    -1.9414  27.141532      4.324 331.316560     694937   5008.234     525823  0.000e+00
    -1.9415  27.141881      4.254 331.316562     694938   5008.258     525800  0.000e+00
    -1.9415  27.142346      4.184 331.316565     694938   5008.289     525777  0.000e+00
    -1.9414  27.142462      4.108 331.316568     694936   5008.297     525752  0.000e+00
    -1.9414  27.143101      4.032 331.316571     694937   5008.340     525727  0.000e+00
    -1.9412  27.141822      3.959 331.316574     694932   5008.254     525703  0.000e+00
    -1.9412  27.143275      3.891 331.316577     694932   5008.352     525681  0.000e+00
    -1.9411  27.142577      3.821 331.316580     694929   5008.305     525658  0.000e+00
    -1.9410  27.142461      3.751 331.316583     694927   5008.297     525635  0.000e+00
    -1.9409  27.142344      3.681 331.316586     694926   5008.289     525612  0.000e+00
    -1.9407  27.142983      3.602 331.316589     694922   5008.332     525586  0.000e+00
    -1.9406  27.146006      3.523 331.316591     694918   5008.535     525560  0.000e+00
    -1.9403  27.145482      3.453 331.316594     694913   5008.500     525537  0.000e+00
    -1.9397  27.146354      3.373 331.316597     694898   5008.559     525511  0.000e+00
    -1.9394  27.148679      3.313 331.316600     694893   5008.715     525491  0.000e+00
    -1.9390  27.149434      3.230 331.316603     694883   5008.766     525464  0.000e+00
    -1.9384  27.152108      3.169 331.316606     694871   5008.945     525444  0.000e+00
    -1.9378  27.152748      3.111 331.316609     694856   5008.988     525425  0.000e+00
    -1.9369  27.151585      3.038 331.316612     694836   5008.910     525401  0.000e+00
    -1.9368  27.156061      2.962 331.316615     694834   5009.211     525376  0.000e+00
    -1.9361  27.161409      2.895 331.316617     694819   5009.570     525354  0.000e+00
    -1.9347  27.164200      2.822 331.316620     694787   5009.758     525330  0.000e+00
    -1.9331  27.165071      2.752 331.316623     694753   5009.816     525307  0.000e+00
    -1.9318  27.166873      2.679 331.316626     694724   5009.938     525283  0.000e+00
    -1.9309  27.165362      2.618 331.316629     694703   5009.836     525263  0.000e+00
    -1.9301  27.167396      2.554 331.316632     694685   5009.973     525242  0.000e+00
    -1.9293  27.167629      2.472 331.316635     694669   5009.988     525215  0.000e+00
    -1.9289  27.173734      2.411 331.316638     694659   5010.398     525195  0.000e+00
    -1.9273  27.173733      2.331 331.316641     694623   5010.398     525169  0.000e+00
    -1.9258  27.175652      2.240 331.316644     694591   5010.527     525139  0.000e+00
    -1.9248  27.176117      2.164 331.316646     694568   5010.559     525114  0.000e+00
    -1.9239  27.175942      2.094 331.316649     694548   5010.547     525091  0.000e+00
    -1.9236  27.175302      2.017 331.316652     694542   5010.504     525066  0.000e+00
    -1.9235  27.175825      1.941 331.316655     694539   5010.539     525041  0.000e+00
    -1.9232  27.175418      1.874 331.316658     694532   5010.512     525019  0.000e+00
    -1.9232  27.177163      1.810 331.316661     694532   5010.629     524998  0.000e+00
    -1.9230  27.177337      1.752 331.316664     694529   5010.641     524979  0.000e+00
    -1.9229  27.176639      1.698 331.316667     694525   5010.594     524961  0.000e+00
    -1.9226  27.177627      1.667 331.316670     694520   5010.660     524951  0.000e+00
    -1.9224  27.178500      1.652 331.316672     694516   5010.719     524946  0.000e+00
    -1.9218  27.181116      1.643 331.316675     694501   5010.895     524943  0.000e+00
    -1.9211  27.180709      1.603 331.316678     694487   5010.867     524930  0.000e+00
    -1.9209  27.178732      1.545 331.316681     694482   5010.734     524911  0.000e+00
    -1.9207  27.179022      1.490 331.316684     694478   5010.754     524893  0.000e+00
    -1.9210  27.178499      1.426 331.316687     694483   5010.719     524872  0.000e+00
    -1.9208  27.180709      1.362 331.316690     694480   5010.867     524851  0.000e+00
    -1.9207  27.183500      1.295 331.316693     694477   5011.055     524829  0.000e+00
    -1.9200  27.184547      1.259 331.316696     694462   5011.125     524817  0.000e+00
    -1.9195  27.183500      1.210 331.316698     694451   5011.055     524801  0.000e+00
    -1.9195  27.186931      1.164 331.316701     694450   5011.285     524786  0.000e+00
    -1.9190  27.184604      1.106 331.316704     694440   5011.129     524767  0.000e+00
    -1.9189  27.185593      1.045 331.316707     694438   5011.195     524747  0.000e+00
    -1.9189  27.180707      0.997 331.316710     694437   5010.867     524731  0.000e+00
    -1.9187  27.179544      0.942 331.316713     694432   5010.789     524713  0.000e+00
    -1.9184  27.146520      0.884 331.316716     694426   5008.570     524694  0.000e+00
    -1.9180  27.189082      0.832 331.316719     694418   5011.430     524677  0.000e+00
    -1.9181  27.195654      0.783 331.316722     694419   5011.871     524661  0.000e+00
    -1.9174  27.197515      0.719 331.316725     694404   5011.996     524640  0.000e+00
    -1.9169  27.193502      0.662 331.316727     694392   5011.727     524621  0.000e+00
    -1.9165  27.203390      0.595 331.316730     694383   5012.391     524599  0.000e+00
    -1.9160  27.200132      0.537 331.316733     694374   5012.172     524580  0.000e+00
    -1.9160  27.199085      0.476 331.316736     694374   5012.102     524560  0.000e+00
    -1.9159  27.202226      0.415 331.316739     694371   5012.313     524540  0.000e+00
    -1.9160  27.203331      0.366 331.316742     694374   5012.387     524524  0.000e+00
    -1.9157  27.200830      0.308 331.316745     694366   5012.219     524505  0.000e+00
    -1.9160  27.203040      0.250 331.316748     694373   5012.367     524486  0.000e+00
    -1.9161  27.203389      0.174 331.316751     694375   5012.391     524461  0.000e+00
    -1.9157  27.203563      0.107 331.316753     694367   5012.402     524439  0.000e+00
    -1.9155  27.198793      0.031 331.316756     694362   5012.082     524414  0.000e+00
    -1.9152  27.208973     -0.036 331.316759     694355   5012.766     524392  0.000e+00
    -1.9150  27.207286     -0.085 331.316762     694351   5012.652     524376  0.000e+00
    -1.9149  27.208391     -0.137 331.316765     694349   5012.727     524359  0.000e+00
    -1.9149  27.192220     -0.195 331.316768     694348   5011.641     524340  0.000e+00
    -1.9146  26.928688     -0.237 331.316771     694341   4993.910     524326  0.000e+00
    -1.9140  26.895198     -0.268 331.316774     694328   4991.652     524316  0.000e+00
    -1.9139  26.947526     -0.274 331.316777     694326   4995.180     524314  0.000e+00
    -1.9137  27.135473     -0.271 331.316780     694322   5007.828     524315  0.000e+00
    -1.9135  27.206180     -0.265 331.316782     694317   5012.578     524317  0.000e+00
    -1.9128  27.211765     -0.268 331.316785     694303   5012.953     524316  0.000e+00
    -1.9119  27.209903     -0.274 331.316788     694281   5012.828     524314  0.000e+00
    -1.9103  27.205889     -0.268 331.316791     694247   5012.559     524316  0.000e+00
    -1.9091  27.209088     -0.268 331.316794     694220   5012.773     524316  0.000e+00
    -1.9079  27.209903     -0.265 331.316797     694193   5012.828     524317  0.000e+00
    -1.9070  27.213975     -0.265 331.316800     694173   5013.102     524317  0.000e+00
    -1.9060  15.516768     -0.265 331.316803     694150   4153.105     524317  0.000e+00
    -1.9044   4.997613     -0.265 331.316806     694115   3185.406     524317  0.000e+00
    -1.9032   3.796321     -0.271 331.316808     694089   3055.375     524315  0.000e+00
    -1.9035   3.786323     -0.265 331.316811     694095   3054.270     524317  0.000e+00
    -1.9027   4.330385     -0.265 331.316814     694079   3113.855     524317  0.000e+00
    -1.9035   4.818622     -0.259 331.316817     694096   3166.371     524319  0.000e+00
    -1.9039   5.110152     -0.262 331.316820     694104   3197.316     524318  0.000e+00
    -1.9039   5.130868     -0.262 331.316823     694104   3199.504     524318  0.000e+00
    -1.9035   4.939533     -0.265 331.316826     694096   3179.242     524317  0.000e+00
    -1.9024   4.995770     -0.268 331.316829     694072   3185.211     524316  0.000e+00
    -1.9017   4.854239     -0.265 331.316832     694055   3170.168     524317  0.000e+00
