sbs/tests/resources/orca-test-data/SBE19plus/4794/4794_019_KiM.cnv
* Sea-Bird SBE19plus Data File:
* FileName = C:\Documents and Settings\stevens\Desktop\K131_2007\CTD\4794_019.hex
* Software Version 1.50
* Temperature SN =  4977
* Conductivity SN =  4977
* System UpLoad Time = Nov 26 2007 16:43:29
** K131 McMurdo SeaIce Work
** nov-dec 2007
** using chch plastic ctd
** times are local (NZ daylight savings)
# nquan = 8
# nvalues = 7681                                  
# units = specified
# name 0 = tv290C: Temperature [ITS-90, deg C]
# name 1 = c0mS/cm: Conductivity [mS/cm]
# name 2 = prdM: Pressure, Strain Gauge [db]
# name 3 = timeJ: Julian Days
# name 4 = f0: Frequency 0
# name 5 = f1: Frequency 1
# name 6 = f2: Frequency 2
# name 7 = flag:  0.000e+00
# span 0 =    -2.9360,    -1.9048                 
# span 1 =   0.070337,  27.377604                 
# span 2 =     -0.295,    362.993                 
# span 3 = 330.672650, 330.694873                 
# span 4 =     694125,     717248                 
# span 5 =   2611.137,   5024.012                 
# span 6 =     524307,     643567                 
# span 7 = 0.0000e+00, 0.0000e+00                 
# interval = seconds: 0.25
# start_time = Nov 26 2007 16:08:37 [Instrument's time stamp, header]
# bad_flag = -9.990e-29
*END*
[from data line 5394]
    -1.9426  27.282113    279.284 330.688258     694964   5017.625     616080  0.000e+00
    -1.9426  27.281473    279.527 330.688261     694964   5017.582     616160  0.000e+00
    -1.9425  27.281881    279.750 330.688264     694962   5017.609     616233  0.000e+00
    -1.9426  27.281590    279.978 330.688267     694963   5017.590     616308  0.000e+00
    -1.9425  27.282872    280.258 330.688270     694961   5017.676     616400  0.000e+00
    -1.9424  27.282640    280.557 330.688273     694958   5017.660     616498  0.000e+00
    -1.9423  27.283398    280.861 330.688275     694957   5017.711     616598  0.000e+00
    -1.9423  27.283981    281.203 330.688278     694957   5017.750     616710  0.000e+00
    -1.9422  27.283749    281.538 330.688281     694955   5017.734     616820  0.000e+00
    -1.9419  27.284274    281.848 330.688284     694948   5017.770     616922  0.000e+00
    -1.9419  27.285323    282.174 330.688287     694948   5017.840     617029  0.000e+00
    -1.9417  27.284276    282.503 330.688290     694944   5017.770     617137  0.000e+00
    -1.9416  27.285849    282.808 330.688293     694942   5017.875     617237  0.000e+00
    -1.9416  27.285326    283.124 330.688296     694941   5017.840     617341  0.000e+00
    -1.9414  27.285093    283.438 330.688299     694936   5017.824     617444  0.000e+00
    -1.9414  27.286376    283.764 330.688302     694936   5017.910     617551  0.000e+00
    -1.9413  27.285969    284.096 330.688304     694934   5017.883     617660  0.000e+00
    -1.9411  27.286901    284.425 330.688307     694931   5017.945     617768  0.000e+00
    -1.9411  27.287426    284.745 330.688310     694929   5017.980     617873  0.000e+00
    -1.9411  27.287369    285.074 330.688313     694930   5017.977     617981  0.000e+00
    -1.9409  27.286904    285.387 330.688316     694925   5017.945     618084  0.000e+00
    -1.9408  27.287953    285.683 330.688319     694923   5018.016     618181  0.000e+00
    -1.9408  27.287197    285.951 330.688322     694923   5017.965     618269  0.000e+00
    -1.9407  27.287721    286.210 330.688325     694922   5018.000     618354  0.000e+00
    -1.9407  27.288188    286.411 330.688328     694921   5018.031     618420  0.000e+00
    -1.9407  27.287722    286.581 330.688330     694922   5018.000     618476  0.000e+00
    -1.9408  27.288189    286.782 330.688333     694923   5018.031     618542  0.000e+00
    -1.9407  27.288539    287.035 330.688336     694921   5018.055     618625  0.000e+00
    -1.9406  27.288772    287.276 330.688339     694920   5018.070     618704  0.000e+00
    -1.9406  27.288773    287.522 330.688342     694919   5018.070     618785  0.000e+00
    -1.9405  27.290113    287.772 330.688345     694917   5018.160     618867  0.000e+00
    -1.9405  27.290172    287.973 330.688348     694917   5018.164     618933  0.000e+00
    -1.9404  27.289299    288.122 330.688351     694914   5018.105     618982  0.000e+00
    -1.9404  27.288775    288.268 330.688354     694914   5018.070     619030  0.000e+00
    -1.9403  27.289067    288.387 330.688356     694912   5018.090     619069  0.000e+00
    -1.9406  27.289591    288.521 330.688359     694918   5018.125     619113  0.000e+00
    -1.9405  27.288776    288.692 330.688362     694916   5018.070     619169  0.000e+00
    -1.9406  27.289825    288.853 330.688365     694918   5018.141     619222  0.000e+00
    -1.9404  27.290350    289.039 330.688368     694914   5018.176     619283  0.000e+00
    -1.9404  27.290467    289.307 330.688371     694915   5018.184     619371  0.000e+00
    -1.9402  27.290933    289.581 330.688374     694911   5018.215     619461  0.000e+00
    -1.9402  27.290352    289.855 330.688377     694909   5018.176     619551  0.000e+00
    -1.9401  27.291051    290.126 330.688380     694908   5018.223     619640  0.000e+00
    -1.9401  27.290644    290.391 330.688383     694907   5018.195     619727  0.000e+00
    -1.9402  27.291053    290.647 330.688385     694910   5018.223     619811  0.000e+00
    -1.9401  27.290937    290.879 330.688388     694908   5018.215     619887  0.000e+00
    -1.9402  27.291170    291.101 330.688391     694909   5018.230     619960  0.000e+00
    -1.9400  27.290763    291.326 330.688394     694905   5018.203     620034  0.000e+00
    -1.9401  27.291696    291.548 330.688397     694907   5018.266     620107  0.000e+00
    -1.9400  27.291289    291.777 330.688400     694905   5018.238     620182  0.000e+00
    -1.9401  27.292512    292.060 330.688403     694908   5018.320     620275  0.000e+00
    -1.9401  27.291698    292.359 330.688406     694907   5018.266     620373  0.000e+00
    -1.9401  27.292980    292.642 330.688409     694907   5018.352     620466  0.000e+00
    -1.9399  27.291466    292.946 330.688411     694904   5018.250     620566  0.000e+00
    -1.9400  27.293273    293.263 330.688414     694906   5018.371     620670  0.000e+00
    -1.9399  27.292225    293.574 330.688417     694903   5018.301     620772  0.000e+00
    -1.9397  27.293333    293.887 330.688420     694900   5018.375     620875  0.000e+00
    -1.9397  27.293275    294.146 330.688423     694900   5018.371     620960  0.000e+00
    -1.9396  27.293567    294.308 330.688426     694897   5018.391     621013  0.000e+00
    -1.9397  27.293567    294.396 330.688429     694898   5018.391     621042  0.000e+00
    -1.9396  27.293334    294.466 330.688432     694897   5018.375     621065  0.000e+00
    -1.9396  27.294091    294.548 330.688435     694896   5018.426     621092  0.000e+00
    -1.9396  27.294674    294.676 330.688438     694896   5018.465     621134  0.000e+00
    -1.9394  27.294383    294.850 330.688440     694892   5018.445     621191  0.000e+00
    -1.9393  27.293860    295.057 330.688443     694891   5018.410     621259  0.000e+00
    -1.9393  27.294618    295.282 330.688446     694889   5018.461     621333  0.000e+00
    -1.9394  27.294618    295.547 330.688449     694893   5018.461     621420  0.000e+00
    -1.9393  27.296075    295.837 330.688452     694891   5018.559     621515  0.000e+00
    -1.9393  27.294911    296.129 330.688455     694891   5018.480     621611  0.000e+00
    -1.9392  27.294970    296.437 330.688458     694888   5018.484     621712  0.000e+00
    -1.9392  27.294913    296.753 330.688461     694888   5018.480     621816  0.000e+00
    -1.9392  27.295146    297.073 330.688464     694888   5018.496     621921  0.000e+00
    -1.9393  27.295846    297.378 330.688466     694890   5018.543     622021  0.000e+00
    -1.9391  27.295964    297.707 330.688469     694885   5018.551     622129  0.000e+00
    -1.9389  27.296955    298.033 330.688472     694882   5018.617     622236  0.000e+00
    -1.9389  27.297305    298.358 330.688475     694881   5018.641     622343  0.000e+00
    -1.9387  27.296490    298.684 330.688478     694876   5018.586     622450  0.000e+00
    -1.9388  27.296957    299.010 330.688481     694879   5018.617     622557  0.000e+00
    -1.9386  27.297016    299.345 330.688484     694874   5018.621     622667  0.000e+00
    -1.9387  27.298066    299.638 330.688487     694876   5018.691     622763  0.000e+00
    -1.9385  27.298649    299.890 330.688490     694872   5018.730     622846  0.000e+00
    -1.9383  27.298649    300.152 330.688492     694869   5018.730     622932  0.000e+00
    -1.9381  27.299466    300.445 330.688495     694864   5018.785     623028  0.000e+00
    -1.9382  27.299175    300.722 330.688498     694865   5018.766     623119  0.000e+00
    -1.9381  27.298651    300.971 330.688501     694863   5018.730     623201  0.000e+00
    -1.9380  27.299409    301.264 330.688504     694862   5018.781     623297  0.000e+00
    -1.9380  27.299934    301.550 330.688507     694861   5018.816     623391  0.000e+00
    -1.9379  27.299760    301.800 330.688510     694859   5018.805     623473  0.000e+00
    -1.9379  27.300227    302.074 330.688513     694860   5018.836     623563  0.000e+00
    -1.9379  27.300344    302.372 330.688516     694859   5018.844     623661  0.000e+00
    -1.9379  27.300462    302.668 330.688519     694859   5018.852     623758  0.000e+00
    -1.9377  27.301278    302.975 330.688521     694855   5018.906     623859  0.000e+00
    -1.9377  27.301162    303.292 330.688524     694854   5018.898     623963  0.000e+00
    -1.9374  27.301571    303.606 330.688527     694849   5018.926     624066  0.000e+00
    -1.9374  27.302853    303.892 330.688530     694847   5019.012     624160  0.000e+00
    -1.9372  27.302854    304.175 330.688533     694844   5019.012     624253  0.000e+00
    -1.9371  27.303437    304.443 330.688536     694842   5019.051     624341  0.000e+00
    -1.9369  27.304020    304.714 330.688539     694836   5019.090     624430  0.000e+00
    -1.9365  27.303671    305.001 330.688542     694829   5019.066     624524  0.000e+00
    -1.9365  27.303963    305.308 330.688545     694827   5019.086     624625  0.000e+00
    -1.9363  27.305654    305.601 330.688547     694824   5019.199     624721  0.000e+00
    -1.9364  27.303150    305.917 330.688550     694825   5019.031     624825  0.000e+00
    -1.9362  27.304840    306.219 330.688553     694822   5019.145     624924  0.000e+00
    -1.9362  27.305248    306.533 330.688556     694821   5019.172     625027  0.000e+00
    -1.9361  27.305249    306.858 330.688559     694819   5019.172     625134  0.000e+00
    -1.9361  27.305658    307.172 330.688562     694819   5019.199     625237  0.000e+00
    -1.9361  27.306882    307.474 330.688565     694818   5019.281     625336  0.000e+00
    -1.9357  27.307640    307.702 330.688568     694811   5019.332     625411  0.000e+00
    -1.9356  27.307116    307.833 330.688571     694808   5019.297     625454  0.000e+00
    -1.9355  27.307699    307.946 330.688573     694805   5019.336     625491  0.000e+00
    -1.9354  27.307932    308.095 330.688576     694804   5019.352     625540  0.000e+00
    -1.9352  27.307699    308.284 330.688579     694800   5019.336     625602  0.000e+00
    -1.9352  27.309040    308.482 330.688582     694798   5019.426     625667  0.000e+00
    -1.9350  27.307933    308.664 330.688585     694795   5019.352     625727  0.000e+00
    -1.9350  27.308983    308.853 330.688588     694794   5019.422     625789  0.000e+00
    -1.9348  27.309041    309.069 330.688591     694791   5019.426     625860  0.000e+00
    -1.9349  27.309275    309.337 330.688594     694793   5019.441     625948  0.000e+00
    -1.9348  27.309043    309.578 330.688597     694790   5019.426     626027  0.000e+00
    -1.9347  27.309509    309.755 330.688600     694788   5019.457     626085  0.000e+00
    -1.9347  27.309801    309.928 330.688602     694789   5019.477     626142  0.000e+00
    -1.9347  27.310209    310.144 330.688605     694789   5019.504     626213  0.000e+00
    -1.9347  27.310093    310.349 330.688608     694787   5019.496     626280  0.000e+00
    -1.9347  27.309628    310.489 330.688611     694787   5019.465     626326  0.000e+00
    -1.9347  27.310327    310.623 330.688614     694787   5019.512     626370  0.000e+00
    -1.9346  27.311667    310.763 330.688617     694786   5019.602     626416  0.000e+00
    -1.9345  27.310444    310.927 330.688620     694783   5019.520     626470  0.000e+00
    -1.9345  27.310328    311.113 330.688623     694783   5019.512     626531  0.000e+00
    -1.9345  27.311377    311.290 330.688626     694783   5019.582     626589  0.000e+00
    -1.9344  27.312135    311.481 330.688628     694782   5019.633     626652  0.000e+00
    -1.9343  27.311670    311.749 330.688631     694778   5019.602     626740  0.000e+00
    -1.9341  27.311321    312.033 330.688634     694775   5019.578     626833  0.000e+00
    -1.9341  27.312196    312.307 330.688637     694774   5019.637     626923  0.000e+00
    -1.9340  27.312488    312.563 330.688640     694772   5019.656     627007  0.000e+00
    -1.9338  27.312721    312.809 330.688643     694767   5019.672     627088  0.000e+00
    -1.9337  27.313538    313.035 330.688646     694766   5019.727     627162  0.000e+00
    -1.9334  27.316684    313.220 330.688649     694759   5019.938     627223  0.000e+00
    -1.9327  27.316976    313.367 330.688652     694744   5019.957     627271  0.000e+00
    -1.9319  27.317792    313.513 330.688655     694725   5020.012     627319  0.000e+00
    -1.9315  27.318375    313.668 330.688657     694717   5020.051     627370  0.000e+00
    -1.9312  27.318550    313.851 330.688660     694711   5020.063     627430  0.000e+00
    -1.9311  27.318084    314.049 330.688663     694708   5020.031     627495  0.000e+00
    -1.9311  27.319076    314.274 330.688666     694708   5020.098     627569  0.000e+00
    -1.9312  27.318027    314.496 330.688669     694710   5020.027     627642  0.000e+00
    -1.9312  27.320067    314.728 330.688672     694710   5020.164     627718  0.000e+00
    -1.9310  27.320184    314.975 330.688675     694706   5020.172     627799  0.000e+00
    -1.9308  27.319777    315.221 330.688678     694701   5020.145     627880  0.000e+00
    -1.9305  27.320186    315.456 330.688681     694695   5020.172     627957  0.000e+00
    -1.9305  27.319662    315.663 330.688683     694695   5020.137     628025  0.000e+00
    -1.9306  27.320070    315.836 330.688686     694696   5020.164     628082  0.000e+00
    -1.9305  27.321236    316.041 330.688689     694695   5020.242     628149  0.000e+00
    -1.9306  27.320945    316.302 330.688692     694696   5020.223     628235  0.000e+00
    -1.9303  27.320596    316.573 330.688695     694691   5020.199     628324  0.000e+00
    -1.9305  27.320947    316.829 330.688698     694694   5020.223     628408  0.000e+00
    -1.9305  27.320889    317.094 330.688701     694695   5020.219     628495  0.000e+00
    -1.9306  27.321764    317.338 330.688704     694696   5020.277     628575  0.000e+00
    -1.9305  27.321764    317.551 330.688707     694694   5020.277     628645  0.000e+00
    -1.9304  27.321182    317.743 330.688709     694693   5020.238     628708  0.000e+00
    -1.9303  27.321474    317.926 330.688712     694690   5020.258     628768  0.000e+00
    -1.9304  27.321708    318.127 330.688715     694693   5020.273     628834  0.000e+00
    -1.9303  27.321242    318.294 330.688718     694691   5020.242     628889  0.000e+00
    -1.9303  27.322291    318.404 330.688721     694690   5020.313     628925  0.000e+00
    -1.9303  27.321475    318.486 330.688724     694691   5020.258     628952  0.000e+00
    -1.9302  27.321767    318.553 330.688727     694689   5020.277     628974  0.000e+00
    -1.9304  27.322000    318.583 330.688730     694692   5020.293     628984  0.000e+00
    -1.9304  27.322058    318.602 330.688733     694692   5020.297     628990  0.000e+00
    -1.9303  27.322583    318.638 330.688736     694691   5020.332     629002  0.000e+00
    -1.9303  27.322583    318.705 330.688738     694690   5020.332     629024  0.000e+00
    -1.9302  27.322292    318.809 330.688741     694689   5020.313     629058  0.000e+00
    -1.9303  27.322292    318.985 330.688744     694690   5020.313     629116  0.000e+00
    -1.9301  27.322584    319.192 330.688747     694685   5020.332     629184  0.000e+00
    -1.9301  27.322818    319.403 330.688750     694685   5020.348     629253  0.000e+00
    -1.9300  27.323984    319.625 330.688753     694684   5020.426     629326  0.000e+00
    -1.9300  27.323635    319.850 330.688756     694683   5020.402     629400  0.000e+00
    -1.9299  27.324451    320.106 330.688759     694681   5020.457     629484  0.000e+00
    -1.9298  27.324568    320.359 330.688762     694679   5020.465     629567  0.000e+00
    -1.9296  27.324452    320.578 330.688764     694675   5020.457     629639  0.000e+00
    -1.9294  27.325094    320.767 330.688767     694670   5020.500     629701  0.000e+00
    -1.9293  27.325502    320.992 330.688770     694669   5020.527     629775  0.000e+00
    -1.9291  27.325212    321.224 330.688773     694664   5020.508     629851  0.000e+00
