sbs/tests/resources/orca-test-data/SBE19plus/4794/4794_032_KiM.cnv
* Sea-Bird SBE19plus Data File:
* FileName = C:\Documents and Settings\stevens\Desktop\K131_2007\CTD\4794_032.hex
* Software Version 1.50
* Temperature SN =  4977
* Conductivity SN =  4977
* System UpLoad Time = Nov 27 2007 04:51:18
** K131 McMurdo SeaIce Work
** nov-dec 2007
** using chch plastic ctd
** times are local (NZ daylight savings)
# nquan = 8
# nvalues = 8049                                  
# units = specified
# name 0 = tv290C: Temperature [ITS-90, deg C]
# name 1 = c0mS/cm: Conductivity [mS/cm]
# name 2 = prdM: Pressure, Strain Gauge [db]
# name 3 = timeJ: Julian Days
# name 4 = f0: Frequency 0
# name 5 = f1: Frequency 1
# name 6 = f2: Frequency 2
# name 7 = flag:  0.000e+00
# span 0 =    -3.3088,    -1.9024                 
# span 1 =  -0.000403,  27.376897                 
# span 2 =     -0.274,    359.692                 
# span 3 = 331.174699, 331.197986                 
# span 4 =     694072,     725731                 
# span 5 =   2601.969,   5023.973                 
# span 6 =     524314,     642483                 
# span 7 = 0.0000e+00, 0.0000e+00                 
# interval = seconds: 0.25
# start_time = Nov 27 2007 04:11:34 [Instrument's time stamp, header]
# bad_flag = -9.990e-29
*END*
[from data line 4495]
    -1.9426  27.143423     15.970 331.187705     694963   5008.359     529645  0.000e+00
    -1.9425  27.143132     16.104 331.187708     694962   5008.340     529689  0.000e+00
    -1.9426  27.142203     16.232 331.187711     694963   5008.277     529731  0.000e+00
    -1.9428  27.142610     16.345 331.187714     694968   5008.305     529768  0.000e+00
    -1.9432  27.142494     16.479 331.187717     694976   5008.297     529812  0.000e+00
    -1.9434  27.142088     16.607 331.187720     694982   5008.270     529854  0.000e+00
    -1.9435  27.143308     16.720 331.187723     694984   5008.352     529891  0.000e+00
    -1.9433  27.143948     16.768 331.187726     694979   5008.395     529907  0.000e+00
    -1.9429  27.144762     16.793 331.187729     694969   5008.449     529915  0.000e+00
    -1.9424  27.144123     16.884 331.187731     694959   5008.406     529945  0.000e+00
    -1.9421  27.142902     17.076 331.187734     694952   5008.324     530008  0.000e+00
    -1.9424  27.143601     17.350 331.187737     694959   5008.371     530098  0.000e+00
    -1.9424  27.144473     17.701 331.187740     694958   5008.430     530213  0.000e+00
    -1.9423  27.144997     18.073 331.187743     694956   5008.465     530335  0.000e+00
    -1.9421  27.144243     18.432 331.187746     694953   5008.414     530453  0.000e+00
    -1.9420  27.144709     18.734 331.187749     694950   5008.445     530552  0.000e+00
    -1.9419  27.145523     18.911 331.187752     694948   5008.500     530610  0.000e+00
    -1.9418  27.146046     18.999 331.187755     694946   5008.535     530639  0.000e+00
    -1.9419  27.145000     19.029 331.187758     694948   5008.465     530649  0.000e+00
    -1.9418  27.145814     19.029 331.187760     694946   5008.520     530649  0.000e+00
    -1.9419  27.145291     19.017 331.187763     694947   5008.484     530645  0.000e+00
    -1.9419  27.145291     19.020 331.187766     694947   5008.484     530646  0.000e+00
    -1.9418  27.144709     19.023 331.187769     694945   5008.445     530647  0.000e+00
    -1.9418  27.145291     19.023 331.187772     694945   5008.484     530647  0.000e+00
    -1.9418  27.146046     19.020 331.187775     694946   5008.535     530646  0.000e+00
    -1.9417  27.146104     19.020 331.187778     694944   5008.539     530646  0.000e+00
    -1.9417  27.145000     19.023 331.187781     694944   5008.465     530647  0.000e+00
    -1.9416  27.145814     19.026 331.187784     694942   5008.520     530648  0.000e+00
    -1.9418  27.145814     19.035 331.187786     694946   5008.520     530651  0.000e+00
    -1.9418  27.146104     19.048 331.187789     694945   5008.539     530655  0.000e+00
    -1.9418  27.145814     19.051 331.187792     694946   5008.520     530656  0.000e+00
    -1.9418  27.145581     19.054 331.187795     694945   5008.504     530657  0.000e+00
    -1.9418  27.145000     19.057 331.187798     694945   5008.465     530658  0.000e+00
    -1.9417  27.145523     19.054 331.187801     694944   5008.500     530657  0.000e+00
    -1.9418  27.145814     19.063 331.187804     694945   5008.520     530660  0.000e+00
    -1.9416  27.146046     19.060 331.187807     694941   5008.535     530659  0.000e+00
    -1.9415  27.145000     19.054 331.187810     694940   5008.465     530657  0.000e+00
    -1.9416  27.145291     19.063 331.187813     694941   5008.484     530660  0.000e+00
    -1.9415  27.145814     19.063 331.187815     694940   5008.520     530660  0.000e+00
    -1.9416  27.145523     19.075 331.187818     694941   5008.500     530664  0.000e+00
    -1.9416  27.145291     19.154 331.187821     694941   5008.484     530690  0.000e+00
    -1.9415  27.145582     19.291 331.187824     694940   5008.504     530735  0.000e+00
    -1.9415  27.145524     19.450 331.187827     694940   5008.500     530787  0.000e+00
    -1.9418  27.145292     19.581 331.187830     694945   5008.484     530830  0.000e+00
    -1.9418  27.145815     19.666 331.187833     694946   5008.520     530858  0.000e+00
    -1.9420  27.145292     19.697 331.187836     694949   5008.484     530868  0.000e+00
    -1.9422  27.145292     19.700 331.187839     694955   5008.484     530869  0.000e+00
    -1.9419  27.146048     19.697 331.187841     694948   5008.535     530868  0.000e+00
    -1.9420  27.145583     19.700 331.187844     694950   5008.504     530869  0.000e+00
    -1.9419  27.146339     19.715 331.187847     694948   5008.555     530874  0.000e+00
    -1.9420  27.145816     19.758 331.187850     694950   5008.520     530888  0.000e+00
    -1.9419  27.145293     19.855 331.187853     694947   5008.484     530920  0.000e+00
    -1.9420  27.145293     20.017 331.187856     694949   5008.484     530973  0.000e+00
    -1.9420  27.145294     20.193 331.187859     694950   5008.484     531031  0.000e+00
    -1.9420  27.146399     20.416 331.187862     694951   5008.559     531104  0.000e+00
    -1.9419  27.146864     20.641 331.187865     694948   5008.590     531178  0.000e+00
    -1.9420  27.146341     20.788 331.187867     694951   5008.555     531226  0.000e+00
    -1.9419  27.146690     20.903 331.187870     694948   5008.578     531264  0.000e+00
    -1.9416  27.146865     20.979 331.187873     694942   5008.590     531289  0.000e+00
    -1.9417  27.146981     21.040 331.187876     694943   5008.598     531309  0.000e+00
    -1.9414  27.146342     21.108 331.187879     694936   5008.555     531331  0.000e+00
    -1.9415  27.147505     21.232 331.187882     694940   5008.633     531372  0.000e+00
    -1.9415  27.146866     21.388 331.187885     694939   5008.590     531423  0.000e+00
    -1.9415  27.146576     21.537 331.187888     694938   5008.570     531472  0.000e+00
    -1.9415  27.146402     21.632 331.187891     694938   5008.559     531503  0.000e+00
    -1.9415  27.146576     21.659 331.187894     694939   5008.570     531512  0.000e+00
    -1.9417  27.146402     21.653 331.187896     694943   5008.559     531510  0.000e+00
    -1.9418  27.146344     21.656 331.187899     694945   5008.555     531511  0.000e+00
    -1.9415  27.146692     21.650 331.187902     694940   5008.578     531509  0.000e+00
    -1.9415  27.147099     21.659 331.187905     694940   5008.605     531512  0.000e+00
    -1.9416  27.146867     21.662 331.187908     694941   5008.590     531513  0.000e+00
    -1.9415  27.146402     21.683 331.187911     694940   5008.559     531520  0.000e+00
    -1.9414  27.147100     21.750 331.187914     694937   5008.605     531542  0.000e+00
    -1.9415  27.146693     21.888 331.187917     694938   5008.578     531587  0.000e+00
    -1.9414  27.147100     22.052 331.187920     694936   5008.605     531641  0.000e+00
    -1.9413  27.146985     22.244 331.187922     694934   5008.598     531704  0.000e+00
    -1.9416  27.147392     22.454 331.187925     694942   5008.625     531773  0.000e+00
    -1.9415  27.147799     22.652 331.187928     694940   5008.652     531838  0.000e+00
    -1.9416  27.147683     22.774 331.187931     694942   5008.645     531878  0.000e+00
    -1.9415  27.147102     22.844 331.187934     694940   5008.605     531901  0.000e+00
    -1.9416  27.146986     22.918 331.187937     694941   5008.598     531925  0.000e+00
    -1.9417  27.147103     22.982 331.187940     694944   5008.605     531946  0.000e+00
    -1.9417  27.147219     23.033 331.187943     694944   5008.613     531963  0.000e+00
    -1.9416  27.148207     23.058 331.187946     694942   5008.680     531971  0.000e+00
    -1.9416  27.147510     23.049 331.187948     694942   5008.633     531968  0.000e+00
    -1.9416  27.147917     23.055 331.187951     694941   5008.660     531970  0.000e+00
    -1.9415  27.147684     23.055 331.187954     694939   5008.645     531970  0.000e+00
    -1.9415  27.148382     23.049 331.187957     694940   5008.691     531968  0.000e+00
    -1.9415  27.147684     23.052 331.187960     694938   5008.645     531969  0.000e+00
    -1.9415  27.147800     23.052 331.187963     694940   5008.652     531969  0.000e+00
    -1.9415  27.147394     23.052 331.187966     694938   5008.625     531969  0.000e+00
    -1.9415  27.146987     23.048 331.187969     694938   5008.598     531968  0.000e+00
    -1.9414  27.148207     23.055 331.187972     694937   5008.680     531970  0.000e+00
    -1.9413  27.147684     23.055 331.187975     694935   5008.645     531970  0.000e+00
    -1.9415  27.147510     23.064 331.187977     694939   5008.633     531973  0.000e+00
    -1.9414  27.147394     23.076 331.187980     694937   5008.625     531977  0.000e+00
    -1.9414  27.147510     23.094 331.187983     694936   5008.633     531983  0.000e+00
    -1.9414  27.147394     23.167 331.187986     694936   5008.625     532007  0.000e+00
    -1.9414  27.147220     23.304 331.187989     694937   5008.613     532052  0.000e+00
    -1.9413  27.147685     23.506 331.187992     694935   5008.645     532118  0.000e+00
    -1.9414  27.148093     23.722 331.187995     694937   5008.672     532189  0.000e+00
    -1.9415  27.147686     23.929 331.187998     694939   5008.645     532257  0.000e+00
    -1.9415  27.147106     24.142 331.188001     694940   5008.605     532327  0.000e+00
    -1.9415  27.148908     24.389 331.188003     694938   5008.727     532408  0.000e+00
    -1.9414  27.147398     24.660 331.188006     694936   5008.625     532497  0.000e+00
    -1.9414  27.149491     24.895 331.188009     694936   5008.766     532574  0.000e+00
    -1.9414  27.148445     25.163 331.188012     694937   5008.695     532662  0.000e+00
    -1.9411  27.149202     25.440 331.188015     694931   5008.746     532753  0.000e+00
    -1.9411  27.148970     25.736 331.188018     694930   5008.730     532850  0.000e+00
    -1.9411  27.149494     25.998 331.188021     694930   5008.766     532936  0.000e+00
    -1.9413  27.149495     26.287 331.188024     694935   5008.766     533031  0.000e+00
    -1.9413  27.149786     26.592 331.188027     694934   5008.785     533131  0.000e+00
    -1.9413  27.149787     26.876 331.188030     694934   5008.785     533224  0.000e+00
    -1.9412  27.149264     27.135 331.188032     694933   5008.750     533309  0.000e+00
    -1.9411  27.149497     27.348 331.188035     694930   5008.766     533379  0.000e+00
    -1.9411  27.150021     27.549 331.188038     694929   5008.801     533445  0.000e+00
    -1.9412  27.150545     27.723 331.188041     694932   5008.836     533502  0.000e+00
    -1.9412  27.150022     27.832 331.188044     694933   5008.801     533538  0.000e+00
    -1.9411  27.150313     27.872 331.188047     694931   5008.820     533551  0.000e+00
    -1.9411  27.149789     27.872 331.188050     694930   5008.785     533551  0.000e+00
    -1.9411  27.150313     27.881 331.188053     694930   5008.820     533554  0.000e+00
    -1.9410  27.150022     27.927 331.188056     694928   5008.801     533569  0.000e+00
    -1.9413  27.149499     28.027 331.188058     694934   5008.766     533602  0.000e+00
    -1.9411  27.148918     28.183 331.188061     694930   5008.727     533653  0.000e+00
    -1.9412  27.149500     28.350 331.188064     694932   5008.766     533708  0.000e+00
    -1.9412  27.150547     28.549 331.188067     694933   5008.836     533773  0.000e+00
    -1.9414  27.151419     28.771 331.188070     694936   5008.895     533846  0.000e+00
    -1.9413  27.150315     28.957 331.188073     694934   5008.820     533907  0.000e+00
    -1.9412  27.151188     29.100 331.188076     694932   5008.879     533954  0.000e+00
    -1.9413  27.151362     29.234 331.188079     694934   5008.891     533998  0.000e+00
    -1.9412  27.150898     29.350 331.188082     694932   5008.859     534036  0.000e+00
    -1.9411  27.151130     29.456 331.188084     694931   5008.875     534071  0.000e+00
    -1.9412  27.151131     29.593 331.188087     694932   5008.875     534116  0.000e+00
    -1.9411  27.151189     29.764 331.188090     694931   5008.879     534172  0.000e+00
    -1.9411  27.151655     29.929 331.188093     694931   5008.910     534226  0.000e+00
    -1.9411  27.151423     30.048 331.188096     694929   5008.895     534265  0.000e+00
    -1.9412  27.150842     30.136 331.188099     694933   5008.855     534294  0.000e+00
    -1.9413  27.151191     30.221 331.188102     694934   5008.879     534322  0.000e+00
    -1.9411  27.151656     30.322 331.188105     694931   5008.910     534355  0.000e+00
    -1.9412  27.151133     30.404 331.188108     694933   5008.875     534382  0.000e+00
    -1.9412  27.150610     30.453 331.188111     694933   5008.840     534398  0.000e+00
    -1.9412  27.151133     30.499 331.188113     694933   5008.875     534413  0.000e+00
    -1.9414  27.151192     30.563 331.188116     694936   5008.879     534434  0.000e+00
    -1.9413  27.151134     30.688 331.188119     694935   5008.875     534475  0.000e+00
    -1.9413  27.151715     30.864 331.188122     694935   5008.914     534533  0.000e+00
    -1.9412  27.151658     31.035 331.188125     694932   5008.910     534589  0.000e+00
    -1.9412  27.152007     31.190 331.188128     694932   5008.934     534640  0.000e+00
    -1.9410  27.152705     31.352 331.188131     694928   5008.980     534693  0.000e+00
    -1.9411  27.151891     31.462 331.188134     694930   5008.926     534729  0.000e+00
    -1.9413  27.151427     31.580 331.188137     694934   5008.895     534768  0.000e+00
    -1.9411  27.151369     31.751 331.188139     694931   5008.891     534824  0.000e+00
    -1.9412  27.152009     32.025 331.188142     694933   5008.934     534914  0.000e+00
    -1.9412  27.151894     32.333 331.188145     694932   5008.926     535015  0.000e+00
    -1.9412  27.153697     32.668 331.188148     694933   5009.047     535125  0.000e+00
    -1.9413  27.153233     33.025 331.188151     694935   5009.016     535242  0.000e+00
    -1.9412  27.152420     33.348 331.188154     694933   5008.961     535348  0.000e+00
    -1.9412  27.152304     33.668 331.188157     694933   5008.953     535453  0.000e+00
    -1.9416  27.153758     34.003 331.188160     694942   5009.051     535563  0.000e+00
    -1.9416  27.152829     34.304 331.188163     694942   5008.988     535662  0.000e+00
    -1.9416  27.152713     34.576 331.188166     694942   5008.980     535751  0.000e+00
    -1.9416  27.153993     34.795 331.188168     694942   5009.066     535823  0.000e+00
    -1.9415  27.153993     34.978 331.188171     694940   5009.066     535883  0.000e+00
    -1.9413  27.153994     35.142 331.188174     694935   5009.066     535937  0.000e+00
    -1.9413  27.153122     35.246 331.188177     694935   5009.008     535971  0.000e+00
    -1.9412  27.153238     35.301 331.188180     694933   5009.016     535989  0.000e+00
    -1.9412  27.153994     35.386 331.188183     694932   5009.066     536017  0.000e+00
    -1.9413  27.153472     35.572 331.188186     694935   5009.031     536078  0.000e+00
    -1.9414  27.154519     35.816 331.188189     694937   5009.102     536158  0.000e+00
    -1.9412  27.153996     36.081 331.188192     694933   5009.066     536245  0.000e+00
    -1.9413  27.153706     36.321 331.188194     694934   5009.047     536324  0.000e+00
    -1.9412  27.153998     36.596 331.188197     694933   5009.066     536414  0.000e+00
    -1.9412  27.153998     36.934 331.188200     694933   5009.066     536525  0.000e+00
    -1.9415  27.154232     37.321 331.188203     694939   5009.082     536652  0.000e+00
    -1.9417  27.154582     37.644 331.188206     694944   5009.105     536758  0.000e+00
    -1.9417  27.154524     37.949 331.188209     694944   5009.102     536858  0.000e+00
    -1.9417  27.155106     38.198 331.188212     694943   5009.141     536940  0.000e+00
    -1.9416  27.154816     38.378 331.188215     694942   5009.121     536999  0.000e+00
    -1.9417  27.154584     38.515 331.188218     694943   5009.105     537044  0.000e+00
    -1.9415  27.154817     38.610 331.188220     694940   5009.121     537075  0.000e+00
