sbs/tests/resources/orca-test-data/SBE19plus/4794/4794_033_KiM.cnv
* Sea-Bird SBE19plus Data File:
* FileName = C:\Documents and Settings\stevens\Desktop\K131_2007\CTD\4794_033.hex
* Software Version 1.50
* Temperature SN =  4977
* Conductivity SN =  4977
* System UpLoad Time = Nov 27 2007 05:48:56
** K131 McMurdo SeaIce Work
** nov-dec 2007
** using chch plastic ctd
** times are local (NZ daylight savings)
# nquan = 8
# nvalues = 7724                                  
# units = specified
# name 0 = tv290C: Temperature [ITS-90, deg C]
# name 1 = c0mS/cm: Conductivity [mS/cm]
# name 2 = prdM: Pressure, Strain Gauge [db]
# name 3 = timeJ: Julian Days
# name 4 = f0: Frequency 0
# name 5 = f1: Frequency 1
# name 6 = f2: Frequency 2
# name 7 = flag:  0.000e+00
# span 0 =    -2.6636,    -1.9032                 
# span 1 =  -0.000583,  27.371937                 
# span 2 =     -0.271,    359.196                 
# span 3 = 331.216262, 331.238608                 
# span 4 =     694088,     711093                 
# span 5 =   2601.945,   5023.633                 
# span 6 =     524315,     642320                 
# span 7 = 0.0000e+00, 0.0000e+00                 
# interval = seconds: 0.25
# start_time = Nov 27 2007 05:11:25 [Instrument's time stamp, header]
# bad_flag = -9.990e-29
*END*
[from data line 5034]
    -1.9372  27.210182    150.633 331.230828     694844   5012.820     573844  0.000e+00
    -1.9372  27.210299    150.828 331.230830     694844   5012.828     573908  0.000e+00
    -1.9373  27.210474    151.014 331.230833     694845   5012.840     573969  0.000e+00
    -1.9374  27.210823    151.203 331.230836     694849   5012.863     574031  0.000e+00
    -1.9373  27.211057    151.422 331.230839     694846   5012.879     574103  0.000e+00
    -1.9372  27.210301    151.629 331.230842     694844   5012.828     574171  0.000e+00
    -1.9373  27.211116    151.818 331.230845     694845   5012.883     574233  0.000e+00
    -1.9374  27.211058    152.001 331.230848     694848   5012.879     574293  0.000e+00
    -1.9374  27.211117    152.177 331.230851     694848   5012.883     574351  0.000e+00
    -1.9373  27.211583    152.400 331.230854     694846   5012.914     574424  0.000e+00
    -1.9370  27.211351    152.607 331.230856     694839   5012.898     574492  0.000e+00
    -1.9370  27.211875    152.796 331.230859     694839   5012.934     574554  0.000e+00
    -1.9369  27.212690    152.966 331.230862     694836   5012.988     574610  0.000e+00
    -1.9369  27.212690    153.137 331.230865     694837   5012.988     574666  0.000e+00
    -1.9368  27.212167    153.347 331.230868     694835   5012.953     574735  0.000e+00
    -1.9367  27.211644    153.557 331.230871     694833   5012.918     574804  0.000e+00
    -1.9370  27.211295    153.740 331.230874     694838   5012.895     574864  0.000e+00
    -1.9374  27.211645    153.905 331.230877     694847   5012.918     574918  0.000e+00
    -1.9374  27.211645    154.078 331.230880     694847   5012.918     574975  0.000e+00
    -1.9374  27.212460    154.285 331.230883     694847   5012.973     575043  0.000e+00
    -1.9373  27.212694    154.499 331.230885     694845   5012.988     575113  0.000e+00
    -1.9373  27.212170    154.688 331.230888     694846   5012.953     575175  0.000e+00
    -1.9373  27.212695    154.864 331.230891     694845   5012.988     575233  0.000e+00
    -1.9372  27.212986    155.050 331.230894     694843   5013.008     575294  0.000e+00
    -1.9370  27.212172    155.272 331.230897     694839   5012.953     575367  0.000e+00
    -1.9368  27.213511    155.480 331.230900     694835   5013.043     575435  0.000e+00
    -1.9367  27.212173    155.668 331.230903     694833   5012.953     575497  0.000e+00
    -1.9367  27.213221    155.848 331.230906     694832   5013.023     575556  0.000e+00
    -1.9366  27.212988    156.028 331.230909     694831   5013.008     575615  0.000e+00
    -1.9368  27.213745    156.259 331.230911     694834   5013.059     575691  0.000e+00
    -1.9368  27.213513    156.454 331.230914     694834   5013.043     575755  0.000e+00
    -1.9364  27.214386    156.643 331.230917     694825   5013.102     575817  0.000e+00
    -1.9361  27.215318    156.835 331.230920     694818   5013.164     575880  0.000e+00
    -1.9358  27.214678    157.048 331.230923     694812   5013.121     575950  0.000e+00
    -1.9356  27.215901    157.298 331.230926     694807   5013.203     576032  0.000e+00
    -1.9357  27.215785    157.499 331.230929     694810   5013.195     576098  0.000e+00
    -1.9355  27.215611    157.691 331.230932     694806   5013.184     576161  0.000e+00
    -1.9355  27.215611    157.892 331.230935     694806   5013.184     576227  0.000e+00
    -1.9353  27.215554    158.106 331.230937     694802   5013.180     576297  0.000e+00
    -1.9355  27.215612    158.297 331.230940     694806   5013.184     576360  0.000e+00
    -1.9355  27.215264    158.459 331.230943     694805   5013.160     576413  0.000e+00
    -1.9355  27.215613    158.584 331.230946     694805   5013.184     576454  0.000e+00
    -1.9355  27.215904    158.690 331.230949     694806   5013.203     576489  0.000e+00
    -1.9354  27.215556    158.824 331.230952     694804   5013.180     576533  0.000e+00
    -1.9354  27.215905    158.986 331.230955     694804   5013.203     576586  0.000e+00
    -1.9354  27.216371    159.138 331.230958     694803   5013.234     576636  0.000e+00
    -1.9352  27.216429    159.245 331.230961     694799   5013.238     576671  0.000e+00
    -1.9351  27.217477    159.354 331.230964     694797   5013.309     576707  0.000e+00
    -1.9348  27.216663    159.425 331.230966     694790   5013.254     576730  0.000e+00
    -1.9347  27.216139    159.467 331.230969     694789   5013.219     576744  0.000e+00
    -1.9347  27.216372    159.534 331.230972     694788   5013.234     576766  0.000e+00
    -1.9348  27.216954    159.635 331.230975     694790   5013.273     576799  0.000e+00
    -1.9348  27.216373    159.805 331.230978     694790   5013.234     576855  0.000e+00
    -1.9347  27.217479    160.022 331.230981     694789   5013.309     576926  0.000e+00
    -1.9348  27.216665    160.244 331.230984     694790   5013.254     576999  0.000e+00
    -1.9349  27.217247    160.494 331.230987     694792   5013.293     577081  0.000e+00
    -1.9348  27.216666    160.756 331.230990     694790   5013.254     577167  0.000e+00
    -1.9347  27.217481    161.036 331.230992     694789   5013.309     577259  0.000e+00
    -1.9348  27.217715    161.295 331.230995     694791   5013.324     577344  0.000e+00
    -1.9347  27.217250    161.545 331.230998     694787   5013.293     577426  0.000e+00
    -1.9347  27.219054    161.843 331.231001     694787   5013.414     577524  0.000e+00
    -1.9345  27.219346    162.114 331.231004     694784   5013.434     577613  0.000e+00
    -1.9344  27.218358    162.361 331.231007     694781   5013.367     577694  0.000e+00
    -1.9343  27.218242    162.642 331.231010     694779   5013.359     577786  0.000e+00
    -1.9344  27.218883    162.928 331.231013     694781   5013.402     577880  0.000e+00
    -1.9345  27.218825    163.165 331.231016     694784   5013.398     577958  0.000e+00
    -1.9346  27.219059    163.418 331.231019     694785   5013.414     578041  0.000e+00
    -1.9344  27.219467    163.708 331.231021     694781   5013.441     578136  0.000e+00
    -1.9344  27.219351    163.954 331.231024     694782   5013.434     578217  0.000e+00
    -1.9343  27.220050    164.195 331.231027     694780   5013.480     578296  0.000e+00
    -1.9342  27.220109    164.478 331.231030     694777   5013.484     578389  0.000e+00
    -1.9341  27.219178    164.743 331.231033     694774   5013.422     578476  0.000e+00
    -1.9340  27.220110    164.969 331.231036     694772   5013.484     578550  0.000e+00
    -1.9339  27.219878    165.216 331.231039     694771   5013.469     578631  0.000e+00
    -1.9340  27.220286    165.484 331.231042     694772   5013.496     578719  0.000e+00
    -1.9338  27.220112    165.712 331.231045     694769   5013.484     578794  0.000e+00
    -1.9338  27.219763    165.944 331.231047     694769   5013.461     578870  0.000e+00
    -1.9339  27.220113    166.187 331.231050     694770   5013.484     578950  0.000e+00
    -1.9338  27.221161    166.459 331.231053     694767   5013.555     579039  0.000e+00
    -1.9340  27.220871    166.687 331.231056     694773   5013.535     579114  0.000e+00
    -1.9340  27.220406    166.925 331.231059     694772   5013.504     579192  0.000e+00
    -1.9340  27.221163    167.193 331.231062     694773   5013.555     579280  0.000e+00
    -1.9339  27.220640    167.436 331.231065     694770   5013.520     579360  0.000e+00
    -1.9340  27.221746    167.643 331.231068     694773   5013.594     579428  0.000e+00
    -1.9340  27.221747    167.851 331.231071     694772   5013.594     579496  0.000e+00
    -1.9339  27.221456    168.070 331.231073     694770   5013.574     579568  0.000e+00
    -1.9340  27.221980    168.262 331.231076     694773   5013.609     579631  0.000e+00
    -1.9339  27.221457    168.411 331.231079     694771   5013.574     579680  0.000e+00
    -1.9340  27.221167    168.536 331.231082     694772   5013.555     579721  0.000e+00
    -1.9340  27.221167    168.643 331.231085     694773   5013.555     579756  0.000e+00
    -1.9339  27.222273    168.761 331.231088     694770   5013.629     579795  0.000e+00
    -1.9339  27.221749    168.902 331.231091     694771   5013.594     579841  0.000e+00
    -1.9341  27.221983    169.057 331.231094     694774   5013.609     579892  0.000e+00
    -1.9339  27.221983    169.173 331.231097     694770   5013.609     579930  0.000e+00
    -1.9339  27.222274    169.276 331.231100     694771   5013.629     579964  0.000e+00
    -1.9340  27.222565    169.349 331.231102     694773   5013.648     579988  0.000e+00
    -1.9340  27.222274    169.380 331.231105     694773   5013.629     579998  0.000e+00
    -1.9341  27.221751    169.389 331.231108     694774   5013.594     580001  0.000e+00
    -1.9341  27.221983    169.392 331.231111     694774   5013.609     580002  0.000e+00
    -1.9340  27.222507    169.392 331.231114     694772   5013.645     580002  0.000e+00
    -1.9339  27.221983    169.395 331.231117     694771   5013.609     580003  0.000e+00
    -1.9339  27.221983    169.432 331.231120     694771   5013.609     580015  0.000e+00
    -1.9340  27.222275    169.547 331.231123     694772   5013.629     580053  0.000e+00
    -1.9340  27.221984    169.736 331.231126     694772   5013.609     580115  0.000e+00
    -1.9340  27.221985    169.971 331.231128     694772   5013.609     580192  0.000e+00
    -1.9342  27.221171    170.242 331.231131     694777   5013.555     580281  0.000e+00
    -1.9345  27.222277    170.525 331.231134     694783   5013.629     580374  0.000e+00
    -1.9346  27.220882    170.839 331.231137     694785   5013.535     580477  0.000e+00
    -1.9349  27.222512    171.128 331.231140     694793   5013.645     580572  0.000e+00
    -1.9346  27.223036    171.378 331.231143     694786   5013.680     580654  0.000e+00
    -1.9344  27.222862    171.668 331.231146     694782   5013.668     580749  0.000e+00
    -1.9343  27.223561    171.902 331.231149     694778   5013.715     580826  0.000e+00
    -1.9343  27.223154    172.064 331.231152     694778   5013.688     580879  0.000e+00
    -1.9341  27.223562    172.198 331.231155     694774   5013.715     580923  0.000e+00
    -1.9342  27.224086    172.295 331.231157     694777   5013.750     580955  0.000e+00
    -1.9342  27.223155    172.399 331.231160     694776   5013.688     580989  0.000e+00
    -1.9342  27.223039    172.530 331.231163     694776   5013.680     581032  0.000e+00
    -1.9343  27.223156    172.691 331.231166     694779   5013.688     581085  0.000e+00
    -1.9343  27.223563    172.825 331.231169     694780   5013.715     581129  0.000e+00
    -1.9343  27.224262    172.968 331.231172     694779   5013.762     581176  0.000e+00
    -1.9342  27.223855    173.182 331.231175     694776   5013.734     581246  0.000e+00
    -1.9343  27.223565    173.398 331.231178     694780   5013.715     581317  0.000e+00
    -1.9345  27.225079    173.651 331.231181     694783   5013.816     581400  0.000e+00
    -1.9345  27.223566    173.907 331.231183     694783   5013.715     581484  0.000e+00
    -1.9345  27.223974    174.135 331.231186     694784   5013.742     581559  0.000e+00
    -1.9345  27.224382    174.400 331.231189     694784   5013.770     581646  0.000e+00
    -1.9345  27.224674    174.671 331.231192     694784   5013.789     581735  0.000e+00
    -1.9343  27.224558    174.894 331.231195     694780   5013.781     581808  0.000e+00
    -1.9343  27.224908    175.113 331.231198     694779   5013.805     581880  0.000e+00
    -1.9345  27.224559    175.332 331.231201     694783   5013.781     581952  0.000e+00
    -1.9345  27.225200    175.585 331.231204     694783   5013.824     582035  0.000e+00
    -1.9344  27.224560    175.792 331.231207     694782   5013.781     582103  0.000e+00
    -1.9344  27.225201    175.981 331.231209     694781   5013.824     582165  0.000e+00
    -1.9343  27.224911    176.173 331.231212     694778   5013.805     582228  0.000e+00
    -1.9343  27.225377    176.362 331.231215     694778   5013.836     582290  0.000e+00
    -1.9343  27.224388    176.578 331.231218     694778   5013.770     582361  0.000e+00
    -1.9343  27.224796    176.761 331.231221     694780   5013.797     582421  0.000e+00
    -1.9346  27.224913    176.928 331.231224     694786   5013.805     582476  0.000e+00
    -1.9347  27.224098    177.081 331.231227     694788   5013.750     582526  0.000e+00
    -1.9350  27.225670    177.218 331.231230     694795   5013.855     582571  0.000e+00
    -1.9352  27.224390    177.388 331.231233     694798   5013.770     582627  0.000e+00
    -1.9352  27.225089    177.562 331.231236     694798   5013.816     582684  0.000e+00
    -1.9352  27.225438    177.669 331.231238     694799   5013.840     582719  0.000e+00
    -1.9350  27.225438    177.760 331.231241     694795   5013.840     582749  0.000e+00
    -1.9347  27.225962    177.833 331.231244     694789   5013.875     582773  0.000e+00
    -1.9348  27.226253    177.854 331.231247     694791   5013.895     582780  0.000e+00
    -1.9348  27.224799    177.848 331.231250     694790   5013.797     582778  0.000e+00
    -1.9348  27.225206    177.851 331.231253     694791   5013.824     582779  0.000e+00
    -1.9348  27.225671    177.854 331.231256     694791   5013.855     582780  0.000e+00
    -1.9349  27.225206    177.851 331.231259     694792   5013.824     582779  0.000e+00
    -1.9349  27.224915    177.857 331.231262     694793   5013.805     582781  0.000e+00
    -1.9351  27.225381    177.857 331.231264     694797   5013.836     582781  0.000e+00
    -1.9350  27.224915    177.931 331.231267     694795   5013.805     582805  0.000e+00
    -1.9351  27.225672    178.077 331.231270     694797   5013.855     582853  0.000e+00
    -1.9352  27.224683    178.260 331.231273     694798   5013.789     582913  0.000e+00
    -1.9355  27.223578    178.503 331.231276     694806   5013.715     582993  0.000e+00
    -1.9361  27.223404    178.726 331.231279     694820   5013.703     583066  0.000e+00
    -1.9368  27.223871    178.921 331.231282     694834   5013.734     583130  0.000e+00
    -1.9369  27.223406    179.143 331.231285     694837   5013.703     583203  0.000e+00
    -1.9372  27.224395    179.356 331.231288     694843   5013.770     583273  0.000e+00
    -1.9372  27.223989    179.606 331.231291     694843   5013.742     583355  0.000e+00
    -1.9370  27.224397    179.801 331.231293     694840   5013.770     583419  0.000e+00
    -1.9371  27.225212    180.002 331.231296     694842   5013.824     583485  0.000e+00
    -1.9369  27.224281    180.209 331.231299     694836   5013.762     583553  0.000e+00
    -1.9369  27.226260    180.441 331.231302     694836   5013.895     583629  0.000e+00
    -1.9366  27.225388    180.660 331.231305     694831   5013.836     583701  0.000e+00
    -1.9366  27.224923    180.837 331.231308     694831   5013.805     583759  0.000e+00
    -1.9366  27.225447    181.029 331.231311     694831   5013.840     583822  0.000e+00
    -1.9367  27.226262    181.230 331.231314     694833   5013.895     583888  0.000e+00
    -1.9365  27.226496    181.458 331.231317     694829   5013.910     583963  0.000e+00
    -1.9367  27.225391    181.662 331.231319     694833   5013.836     584030  0.000e+00
    -1.9370  27.225217    181.851 331.231322     694838   5013.824     584092  0.000e+00
    -1.9370  27.225101    182.037 331.231325     694838   5013.816     584153  0.000e+00
    -1.9370  27.225974    182.259 331.231328     694839   5013.875     584226  0.000e+00
    -1.9370  27.225451    182.497 331.231331     694838   5013.840     584304  0.000e+00
    -1.9370  27.226266    182.686 331.231334     694840   5013.895     584366  0.000e+00
    -1.9369  27.226267    182.862 331.231337     694837   5013.895     584424  0.000e+00
    -1.9370  27.226267    183.024 331.231340     694838   5013.895     584477  0.000e+00
    -1.9369  27.225977    183.194 331.231343     694837   5013.875     584533  0.000e+00
