sbs/tests/resources/orca-test-data/SBE19plus/4794/4794_022_KiM.cnv
* Sea-Bird SBE19plus Data File:
* FileName = C:\Documents and Settings\stevens\Desktop\K131_2007\CTD\4794_022.hex
* Software Version 1.50
* Temperature SN =  4977
* Conductivity SN =  4977
* System UpLoad Time = Nov 26 2007 19:45:27
** K131 McMurdo SeaIce Work
** nov-dec 2007
** using chch plastic ctd
** times are local (NZ daylight savings)
# nquan = 8
# nvalues = 6570                                  
# units = specified
# name 0 = tv290C: Temperature [ITS-90, deg C]
# name 1 = c0mS/cm: Conductivity [mS/cm]
# name 2 = prdM: Pressure, Strain Gauge [db]
# name 3 = timeJ: Julian Days
# name 4 = f0: Frequency 0
# name 5 = f1: Frequency 1
# name 6 = f2: Frequency 2
# name 7 = flag:  0.000e+00
# span 0 =    -4.2181,    -1.9055                 
# span 1 =   0.048941,  27.377419                 
# span 2 =     -0.283,    362.336                 
# span 3 = 330.801655, 330.820663                 
# span 4 =     694139,     746682                 
# span 5 =   2608.367,   5024.000                 
# span 6 =     524311,     643352                 
# span 7 = 0.0000e+00, 0.0000e+00                 
# interval = seconds: 0.25
# start_time = Nov 26 2007 19:14:23 [Instrument's time stamp, header]
# bad_flag = -9.990e-29
*END*
[from data line 3956]
    -1.9497  27.207428    165.240 330.813102     695120   5012.633     578639  0.000e+00
    -1.9495  27.207138    165.419 330.813105     695116   5012.613     578698  0.000e+00
    -1.9496  27.207720    165.614 330.813108     695119   5012.652     578762  0.000e+00
    -1.9496  27.208012    165.803 330.813111     695119   5012.672     578824  0.000e+00
    -1.9495  27.207954    165.962 330.813113     695116   5012.668     578876  0.000e+00
    -1.9496  27.207431    166.093 330.813116     695118   5012.633     578919  0.000e+00
    -1.9495  27.208304    166.254 330.813119     695117   5012.691     578972  0.000e+00
    -1.9496  27.207955    166.461 330.813122     695118   5012.668     579040  0.000e+00
    -1.9495  27.208014    166.675 330.813125     695116   5012.672     579110  0.000e+00
    -1.9496  27.207724    166.876 330.813128     695119   5012.652     579176  0.000e+00
    -1.9496  27.208015    167.067 330.813131     695118   5012.672     579239  0.000e+00
    -1.9495  27.208481    167.281 330.813134     695117   5012.703     579309  0.000e+00
    -1.9496  27.207958    167.530 330.813137     695118   5012.668     579391  0.000e+00
    -1.9497  27.208017    167.759 330.813139     695121   5012.672     579466  0.000e+00
    -1.9495  27.207959    167.960 330.813142     695117   5012.668     579532  0.000e+00
    -1.9496  27.208832    168.161 330.813145     695119   5012.727     579598  0.000e+00
    -1.9495  27.208484    168.417 330.813148     695116   5012.703     579682  0.000e+00
    -1.9496  27.209299    168.667 330.813151     695118   5012.758     579764  0.000e+00
    -1.9496  27.208834    168.889 330.813154     695118   5012.727     579837  0.000e+00
    -1.9495  27.209009    169.096 330.813157     695117   5012.738     579905  0.000e+00
    -1.9495  27.209417    169.352 330.813160     695116   5012.766     579989  0.000e+00
    -1.9496  27.209534    169.620 330.813163     695119   5012.773     580077  0.000e+00
    -1.9495  27.209419    169.870 330.813166     695117   5012.766     580159  0.000e+00
    -1.9496  27.209826    170.120 330.813168     695118   5012.793     580241  0.000e+00
    -1.9495  27.209304    170.424 330.813171     695117   5012.758     580341  0.000e+00
    -1.9495  27.209712    170.693 330.813174     695117   5012.785     580429  0.000e+00
    -1.9495  27.210352    170.930 330.813177     695116   5012.828     580507  0.000e+00
    -1.9495  27.210527    171.210 330.813180     695117   5012.840     580599  0.000e+00
    -1.9494  27.209830    171.503 330.813183     695115   5012.793     580695  0.000e+00
    -1.9494  27.210645    171.719 330.813186     695114   5012.848     580766  0.000e+00
    -1.9496  27.210529    171.890 330.813189     695118   5012.840     580822  0.000e+00
    -1.9495  27.210355    172.069 330.813192     695117   5012.828     580881  0.000e+00
    -1.9496  27.210530    172.307 330.813194     695118   5012.840     580959  0.000e+00
    -1.9496  27.211171    172.526 330.813197     695118   5012.883     581031  0.000e+00
    -1.9495  27.211637    172.755 330.813200     695116   5012.914     581106  0.000e+00
    -1.9494  27.211405    173.002 330.813203     695114   5012.898     581187  0.000e+00
    -1.9496  27.211696    173.273 330.813206     695118   5012.918     581276  0.000e+00
    -1.9494  27.211639    173.583 330.813209     695115   5012.914     581378  0.000e+00
    -1.9494  27.211698    173.851 330.813212     695115   5012.918     581466  0.000e+00
    -1.9495  27.211931    174.162 330.813215     695116   5012.934     581568  0.000e+00
    -1.9493  27.211699    174.485 330.813218     695113   5012.918     581674  0.000e+00
    -1.9495  27.212224    174.726 330.813220     695116   5012.953     581753  0.000e+00
    -1.9494  27.212224    174.954 330.813223     695114   5012.953     581828  0.000e+00
    -1.9494  27.212225    175.237 330.813226     695115   5012.953     581921  0.000e+00
    -1.9494  27.212517    175.503 330.813229     695114   5012.973     582008  0.000e+00
    -1.9495  27.211935    175.731 330.813232     695116   5012.934     582083  0.000e+00
    -1.9494  27.211936    175.981 330.813235     695114   5012.934     582165  0.000e+00
    -1.9494  27.213042    176.276 330.813238     695115   5013.008     582262  0.000e+00
    -1.9494  27.213043    176.550 330.813241     695115   5013.008     582352  0.000e+00
    -1.9492  27.213044    176.797 330.813244     695110   5013.008     582433  0.000e+00
    -1.9494  27.212463    177.071 330.813247     695115   5012.969     582523  0.000e+00
    -1.9494  27.213918    177.367 330.813249     695115   5013.066     582620  0.000e+00
    -1.9496  27.213279    177.617 330.813252     695118   5013.023     582702  0.000e+00
    -1.9495  27.213337    177.848 330.813255     695116   5013.027     582778  0.000e+00
    -1.9493  27.213280    178.125 330.813258     695113   5013.023     582869  0.000e+00
    -1.9495  27.214328    178.418 330.813261     695117   5013.094     582965  0.000e+00
    -1.9493  27.213921    178.683 330.813264     695113   5013.066     583052  0.000e+00
    -1.9494  27.214097    178.966 330.813267     695115   5013.078     583145  0.000e+00
    -1.9492  27.214737    179.295 330.813270     695111   5013.121     583253  0.000e+00
    -1.9492  27.215145    179.591 330.813273     695109   5013.148     583350  0.000e+00
    -1.9491  27.214622    179.859 330.813275     695107   5013.113     583438  0.000e+00
    -1.9491  27.215322    180.182 330.813278     695107   5013.160     583544  0.000e+00
    -1.9490  27.215148    180.477 330.813281     695105   5013.148     583641  0.000e+00
    -1.9490  27.214741    180.718 330.813284     695106   5013.121     583720  0.000e+00
    -1.9491  27.215964    180.992 330.813287     695107   5013.203     583810  0.000e+00
    -1.9490  27.215034    181.303 330.813290     695106   5013.141     583912  0.000e+00
    -1.9489  27.214860    181.546 330.813293     695103   5013.129     583992  0.000e+00
    -1.9490  27.215151    181.787 330.813296     695105   5013.148     584071  0.000e+00
    -1.9490  27.215617    182.079 330.813299     695105   5013.180     584167  0.000e+00
    -1.9490  27.215967    182.353 330.813302     695105   5013.203     584257  0.000e+00
    -1.9489  27.216142    182.576 330.813304     695104   5013.215     584330  0.000e+00
    -1.9491  27.217016    182.844 330.813307     695107   5013.273     584418  0.000e+00
    -1.9491  27.216726    183.139 330.813310     695108   5013.254     584515  0.000e+00
    -1.9490  27.216144    183.389 330.813313     695106   5013.215     584597  0.000e+00
    -1.9491  27.216727    183.636 330.813316     695108   5013.254     584678  0.000e+00
    -1.9490  27.216437    183.907 330.813319     695106   5013.234     584767  0.000e+00
    -1.9490  27.217252    184.199 330.813322     695106   5013.289     584863  0.000e+00
    -1.9490  27.217311    184.449 330.813325     695105   5013.293     584945  0.000e+00
    -1.9489  27.217021    184.717 330.813328     695104   5013.273     585033  0.000e+00
    -1.9490  27.218069    185.016 330.813330     695106   5013.344     585131  0.000e+00
    -1.9489  27.217546    185.320 330.813333     695103   5013.309     585231  0.000e+00
    -1.9489  27.217256    185.579 330.813336     695103   5013.289     585316  0.000e+00
    -1.9489  27.217547    185.890 330.813339     695103   5013.309     585418  0.000e+00
    -1.9489  27.217257    186.210 330.813342     695103   5013.289     585523  0.000e+00
    -1.9488  27.217258    186.466 330.813345     695102   5013.289     585607  0.000e+00
    -1.9488  27.217317    186.740 330.813348     695100   5013.293     585697  0.000e+00
    -1.9489  27.218307    187.048 330.813351     695104   5013.359     585798  0.000e+00
    -1.9489  27.218133    187.313 330.813354     695103   5013.348     585885  0.000e+00
    -1.9490  27.218599    187.565 330.813356     695105   5013.379     585968  0.000e+00
    -1.9490  27.218425    187.861 330.813359     695106   5013.367     586065  0.000e+00
    -1.9489  27.218601    188.153 330.813362     695104   5013.379     586161  0.000e+00
    -1.9491  27.218892    188.409 330.813365     695107   5013.398     586245  0.000e+00
    -1.9490  27.218951    188.690 330.813368     695106   5013.402     586337  0.000e+00
    -1.9490  27.218894    189.003 330.813371     695106   5013.398     586440  0.000e+00
    -1.9489  27.218429    189.265 330.813374     695104   5013.367     586526  0.000e+00
    -1.9489  27.219128    189.527 330.813377     695103   5013.414     586612  0.000e+00
    -1.9492  27.218605    189.847 330.813380     695109   5013.379     586717  0.000e+00
    -1.9497  27.218722    190.155 330.813383     695120   5013.387     586818  0.000e+00
    -1.9503  27.219421    190.398 330.813385     695135   5013.434     586898  0.000e+00
    -1.9507  27.219538    190.703 330.813388     695143   5013.441     586998  0.000e+00
    -1.9500  27.219655    191.020 330.813391     695127   5013.449     587102  0.000e+00
    -1.9493  27.220354    191.267 330.813394     695113   5013.496     587183  0.000e+00
    -1.9492  27.220471    191.525 330.813397     695109   5013.504     587268  0.000e+00
    -1.9491  27.219658    191.839 330.813400     695107   5013.449     587371  0.000e+00
    -1.9490  27.220647    192.095 330.813403     695105   5013.516     587455  0.000e+00
    -1.9488  27.219659    192.342 330.813406     695102   5013.449     587536  0.000e+00
    -1.9493  27.218961    192.622 330.813409     695112   5013.402     587628  0.000e+00
    -1.9503  27.218904    192.908 330.813411     695134   5013.398     587722  0.000e+00
    -1.9518  27.218090    193.146 330.813414     695168   5013.344     587800  0.000e+00
    -1.9531  27.218149    193.390 330.813417     695196   5013.348     587880  0.000e+00
    -1.9538  27.218324    193.670 330.813420     695213   5013.359     587972  0.000e+00
    -1.9542  27.217860    193.932 330.813423     695220   5013.328     588058  0.000e+00
    -1.9544  27.217802    194.173 330.813426     695225   5013.324     588137  0.000e+00
    -1.9550  27.216756    194.438 330.813429     695238   5013.254     588224  0.000e+00
    -1.9553  27.218618    194.733 330.813432     695246   5013.379     588321  0.000e+00
    -1.9555  27.218328    194.968 330.813435     695249   5013.359     588398  0.000e+00
    -1.9559  27.218736    195.193 330.813438     695258   5013.387     588472  0.000e+00
    -1.9558  27.219435    195.473 330.813440     695257   5013.434     588564  0.000e+00
    -1.9559  27.218155    195.729 330.813443     695259   5013.348     588648  0.000e+00
    -1.9557  27.218331    195.961 330.813446     695255   5013.359     588724  0.000e+00
    -1.9559  27.218622    196.207 330.813449     695258   5013.379     588805  0.000e+00
    -1.9558  27.218972    196.509 330.813452     695257   5013.402     588904  0.000e+00
    -1.9557  27.219438    196.780 330.813455     695254   5013.434     588993  0.000e+00
    -1.9558  27.220137    197.042 330.813458     695257   5013.480     589079  0.000e+00
    -1.9556  27.220196    197.374 330.813461     695253   5013.484     589188  0.000e+00
    -1.9556  27.220139    197.676 330.813464     695251   5013.480     589287  0.000e+00
    -1.9556  27.220198    197.947 330.813466     695252   5013.484     589376  0.000e+00
    -1.9556  27.220489    198.270 330.813469     695253   5013.504     589482  0.000e+00
    -1.9555  27.221247    198.589 330.813472     695250   5013.555     589587  0.000e+00
    -1.9555  27.221015    198.842 330.813475     695249   5013.539     589670  0.000e+00
    -1.9554  27.222354    199.141 330.813478     695248   5013.629     589768  0.000e+00
    -1.9554  27.222587    199.451 330.813481     695248   5013.645     589870  0.000e+00
    -1.9551  27.222064    199.686 330.813484     695242   5013.609     589947  0.000e+00
    -1.9553  27.222065    199.951 330.813487     695246   5013.609     590034  0.000e+00
    -1.9552  27.222357    200.280 330.813490     695243   5013.629     590142  0.000e+00
    -1.9553  27.222939    200.502 330.813492     695245   5013.668     590215  0.000e+00
    -1.9552  27.222882    200.743 330.813495     695244   5013.664     590294  0.000e+00
    -1.9553  27.223464    201.045 330.813498     695245   5013.703     590393  0.000e+00
    -1.9552  27.223116    201.297 330.813501     695243   5013.680     590476  0.000e+00
    -1.9551  27.223931    201.514 330.813504     695242   5013.734     590547  0.000e+00
    -1.9551  27.223233    201.794 330.813507     695240   5013.688     590639  0.000e+00
    -1.9551  27.223118    202.080 330.813510     695240   5013.680     590733  0.000e+00
    -1.9551  27.223468    202.309 330.813513     695240   5013.703     590808  0.000e+00
    -1.9551  27.223643    202.565 330.813516     695240   5013.715     590892  0.000e+00
    -1.9549  27.224458    202.869 330.813519     695237   5013.770     590992  0.000e+00
    -1.9549  27.224633    203.134 330.813521     695236   5013.781     591079  0.000e+00
    -1.9550  27.224983    203.369 330.813524     695238   5013.805     591156  0.000e+00
    -1.9549  27.224868    203.661 330.813527     695237   5013.797     591252  0.000e+00
    -1.9549  27.225276    203.954 330.813530     695236   5013.824     591348  0.000e+00
    -1.9548  27.226033    204.206 330.813533     695234   5013.875     591431  0.000e+00
    -1.9546  27.226324    204.462 330.813536     695230   5013.895     591515  0.000e+00
    -1.9545  27.225802    204.776 330.813539     695228   5013.859     591618  0.000e+00
    -1.9545  27.226326    205.032 330.813542     695227   5013.895     591702  0.000e+00
    -1.9544  27.227374    205.272 330.813545     695225   5013.965     591781  0.000e+00
    -1.9542  27.226851    205.568 330.813547     695221   5013.930     591878  0.000e+00
    -1.9543  27.227376    205.860 330.813550     695223   5013.965     591974  0.000e+00
    -1.9541  27.227900    206.086 330.813553     695219   5014.000     592048  0.000e+00
    -1.9540  27.227726    206.345 330.813556     695217   5013.988     592133  0.000e+00
    -1.9539  27.227901    206.637 330.813559     695215   5014.000     592229  0.000e+00
    -1.9538  27.228251    206.887 330.813562     695213   5014.023     592311  0.000e+00
    -1.9539  27.228193    207.103 330.813565     695215   5014.020     592382  0.000e+00
    -1.9539  27.228427    207.383 330.813568     695214   5014.035     592474  0.000e+00
    -1.9540  27.229126    207.658 330.813571     695216   5014.082     592564  0.000e+00
    -1.9538  27.228719    207.874 330.813573     695213   5014.055     592635  0.000e+00
    -1.9538  27.229127    208.102 330.813576     695213   5014.082     592710  0.000e+00
    -1.9539  27.229477    208.392 330.813579     695215   5014.105     592805  0.000e+00
    -1.9538  27.229129    208.644 330.813582     695211   5014.082     592888  0.000e+00
    -1.9538  27.229478    208.861 330.813585     695212   5014.105     592959  0.000e+00
    -1.9538  27.229479    209.095 330.813588     695212   5014.105     593036  0.000e+00
    -1.9536  27.229945    209.363 330.813591     695208   5014.137     593124  0.000e+00
    -1.9536  27.230819    209.598 330.813594     695207   5014.195     593201  0.000e+00
    -1.9534  27.230819    209.793 330.813597     695204   5014.195     593265  0.000e+00
    -1.9534  27.231111    209.988 330.813600     695204   5014.215     593329  0.000e+00
    -1.9533  27.230296    210.222 330.813602     695201   5014.160     593406  0.000e+00
    -1.9532  27.231636    210.460 330.813605     695199   5014.250     593484  0.000e+00
    -1.9532  27.230821    210.649 330.813608     695198   5014.195     593546  0.000e+00
    -1.9532  27.231637    210.835 330.813611     695198   5014.250     593607  0.000e+00
    -1.9530  27.231870    211.042 330.813614     695194   5014.266     593675  0.000e+00
