sbs/tests/resources/orca-test-data/SBE19plus/4794/4794_032_KiM.cnv
* Sea-Bird SBE19plus Data File:
* FileName = C:\Documents and Settings\stevens\Desktop\K131_2007\CTD\4794_032.hex
* Software Version 1.50
* Temperature SN =  4977
* Conductivity SN =  4977
* System UpLoad Time = Nov 27 2007 04:51:18
** K131 McMurdo SeaIce Work
** nov-dec 2007
** using chch plastic ctd
** times are local (NZ daylight savings)
# nquan = 8
# nvalues = 8049                                  
# units = specified
# name 0 = tv290C: Temperature [ITS-90, deg C]
# name 1 = c0mS/cm: Conductivity [mS/cm]
# name 2 = prdM: Pressure, Strain Gauge [db]
# name 3 = timeJ: Julian Days
# name 4 = f0: Frequency 0
# name 5 = f1: Frequency 1
# name 6 = f2: Frequency 2
# name 7 = flag:  0.000e+00
# span 0 =    -3.3088,    -1.9024                 
# span 1 =  -0.000403,  27.376897                 
# span 2 =     -0.274,    359.692                 
# span 3 = 331.174699, 331.197986                 
# span 4 =     694072,     725731                 
# span 5 =   2601.969,   5023.973                 
# span 6 =     524314,     642483                 
# span 7 = 0.0000e+00, 0.0000e+00                 
# interval = seconds: 0.25
# start_time = Nov 27 2007 04:11:34 [Instrument's time stamp, header]
# bad_flag = -9.990e-29
*END*
[from data line 540]
    -2.0622  15.637969    154.692 331.176262     697623   4162.918     575178  0.000e+00
    -2.0626  15.639946    154.652 331.176264     697630   4163.078     575165  0.000e+00
    -2.0629  15.642453    154.609 331.176267     697637   4163.281     575151  0.000e+00
    -2.0632  15.645298    154.573 331.176270     697644   4163.512     575139  0.000e+00
    -2.0631  15.646937    154.530 331.176273     697642   4163.645     575125  0.000e+00
    -2.0631  15.648866    154.491 331.176276     697643   4163.801     575112  0.000e+00
    -2.0632  15.651808    154.448 331.176279     697645   4164.039     575098  0.000e+00
    -2.0634  15.653833    154.412 331.176282     697649   4164.203     575086  0.000e+00
    -2.0635  15.655858    154.363 331.176285     697651   4164.367     575070  0.000e+00
    -2.0636  15.658222    154.320 331.176288     697653   4164.559     575056  0.000e+00
    -2.0638  15.660151    154.277 331.176291     697657   4164.715     575042  0.000e+00
    -2.0640  15.662177    154.235 331.176293     697661   4164.879     575028  0.000e+00
    -2.0641  15.664829    154.192 331.176296     697665   4165.094     575014  0.000e+00
    -2.0642  15.666952    154.156 331.176299     697667   4165.266     575002  0.000e+00
    -2.0644  15.668930    154.107 331.176302     697671   4165.426     574986  0.000e+00
    -2.0645  15.671438    154.061 331.176305     697673   4165.629     574971  0.000e+00
    -2.0648  15.673561    154.022 331.176308     697679   4165.801     574958  0.000e+00
    -2.0650  15.676118    153.982 331.176311     697684   4166.008     574945  0.000e+00
    -2.0650  15.677999    153.930 331.176314     697685   4166.160     574928  0.000e+00
    -2.0653  15.679833    153.888 331.176317     697691   4166.309     574914  0.000e+00
    -2.0654  15.682342    153.839 331.176319     697693   4166.512     574898  0.000e+00
    -2.0656  15.684658    153.790 331.176322     697698   4166.699     574882  0.000e+00
    -2.0658  15.686878    153.860 331.176325     697703   4166.879     574905  0.000e+00
    -2.0660  15.688765    157.315 331.176328     697706   4167.031     576039  0.000e+00
    -2.0660  15.691137    162.018 331.176331     697707   4167.223     577583  0.000e+00
    -2.0662  15.693841    163.060 331.176334     697711   4167.441     577925  0.000e+00
    -2.0663  15.695627    162.938 331.176337     697713   4167.586     577885  0.000e+00
    -2.0663  15.697751    162.823 331.176340     697714   4167.758     577847  0.000e+00
    -2.0664  15.699874    162.725 331.176343     697716   4167.930     577815  0.000e+00
    -2.0665  15.702722    162.643 331.176345     697717   4168.160     577788  0.000e+00
    -2.0665  15.704556    162.552 331.176348     697718   4168.309     577758  0.000e+00
    -2.0666  15.706922    162.469 331.176351     697720   4168.500     577731  0.000e+00
    -2.0666  15.709674    162.378 331.176354     697721   4168.723     577701  0.000e+00
    -2.0666  15.712184    162.299 331.176357     697720   4168.926     577675  0.000e+00
    -2.0667  15.714308    162.229 331.176360     697723   4169.098     577652  0.000e+00
    -2.0667  15.716481    162.146 331.176363     697723   4169.273     577625  0.000e+00
    -2.0670  15.718944    162.073 331.176366     697729   4169.473     577601  0.000e+00
    -2.0671  15.721358    161.997 331.176369     697732   4169.668     577576  0.000e+00
    -2.0672  15.723483    161.924 331.176372     697734   4169.840     577552  0.000e+00
    -2.0674  15.725849    161.854 331.176374     697738   4170.031     577529  0.000e+00
    -2.0676  15.727974    161.790 331.176377     697743   4170.203     577508  0.000e+00
    -2.0678  15.730147    161.723 331.176380     697746   4170.379     577486  0.000e+00
    -2.0681  15.732079    161.653 331.176383     697753   4170.535     577463  0.000e+00
    -2.0682  15.734639    161.589 331.176386     697755   4170.742     577442  0.000e+00
    -2.0683  15.736957    161.528 331.176389     697757   4170.930     577422  0.000e+00
    -2.0684  15.738938    161.458 331.176392     697760   4171.090     577399  0.000e+00
    -2.0688  15.741353    161.391 331.176395     697768   4171.285     577377  0.000e+00
    -2.0687  15.744397    161.330 331.176398     697766   4171.531     577357  0.000e+00
    -2.0690  15.746184    161.260 331.176400     697773   4171.676     577334  0.000e+00
    -2.0692  15.748310    161.199 331.176403     697777   4171.848     577314  0.000e+00
    -2.0693  15.750484    161.141 331.176406     697780   4172.023     577295  0.000e+00
    -2.0693  15.752803    161.083 331.176409     697781   4172.211     577276  0.000e+00
    -2.0696  15.754784    161.013 331.176412     697787   4172.371     577253  0.000e+00
    -2.0697  15.757249    160.952 331.176415     697790   4172.570     577233  0.000e+00
    -2.0698  15.759471    160.891 331.176418     697792   4172.750     577213  0.000e+00
    -2.0700  15.761791    160.837 331.176421     697795   4172.938     577195  0.000e+00
    -2.0701  15.764159    160.782 331.176424     697799   4173.129     577177  0.000e+00
    -2.0703  15.766286    160.727 331.176427     697803   4173.301     577159  0.000e+00
    -2.0704  15.768847    160.663 331.176429     697805   4173.508     577138  0.000e+00
    -2.0706  15.770829    160.614 331.176432     697810   4173.668     577122  0.000e+00
    -2.0708  15.772956    160.553 331.176435     697814   4173.840     577102  0.000e+00
    -2.0710  15.774938    160.502 331.176438     697818   4174.000     577085  0.000e+00
    -2.0710  15.777451    160.444 331.176441     697819   4174.203     577066  0.000e+00
    -2.0713  15.779917    160.395 331.176444     697825   4174.402     577050  0.000e+00
    -2.0716  15.782382    160.340 331.176447     697831   4174.602     577032  0.000e+00
    -2.0716  15.784510    160.279 331.176450     697832   4174.773     577012  0.000e+00
    -2.0717  15.786685    160.224 331.176453     697834   4174.949     576994  0.000e+00
    -2.0719  15.789200    160.166 331.176455     697838   4175.152     576975  0.000e+00
    -2.0721  15.790795    160.102 331.176458     697842   4175.281     576954  0.000e+00
    -2.0722  15.793261    160.048 331.176461     697845   4175.480     576936  0.000e+00
    -2.0724  15.795679    159.987 331.176464     697848   4175.676     576916  0.000e+00
    -2.0724  15.797856    159.923 331.176467     697849   4175.852     576895  0.000e+00
    -2.0726  15.799790    159.874 331.176470     697854   4176.008     576879  0.000e+00
    -2.0728  15.802015    159.816 331.176473     697859   4176.188     576860  0.000e+00
    -2.0729  15.804530    159.758 331.176476     697861   4176.391     576841  0.000e+00
    -2.0729  15.806464    159.697 331.176479     697860   4176.547     576821  0.000e+00
    -2.0731  15.808786    159.646 331.176481     697864   4176.734     576804  0.000e+00
    -2.0731  15.811398    159.594 331.176484     697864   4176.945     576787  0.000e+00
    -2.0732  15.813527    159.527 331.176487     697867   4177.117     576765  0.000e+00
    -2.0731  15.815946    159.469 331.176490     697864   4177.313     576746  0.000e+00
    -2.0733  15.818268    159.426 331.176493     697869   4177.500     576732  0.000e+00
    -2.0733  15.820590    159.356 331.176496     697870   4177.688     576709  0.000e+00
    -2.0733  15.822719    159.295 331.176499     697870   4177.859     576689  0.000e+00
    -2.0734  15.825332    159.247 331.176502     697871   4178.070     576673  0.000e+00
    -2.0734  15.827654    159.186 331.176505     697872   4178.258     576653  0.000e+00
    -2.0737  15.830074    159.128 331.176508     697879   4178.453     576634  0.000e+00
    -2.0738  15.832203    159.067 331.176510     697880   4178.625     576614  0.000e+00
    -2.0740  15.834381    159.012 331.176513     697884   4178.801     576596  0.000e+00
    -2.0741  15.836655    158.957 331.176516     697887   4178.984     576578  0.000e+00
    -2.0742  15.839269    158.899 331.176519     697890   4179.195     576559  0.000e+00
    -2.0745  15.841641    158.841 331.176522     697895   4179.387     576540  0.000e+00
    -2.0745  15.843819    158.784 331.176525     697895   4179.563     576521  0.000e+00
    -2.0748  15.845949    158.808 331.176528     697903   4179.734     576529  0.000e+00
    -2.0750  15.848128    159.100 331.176531     697907   4179.910     576625  0.000e+00
    -2.0752  15.850403    159.234 331.176534     697911   4180.094     576669  0.000e+00
    -2.0752  15.852824    159.216 331.176536     697912   4180.289     576663  0.000e+00
    -2.0753  15.855196    159.164 331.176539     697914   4180.480     576646  0.000e+00
    -2.0755  15.857229    159.103 331.176542     697918   4180.645     576626  0.000e+00
    -2.0756  15.859941    159.046 331.176545     697920   4180.863     576607  0.000e+00
    -2.0756  15.861684    158.982 331.176548     697921   4181.004     576586  0.000e+00
    -2.0756  15.864589    158.933 331.176551     697920   4181.238     576570  0.000e+00
    -2.0758  15.866623    158.872 331.176554     697925   4181.402     576550  0.000e+00
    -2.0759  15.868802    158.814 331.176557     697926   4181.578     576531  0.000e+00
    -2.0760  15.871175    158.759 331.176560     697930   4181.770     576513  0.000e+00
    -2.0761  15.873694    158.704 331.176562     697932   4181.973     576495  0.000e+00
    -2.0761  15.875873    158.653 331.176565     697932   4182.148     576478  0.000e+00
    -2.0763  15.878150    158.595 331.176568     697935   4182.332     576459  0.000e+00
    -2.0763  15.880814    158.537 331.176571     697937   4182.547     576440  0.000e+00
    -2.0764  15.882751    158.482 331.176574     697939   4182.703     576422  0.000e+00
    -2.0768  15.884980    158.427 331.176577     697946   4182.883     576404  0.000e+00
    -2.0769  15.887886    158.375 331.176580     697949   4183.117     576387  0.000e+00
    -2.0768  15.889873    158.315 331.176583     697948   4183.277     576367  0.000e+00
    -2.0771  15.891956    158.266 331.176586     697953   4183.445     576351  0.000e+00
    -2.0775  15.894185    158.214 331.176589     697962   4183.625     576334  0.000e+00
    -2.0775  15.896753    158.159 331.176591     697963   4183.832     576316  0.000e+00
    -2.0777  15.898933    158.110 331.176594     697966   4184.008     576300  0.000e+00
    -2.0780  15.901114    158.059 331.176597     697974   4184.184     576283  0.000e+00
    -2.0780  15.903682    157.998 331.176600     697973   4184.391     576263  0.000e+00
    -2.0782  15.905960    157.952 331.176603     697979   4184.574     576248  0.000e+00
    -2.0785  15.908189    157.894 331.176606     697984   4184.754     576229  0.000e+00
    -2.0785  15.910370    157.848 331.176609     697986   4184.930     576214  0.000e+00
    -2.0787  15.913133    157.791 331.176612     697989   4185.152     576195  0.000e+00
    -2.0790  15.914926    157.742 331.176615     697996   4185.297     576179  0.000e+00
    -2.0794  15.917301    157.693 331.176617     698006   4185.488     576163  0.000e+00
    -2.0795  15.919774    157.641 331.176620     698007   4185.688     576146  0.000e+00
    -2.0795  15.922440    157.593 331.176623     698008   4185.902     576130  0.000e+00
    -2.0797  15.924573    157.541 331.176626     698011   4186.074     576113  0.000e+00
    -2.0798  15.927142    157.495 331.176629     698013   4186.281     576098  0.000e+00
    -2.0798  15.929518    157.449 331.176632     698014   4186.473     576083  0.000e+00
    -2.0801  15.931700    157.404 331.176635     698020   4186.648     576068  0.000e+00
    -2.0801  15.933785    157.355 331.176638     698021   4186.816     576052  0.000e+00
    -2.0803  15.936258    157.306 331.176641     698026   4187.016     576036  0.000e+00
    -2.0805  15.938586    157.257 331.176644     698030   4187.203     576020  0.000e+00
    -2.0807  15.940816    157.206 331.176646     698033   4187.383     576003  0.000e+00
    -2.0808  15.942950    157.160 331.176649     698037   4187.555     575988  0.000e+00
    -2.0810  15.945424    157.111 331.176652     698040   4187.754     575972  0.000e+00
    -2.0812  15.947897    157.069 331.176655     698044   4187.953     575958  0.000e+00
    -2.0813  15.950080    157.020 331.176658     698047   4188.129     575942  0.000e+00
    -2.0814  15.952263    156.971 331.176661     698050   4188.305     575926  0.000e+00
    -2.0815  15.954639    156.926 331.176664     698051   4188.496     575911  0.000e+00
    -2.0814  15.956628    156.877 331.176667     698050   4188.656     575895  0.000e+00
    -2.0814  15.959636    156.831 331.176670     698050   4188.898     575880  0.000e+00
    -2.0814  15.961771    156.791 331.176672     698050   4189.070     575867  0.000e+00
    -2.0816  15.964051    156.740 331.176675     698053   4189.254     575850  0.000e+00
    -2.0815  15.966331    156.703 331.176678     698052   4189.438     575838  0.000e+00
    -2.0816  15.968515    156.657 331.176681     698054   4189.613     575823  0.000e+00
    -2.0816  15.970698    156.606 331.176684     698054   4189.789     575806  0.000e+00
    -2.0816  15.972833    156.560 331.176687     698054   4189.961     575791  0.000e+00
    -2.0818  15.975211    156.502 331.176690     698059   4190.152     575772  0.000e+00
    -2.0818  15.977735    156.462 331.176693     698059   4190.355     575759  0.000e+00
    -2.0821  15.979967    156.408 331.176696     698064   4190.535     575741  0.000e+00
    -2.0821  15.982782    156.511 331.176698     698066   4190.762     575775  0.000e+00
    -2.0821  15.984967    156.871 331.176701     698066   4190.938     575893  0.000e+00
    -2.0825  15.987346    157.093 331.176704     698073   4191.129     575966  0.000e+00
    -2.0828  15.989773    157.142 331.176707     698081   4191.324     575982  0.000e+00
    -2.0828  15.992492    157.133 331.176710     698081   4191.543     575979  0.000e+00
    -2.0832  15.994676    157.105 331.176713     698089   4191.719     575970  0.000e+00
    -2.0833  15.996618    157.057 331.176716     698092   4191.875     575954  0.000e+00
    -2.0837  15.998803    157.023 331.176719     698101   4192.051     575943  0.000e+00
    -2.0839  16.001425    156.980 331.176722     698105   4192.262     575929  0.000e+00
    -2.0842  16.003658    156.944 331.176725     698111   4192.441     575917  0.000e+00
    -2.0843  16.005989    156.898 331.176727     698115   4192.629     575902  0.000e+00
    -2.0846  16.008465    156.865 331.176730     698121   4192.828     575891  0.000e+00
    -2.0848  16.010748    156.822 331.176733     698125   4193.012     575877  0.000e+00
    -2.0850  16.012933    156.764 331.176736     698129   4193.188     575858  0.000e+00
    -2.0850  16.015118    156.715 331.176739     698129   4193.363     575842  0.000e+00
    -2.0850  16.017692    156.667 331.176742     698130   4193.570     575826  0.000e+00
    -2.0850  16.020072    156.621 331.176745     698130   4193.762     575811  0.000e+00
    -2.0852  16.022355    156.569 331.176748     698133   4193.945     575794  0.000e+00
    -2.0852  16.024638    156.521 331.176751     698134   4194.129     575778  0.000e+00
    -2.0852  16.027212    156.463 331.176753     698135   4194.336     575759  0.000e+00
    -2.0852  16.029398    156.420 331.176756     698134   4194.512     575745  0.000e+00
    -2.0852  16.031585    156.377 331.176759     698135   4194.688     575731  0.000e+00
    -2.0854  16.033868    156.332 331.176762     698139   4194.871     575716  0.000e+00
    -2.0853  16.036151    156.277 331.176765     698136   4195.055     575698  0.000e+00
    -2.0854  16.038678    156.234 331.176768     698139   4195.258     575684  0.000e+00
    -2.0855  16.040719    156.179 331.176771     698141   4195.422     575666  0.000e+00
    -2.0857  16.043342    156.131 331.176774     698145   4195.633     575650  0.000e+00
    -2.0856  16.045724    156.088 331.176777     698144   4195.824     575636  0.000e+00
