sbs/tests/resources/orca-test-data/SBE19plus/4794/4794_023_KiM.cnv
* Sea-Bird SBE19plus Data File:
* FileName = C:\Documents and Settings\stevens\Desktop\K131_2007\CTD\4794_023.hex
* Software Version 1.50
* Temperature SN =  4977
* Conductivity SN =  4977
* System UpLoad Time = Nov 26 2007 20:44:15
** K131 McMurdo SeaIce Work
** nov-dec 2007
** using chch plastic ctd
** times are local (NZ daylight savings)
# nquan = 8
# nvalues = 5846                                  
# units = specified
# name 0 = tv290C: Temperature [ITS-90, deg C]
# name 1 = c0mS/cm: Conductivity [mS/cm]
# name 2 = prdM: Pressure, Strain Gauge [db]
# name 3 = timeJ: Julian Days
# name 4 = f0: Frequency 0
# name 5 = f1: Frequency 1
# name 6 = f2: Frequency 2
# name 7 = flag:  0.000e+00
# span 0 =    -5.2214,    -1.9069                 
# span 1 =   3.550964,  27.378236                 
# span 2 =     -0.274,    358.629                 
# span 3 = 330.843507, 330.860420                 
# span 4 =     694170,     770230                 
# span 5 =   3028.129,   5024.055                 
# span 6 =     524314,     642134                 
# span 7 = 0.0000e+00, 0.0000e+00                 
# interval = seconds: 0.25
# start_time = Nov 26 2007 20:14:39 [Instrument's time stamp, header]
# bad_flag = -9.990e-29
*END*
[from data line 2158]
    -1.9447  27.233585    199.705 330.849751     695011   5014.383     589954  0.000e+00
    -1.9451  27.232886    199.325 330.849754     695018   5014.336     589829  0.000e+00
    -1.9452  27.233002    198.947 330.849757     695020   5014.344     589705  0.000e+00
    -1.9451  27.233175    198.560 330.849760     695019   5014.355     589578  0.000e+00
    -1.9452  27.233174    198.188 330.849763     695020   5014.355     589456  0.000e+00
    -1.9456  27.232708    197.811 330.849766     695029   5014.324     589332  0.000e+00
    -1.9455  27.232125    197.427 330.849769     695028   5014.285     589206  0.000e+00
    -1.9456  27.230785    197.043 330.849771     695031   5014.195     589080  0.000e+00
    -1.9459  27.231075    196.662 330.849774     695036   5014.215     588955  0.000e+00
    -1.9464  27.229736    196.269 330.849777     695047   5014.125     588826  0.000e+00
    -1.9465  27.229386    195.889 330.849780     695050   5014.102     588701  0.000e+00
    -1.9472  27.229443    195.502 330.849783     695066   5014.105     588574  0.000e+00
    -1.9474  27.228802    195.115 330.849786     695069   5014.063     588447  0.000e+00
    -1.9478  27.228393    194.731 330.849789     695079   5014.035     588321  0.000e+00
    -1.9478  27.228509    194.347 330.849792     695078   5014.043     588195  0.000e+00
    -1.9483  27.227635    193.954 330.849795     695089   5013.984     588066  0.000e+00
    -1.9482  27.226819    193.570 330.849797     695088   5013.930     587940  0.000e+00
    -1.9485  27.227400    193.187 330.849800     695095   5013.969     587814  0.000e+00
    -1.9491  27.225770    192.803 330.849803     695108   5013.859     587688  0.000e+00
    -1.9495  27.226002    192.416 330.849806     695117   5013.875     587561  0.000e+00
    -1.9499  27.225477    192.023 330.849809     695125   5013.840     587432  0.000e+00
    -1.9500  27.225767    191.639 330.849812     695128   5013.859     587306  0.000e+00
    -1.9504  27.224835    191.261 330.849815     695137   5013.797     587182  0.000e+00
    -1.9500  27.224717    190.878 330.849818     695127   5013.789     587056  0.000e+00
    -1.9502  27.224018    190.500 330.849821     695132   5013.742     586932  0.000e+00
    -1.9503  27.224134    190.113 330.849823     695134   5013.750     586805  0.000e+00
    -1.9504  27.222911    189.732 330.849826     695137   5013.668     586680  0.000e+00
    -1.9509  27.222037    189.342 330.849829     695147   5013.609     586552  0.000e+00
    -1.9515  27.221512    188.959 330.849832     695161   5013.574     586426  0.000e+00
    -1.9521  27.220638    188.581 330.849835     695174   5013.516     586302  0.000e+00
    -1.9525  27.219125    188.191 330.849838     695184   5013.414     586174  0.000e+00
    -1.9531  27.219240    187.807 330.849841     695197   5013.422     586048  0.000e+00
    -1.9536  27.219123    187.417 330.849844     695207   5013.414     585920  0.000e+00
    -1.9540  27.217551    187.021 330.849847     695217   5013.309     585790  0.000e+00
    -1.9543  27.217841    186.631 330.849850     695224   5013.328     585662  0.000e+00
    -1.9544  27.216734    186.254 330.849852     695225   5013.254     585538  0.000e+00
    -1.9546  27.217548    185.852 330.849855     695229   5013.309     585406  0.000e+00
    -1.9547  27.216499    185.471 330.849858     695232   5013.238     585281  0.000e+00
    -1.9549  27.215626    185.081 330.849861     695237   5013.180     585153  0.000e+00
    -1.9551  27.214868    184.694 330.849864     695241   5013.129     585026  0.000e+00
    -1.9550  27.215391    184.292 330.849867     695239   5013.164     584894  0.000e+00
    -1.9549  27.214459    183.902 330.849870     695236   5013.102     584766  0.000e+00
    -1.9549  27.214865    183.506 330.849873     695236   5013.129     584636  0.000e+00
    -1.9546  27.214748    183.113 330.849876     695229   5013.121     584507  0.000e+00
    -1.9545  27.214340    182.732 330.849878     695228   5013.094     584382  0.000e+00
    -1.9544  27.213815    182.327 330.849881     695225   5013.059     584249  0.000e+00
    -1.9542  27.212825    181.940 330.849884     695220   5012.992     584122  0.000e+00
    -1.9539  27.213580    181.547 330.849887     695214   5013.043     583993  0.000e+00
    -1.9536  27.213637    181.154 330.849890     695207   5013.047     583864  0.000e+00
    -1.9533  27.213578    180.755 330.849893     695201   5013.043     583733  0.000e+00
    -1.9533  27.212821    180.365 330.849896     695200   5012.992     583605  0.000e+00
    -1.9529  27.212761    179.978 330.849899     695193   5012.988     583478  0.000e+00
    -1.9527  27.212469    179.576 330.849902     695187   5012.969     583346  0.000e+00
    -1.9527  27.212527    179.187 330.849905     695187   5012.973     583218  0.000e+00
    -1.9527  27.211711    178.784 330.849907     695188   5012.918     583086  0.000e+00
    -1.9525  27.211943    178.388 330.849910     695183   5012.934     582956  0.000e+00
    -1.9523  27.212756    177.995 330.849913     695178   5012.988     582827  0.000e+00
    -1.9521  27.211941    177.606 330.849916     695175   5012.934     582699  0.000e+00
    -1.9522  27.211649    177.225 330.849919     695176   5012.914     582574  0.000e+00
    -1.9520  27.211939    176.835 330.849922     695171   5012.934     582446  0.000e+00
    -1.9518  27.211938    176.445 330.849925     695167   5012.934     582318  0.000e+00
    -1.9517  27.211180    176.061 330.849928     695165   5012.883     582192  0.000e+00
    -1.9516  27.211121    175.674 330.849931     695164   5012.879     582065  0.000e+00
    -1.9517  27.211702    175.293 330.849933     695166   5012.918     581940  0.000e+00
    -1.9518  27.210654    174.897 330.849936     695168   5012.848     581810  0.000e+00
    -1.9517  27.210245    174.517 330.849939     695165   5012.820     581685  0.000e+00
    -1.9515  27.210128    174.127 330.849942     695161   5012.813     581557  0.000e+00
    -1.9519  27.210243    173.746 330.849945     695169   5012.820     581432  0.000e+00
    -1.9515  27.209835    173.371 330.849948     695161   5012.793     581309  0.000e+00
    -1.9517  27.209020    172.987 330.849951     695166   5012.738     581183  0.000e+00
    -1.9519  27.208553    172.600 330.849954     695170   5012.707     581056  0.000e+00
    -1.9516  27.209832    172.217 330.849957     695164   5012.793     580930  0.000e+00
    -1.9516  27.209424    171.824 330.849959     695163   5012.766     580801  0.000e+00
    -1.9515  27.209016    171.434 330.849962     695162   5012.738     580673  0.000e+00
    -1.9515  27.209422    171.038 330.849965     695162   5012.766     580543  0.000e+00
    -1.9512  27.209013    170.654 330.849968     695155   5012.738     580417  0.000e+00
    -1.9507  27.209536    170.252 330.849971     695143   5012.773     580285  0.000e+00
    -1.9505  27.209128    169.856 330.849974     695139   5012.746     580155  0.000e+00
    -1.9499  27.209534    169.463 330.849977     695125   5012.773     580026  0.000e+00
    -1.9496  27.209940    169.064 330.849980     695119   5012.801     579895  0.000e+00
    -1.9493  27.209532    168.674 330.849983     695113   5012.773     579767  0.000e+00
    -1.9490  27.209414    168.269 330.849986     695106   5012.766     579634  0.000e+00
    -1.9490  27.209006    167.876 330.849988     695105   5012.738     579505  0.000e+00
    -1.9488  27.209296    167.462 330.849991     695102   5012.758     579369  0.000e+00
    -1.9487  27.208829    167.078 330.849994     695099   5012.727     579243  0.000e+00
    -1.9487  27.209003    166.666 330.849997     695099   5012.738     579108  0.000e+00
    -1.9487  27.208827    166.264 330.850000     695098   5012.727     578976  0.000e+00
    -1.9487  27.208768    165.853 330.850003     695099   5012.723     578841  0.000e+00
    -1.9488  27.208243    165.448 330.850006     695101   5012.688     578708  0.000e+00
    -1.9487  27.207428    165.043 330.850009     695098   5012.633     578575  0.000e+00
    -1.9486  27.207950    164.635 330.850012     695097   5012.668     578441  0.000e+00
    -1.9488  27.206902    164.226 330.850014     695101   5012.598     578307  0.000e+00
    -1.9488  27.206377    163.815 330.850017     695100   5012.563     578172  0.000e+00
    -1.9489  27.206900    163.407 330.850020     695104   5012.598     578038  0.000e+00
    -1.9491  27.207190    162.996 330.850023     695107   5012.617     577903  0.000e+00
    -1.9491  27.206607    162.587 330.850026     695108   5012.578     577769  0.000e+00
    -1.9492  27.206606    162.185 330.850029     695109   5012.578     577637  0.000e+00
    -1.9490  27.206896    161.780 330.850032     695105   5012.598     577504  0.000e+00
    -1.9491  27.205731    161.378 330.850035     695108   5012.520     577372  0.000e+00
    -1.9489  27.205847    160.976 330.850038     695103   5012.527     577240  0.000e+00
    -1.9486  27.205555    160.571 330.850041     695097   5012.508     577107  0.000e+00
    -1.9489  27.206019    160.160 330.850043     695104   5012.539     576972  0.000e+00
    -1.9486  27.205320    159.757 330.850046     695097   5012.492     576840  0.000e+00
    -1.9488  27.205435    159.361 330.850049     695101   5012.500     576710  0.000e+00
    -1.9491  27.204503    158.962 330.850052     695107   5012.438     576579  0.000e+00
    -1.9493  27.204619    158.572 330.850055     695113   5012.445     576451  0.000e+00
    -1.9494  27.204269    158.164 330.850058     695115   5012.422     576317  0.000e+00
    -1.9495  27.203977    157.756 330.850061     695117   5012.402     576183  0.000e+00
    -1.9497  27.204325    157.351 330.850064     695120   5012.426     576050  0.000e+00
    -1.9495  27.203451    156.949 330.850067     695116   5012.367     575918  0.000e+00
    -1.9495  27.203217    156.547 330.850069     695117   5012.352     575786  0.000e+00
    -1.9497  27.202925    156.144 330.850072     695121   5012.332     575654  0.000e+00
    -1.9496  27.202633    155.736 330.850075     695119   5012.313     575520  0.000e+00
    -1.9496  27.202400    155.331 330.850078     695118   5012.297     575387  0.000e+00
    -1.9492  27.203155    154.917 330.850081     695110   5012.348     575251  0.000e+00
    -1.9496  27.202398    154.521 330.850084     695118   5012.297     575121  0.000e+00
    -1.9493  27.202629    154.128 330.850087     695112   5012.313     574992  0.000e+00
    -1.9492  27.202395    153.717 330.850090     695109   5012.297     574857  0.000e+00
    -1.9490  27.202394    153.321 330.850093     695105   5012.297     574727  0.000e+00
    -1.9493  27.201346    152.934 330.850095     695112   5012.227     574600  0.000e+00
    -1.9494  27.201520    152.538 330.850098     695115   5012.238     574470  0.000e+00
    -1.9490  27.200821    152.145 330.850101     695105   5012.191     574341  0.000e+00
    -1.9491  27.201227    151.746 330.850104     695107   5012.219     574210  0.000e+00
    -1.9491  27.201051    151.353 330.850107     695108   5012.207     574081  0.000e+00
    -1.9490  27.201225    150.954 330.850110     695105   5012.219     573950  0.000e+00
    -1.9492  27.200817    150.551 330.850113     695111   5012.191     573818  0.000e+00
    -1.9489  27.200234    150.155 330.850116     695103   5012.152     573688  0.000e+00
    -1.9489  27.200931    149.768 330.850119     695104   5012.199     573561  0.000e+00
    -1.9490  27.199708    149.373 330.850122     695106   5012.117     573431  0.000e+00
    -1.9490  27.199533    148.977 330.850124     695106   5012.105     573301  0.000e+00
    -1.9488  27.201335    148.584 330.850127     695101   5012.227     573172  0.000e+00
    -1.9488  27.200403    148.200 330.850130     695100   5012.164     573046  0.000e+00
    -1.9489  27.199471    147.807 330.850133     695103   5012.102     572917  0.000e+00
    -1.9489  27.198947    147.408 330.850136     695103   5012.066     572786  0.000e+00
    -1.9489  27.199295    147.021 330.850139     695103   5012.090     572659  0.000e+00
    -1.9488  27.199468    146.625 330.850142     695102   5012.102     572529  0.000e+00
    -1.9490  27.199526    146.241 330.850145     695105   5012.105     572403  0.000e+00
    -1.9489  27.198652    145.845 330.850148     695103   5012.047     572273  0.000e+00
    -1.9489  27.198651    145.455 330.850150     695103   5012.047     572145  0.000e+00
    -1.9488  27.198708    145.053 330.850153     695100   5012.051     572013  0.000e+00
    -1.9488  27.198940    144.660 330.850156     695101   5012.066     571884  0.000e+00
    -1.9485  27.197892    144.267 330.850159     695095   5011.996     571755  0.000e+00
    -1.9488  27.197076    143.865 330.850162     695100   5011.941     571623  0.000e+00
    -1.9487  27.197017    143.475 330.850165     695098   5011.938     571495  0.000e+00
    -1.9491  27.196783    143.073 330.850168     695107   5011.922     571363  0.000e+00
    -1.9489  27.196550    142.680 330.850171     695104   5011.906     571234  0.000e+00
    -1.9489  27.197305    142.284 330.850174     695104   5011.957     571104  0.000e+00
    -1.9487  27.196257    141.894 330.850177     695099   5011.887     570976  0.000e+00
    -1.9488  27.196198    141.492 330.850179     695102   5011.883     570844  0.000e+00
    -1.9488  27.196022    141.102 330.850182     695101   5011.871     570716  0.000e+00
    -1.9489  27.195905    140.715 330.850185     695103   5011.863     570589  0.000e+00
    -1.9489  27.196020    140.331 330.850188     695104   5011.871     570463  0.000e+00
    -1.9488  27.196252    139.947 330.850191     695102   5011.887     570337  0.000e+00
    -1.9489  27.195029    139.554 330.850194     695103   5011.805     570208  0.000e+00
    -1.9490  27.195494    139.173 330.850197     695105   5011.836     570083  0.000e+00
    -1.9488  27.195900    138.789 330.850200     695102   5011.863     569957  0.000e+00
    -1.9491  27.194968    138.412 330.850203     695108   5011.801     569833  0.000e+00
    -1.9492  27.194793    138.025 330.850205     695111   5011.789     569706  0.000e+00
    -1.9490  27.194152    137.641 330.850208     695105   5011.746     569580  0.000e+00
    -1.9492  27.194442    137.254 330.850211     695109   5011.766     569453  0.000e+00
    -1.9493  27.194499    136.870 330.850214     695112   5011.770     569327  0.000e+00
    -1.9490  27.194149    136.483 330.850217     695106   5011.746     569200  0.000e+00
    -1.9492  27.193624    136.090 330.850220     695110   5011.711     569071  0.000e+00
    -1.9492  27.193100    135.706 330.850223     695111   5011.676     568945  0.000e+00
    -1.9492  27.193622    135.307 330.850226     695111   5011.711     568814  0.000e+00
    -1.9490  27.192516    134.914 330.850229     695106   5011.637     568685  0.000e+00
    -1.9493  27.192573    134.524 330.850231     695113   5011.641     568557  0.000e+00
    -1.9493  27.192514    134.128 330.850234     695112   5011.637     568427  0.000e+00
    -1.9494  27.193095    133.726 330.850237     695114   5011.676     568295  0.000e+00
    -1.9494  27.191988    133.336 330.850240     695114   5011.602     568167  0.000e+00
    -1.9494  27.192046    132.937 330.850243     695115   5011.605     568036  0.000e+00
    -1.9492  27.192044    132.535 330.850246     695111   5011.605     567904  0.000e+00
    -1.9493  27.191985    132.130 330.850249     695113   5011.602     567771  0.000e+00
    -1.9494  27.191752    131.740 330.850252     695115   5011.586     567643  0.000e+00
    -1.9493  27.191402    131.350 330.850255     695113   5011.563     567515  0.000e+00
    -1.9495  27.191517    130.957 330.850258     695117   5011.570     567386  0.000e+00
    -1.9494  27.190585    130.570 330.850260     695114   5011.508     567259  0.000e+00
    -1.9493  27.190701    130.168 330.850263     695113   5011.516     567127  0.000e+00
    -1.9492  27.191514    129.787 330.850266     695111   5011.570     567002  0.000e+00
