sbs/tests/resources/orca-test-data/SBE19plus/4794/4794_035_KiM.cnv
* Sea-Bird SBE19plus Data File:
* FileName = C:\Documents and Settings\stevens\Desktop\K131_2007\CTD\4794_035.hex
* Software Version 1.50
* Temperature SN =  4977
* Conductivity SN =  4977
* System UpLoad Time = Nov 27 2007 07:42:40
** K131 McMurdo SeaIce Work
** nov-dec 2007
** using chch plastic ctd
** times are local (NZ daylight savings)
# nquan = 8
# nvalues = 6646                                  
# units = specified
# name 0 = tv290C: Temperature [ITS-90, deg C]
# name 1 = c0mS/cm: Conductivity [mS/cm]
# name 2 = prdM: Pressure, Strain Gauge [db]
# name 3 = timeJ: Julian Days
# name 4 = f0: Frequency 0
# name 5 = f1: Frequency 1
# name 6 = f2: Frequency 2
# name 7 = flag:  0.000e+00
# span 0 =    -3.6144,    -1.9017                 
# span 1 =  -0.000493,  27.364881                 
# span 2 =     -0.274,    357.914                 
# span 3 = 331.297604, 331.316832                 
# span 4 =     694055,     732731                 
# span 5 =   2601.957,   5023.160                 
# span 6 =     524314,     641899                 
# span 7 = 0.0000e+00, 0.0000e+00                 
# interval = seconds: 0.25
# start_time = Nov 27 2007 07:08:33 [Instrument's time stamp, header]
# bad_flag = -9.990e-29
*END*
[from data line 1798]
    -1.9152  27.360975    357.502 331.302807     694355   5022.898     641764  0.000e+00
    -1.9149  27.361500    357.505 331.302810     694349   5022.934     641765  0.000e+00
    -1.9154  27.360917    357.502 331.302813     694360   5022.895     641764  0.000e+00
    -1.9156  27.361209    357.499 331.302815     694363   5022.914     641763  0.000e+00
    -1.9155  27.361733    357.499 331.302818     694361   5022.949     641763  0.000e+00
    -1.9154  27.361733    357.499 331.302821     694360   5022.949     641763  0.000e+00
    -1.9154  27.361791    357.496 331.302824     694359   5022.953     641762  0.000e+00
    -1.9151  27.362549    357.493 331.302827     694354   5023.004     641761  0.000e+00
    -1.9151  27.362083    357.496 331.302830     694352   5022.973     641762  0.000e+00
    -1.9150  27.362783    357.496 331.302833     694351   5023.020     641762  0.000e+00
    -1.9149  27.362549    357.496 331.302836     694349   5023.004     641762  0.000e+00
    -1.9146  27.362666    357.490 331.302839     694343   5023.012     641760  0.000e+00
    -1.9147  27.361733    357.490 331.302841     694345   5022.949     641760  0.000e+00
    -1.9147  27.362258    357.493 331.302844     694344   5022.984     641761  0.000e+00
    -1.9146  27.362374    357.490 331.302847     694342   5022.992     641760  0.000e+00
    -1.9146  27.362782    357.484 331.302850     694342   5023.020     641758  0.000e+00
    -1.9144  27.362083    357.487 331.302853     694337   5022.973     641759  0.000e+00
    -1.9147  27.362782    357.487 331.302856     694345   5023.020     641759  0.000e+00
    -1.9148  27.363074    357.484 331.302859     694347   5023.039     641758  0.000e+00
    -1.9146  27.361791    357.487 331.302862     694342   5022.953     641759  0.000e+00
    -1.9146  27.363074    357.490 331.302865     694341   5023.039     641760  0.000e+00
    -1.9145  27.362258    357.487 331.302867     694339   5022.984     641759  0.000e+00
    -1.9144  27.362374    357.487 331.302870     694337   5022.992     641759  0.000e+00
    -1.9146  27.363074    357.481 331.302873     694341   5023.039     641757  0.000e+00
    -1.9147  27.362899    357.484 331.302876     694344   5023.027     641758  0.000e+00
    -1.9145  27.363074    357.478 331.302879     694340   5023.039     641756  0.000e+00
    -1.9145  27.362549    357.481 331.302882     694340   5023.004     641757  0.000e+00
    -1.9145  27.362374    357.481 331.302885     694339   5022.992     641757  0.000e+00
    -1.9145  27.362782    357.475 331.302888     694339   5023.020     641755  0.000e+00
    -1.9148  27.362374    357.478 331.302891     694346   5022.992     641756  0.000e+00
    -1.9148  27.362549    357.475 331.302894     694346   5023.004     641755  0.000e+00
    -1.9147  27.362549    357.484 331.302896     694344   5023.004     641758  0.000e+00
    -1.9147  27.362374    357.481 331.302899     694344   5022.992     641757  0.000e+00
    -1.9145  27.362549    357.475 331.302902     694339   5023.004     641755  0.000e+00
    -1.9145  27.362258    357.484 331.302905     694340   5022.984     641758  0.000e+00
    -1.9148  27.362374    357.475 331.302908     694346   5022.992     641755  0.000e+00
    -1.9146  27.362782    357.472 331.302911     694342   5023.020     641754  0.000e+00
    -1.9147  27.362083    357.472 331.302914     694344   5022.973     641754  0.000e+00
    -1.9147  27.362549    357.472 331.302917     694345   5023.004     641754  0.000e+00
    -1.9148  27.362549    357.472 331.302920     694347   5023.004     641754  0.000e+00
    -1.9144  27.362374    357.468 331.302922     694338   5022.992     641753  0.000e+00
    -1.9144  27.362782    357.469 331.302925     694338   5023.020     641753  0.000e+00
    -1.9145  27.362258    357.465 331.302928     694340   5022.984     641752  0.000e+00
    -1.9147  27.362666    357.469 331.302931     694345   5023.012     641753  0.000e+00
    -1.9144  27.362025    357.468 331.302934     694338   5022.969     641753  0.000e+00
    -1.9146  27.362899    357.468 331.302937     694342   5023.027     641753  0.000e+00
    -1.9144  27.362025    357.465 331.302940     694337   5022.969     641752  0.000e+00
    -1.9143  27.362782    357.465 331.302943     694336   5023.020     641752  0.000e+00
    -1.9144  27.362374    357.468 331.302946     694338   5022.992     641753  0.000e+00
    -1.9145  27.363074    357.462 331.302948     694340   5023.039     641751  0.000e+00
    -1.9144  27.362549    357.459 331.302951     694337   5023.004     641750  0.000e+00
    -1.9146  27.362374    357.462 331.302954     694343   5022.992     641751  0.000e+00
    -1.9144  27.362549    357.456 331.302957     694338   5023.004     641749  0.000e+00
    -1.9146  27.362374    357.459 331.302960     694343   5022.992     641750  0.000e+00
    -1.9145  27.362782    357.456 331.302963     694340   5023.020     641749  0.000e+00
    -1.9144  27.362782    357.459 331.302966     694337   5023.020     641750  0.000e+00
    -1.9145  27.362899    357.453 331.302969     694340   5023.027     641748  0.000e+00
    -1.9146  27.362258    357.456 331.302972     694343   5022.984     641749  0.000e+00
    -1.9145  27.362899    357.453 331.302975     694339   5023.027     641748  0.000e+00
    -1.9145  27.362258    357.450 331.302977     694340   5022.984     641747  0.000e+00
    -1.9147  27.362549    357.450 331.302980     694344   5023.004     641747  0.000e+00
    -1.9147  27.362666    357.453 331.302983     694345   5023.012     641748  0.000e+00
    -1.9146  27.362549    357.450 331.302986     694341   5023.004     641747  0.000e+00
    -1.9146  27.363307    357.450 331.302989     694342   5023.055     641747  0.000e+00
    -1.9146  27.362374    357.444 331.302992     694341   5022.992     641745  0.000e+00
    -1.9146  27.362549    357.444 331.302995     694342   5023.004     641745  0.000e+00
    -1.9145  27.363190    357.450 331.302998     694340   5023.047     641747  0.000e+00
    -1.9145  27.362549    357.447 331.303001     694339   5023.004     641746  0.000e+00
    -1.9147  27.363307    357.444 331.303003     694344   5023.055     641745  0.000e+00
    -1.9144  27.362899    357.444 331.303006     694338   5023.027     641745  0.000e+00
    -1.9145  27.362782    357.447 331.303009     694340   5023.020     641746  0.000e+00
    -1.9145  27.362549    357.447 331.303012     694339   5023.004     641746  0.000e+00
    -1.9144  27.363482    357.441 331.303015     694338   5023.066     641744  0.000e+00
    -1.9145  27.363074    357.438 331.303018     694339   5023.039     641743  0.000e+00
    -1.9142  27.362899    357.441 331.303021     694333   5023.027     641744  0.000e+00
    -1.9146  27.363307    357.441 331.303024     694342   5023.055     641744  0.000e+00
    -1.9145  27.362782    357.438 331.303027     694339   5023.020     641743  0.000e+00
    -1.9146  27.362899    357.438 331.303030     694341   5023.027     641743  0.000e+00
    -1.9143  27.362258    357.435 331.303032     694336   5022.984     641742  0.000e+00
    -1.9145  27.362024    357.429 331.303035     694339   5022.969     641740  0.000e+00
    -1.9146  27.362899    357.432 331.303038     694341   5023.027     641741  0.000e+00
    -1.9146  27.362549    357.435 331.303041     694342   5023.004     641742  0.000e+00
    -1.9148  27.362666    357.435 331.303044     694346   5023.012     641742  0.000e+00
    -1.9145  27.362782    357.429 331.303047     694340   5023.020     641740  0.000e+00
    -1.9145  27.362549    357.429 331.303050     694340   5023.004     641740  0.000e+00
    -1.9147  27.362374    357.435 331.303053     694345   5022.992     641742  0.000e+00
    -1.9146  27.362258    357.429 331.303056     694343   5022.984     641740  0.000e+00
    -1.9146  27.362666    357.429 331.303058     694343   5023.012     641740  0.000e+00
    -1.9144  27.362782    357.429 331.303061     694338   5023.020     641740  0.000e+00
    -1.9142  27.363074    357.432 331.303064     694334   5023.039     641741  0.000e+00
    -1.9142  27.362374    357.432 331.303067     694334   5022.992     641741  0.000e+00
    -1.9144  27.363074    357.429 331.303070     694338   5023.039     641740  0.000e+00
    -1.9143  27.363307    357.429 331.303073     694335   5023.055     641740  0.000e+00
    -1.9142  27.362899    357.426 331.303076     694333   5023.027     641739  0.000e+00
    -1.9143  27.363074    357.423 331.303079     694335   5023.039     641738  0.000e+00
    -1.9141  27.363190    357.426 331.303082     694331   5023.047     641739  0.000e+00
    -1.9143  27.363598    357.426 331.303084     694336   5023.074     641739  0.000e+00
    -1.9143  27.363598    357.423 331.303087     694335   5023.074     641738  0.000e+00
    -1.9142  27.362666    357.426 331.303090     694333   5023.012     641739  0.000e+00
    -1.9142  27.363074    357.420 331.303093     694333   5023.039     641737  0.000e+00
    -1.9144  27.363307    357.426 331.303096     694338   5023.055     641739  0.000e+00
    -1.9143  27.362666    357.420 331.303099     694336   5023.012     641737  0.000e+00
    -1.9142  27.363074    357.414 331.303102     694333   5023.039     641735  0.000e+00
    -1.9143  27.361500    357.420 331.303105     694335   5022.934     641737  0.000e+00
    -1.9144  27.362258    357.414 331.303108     694338   5022.984     641735  0.000e+00
    -1.9145  27.362024    357.414 331.303111     694340   5022.969     641735  0.000e+00
    -1.9145  27.363190    357.408 331.303113     694340   5023.047     641733  0.000e+00
    -1.9144  27.362024    357.417 331.303116     694338   5022.969     641736  0.000e+00
    -1.9143  27.363307    357.411 331.303119     694335   5023.055     641734  0.000e+00
    -1.9146  27.362899    357.414 331.303122     694341   5023.027     641735  0.000e+00
    -1.9144  27.362258    357.411 331.303125     694338   5022.984     641734  0.000e+00
    -1.9143  27.362899    357.414 331.303128     694336   5023.027     641735  0.000e+00
    -1.9143  27.363074    357.411 331.303131     694336   5023.039     641734  0.000e+00
    -1.9145  27.362258    357.414 331.303134     694339   5022.984     641735  0.000e+00
    -1.9144  27.362666    357.411 331.303137     694338   5023.012     641734  0.000e+00
    -1.9144  27.363307    357.405 331.303139     694338   5023.055     641732  0.000e+00
    -1.9143  27.363190    357.414 331.303142     694336   5023.047     641735  0.000e+00
    -1.9142  27.362258    357.411 331.303145     694334   5022.984     641734  0.000e+00
    -1.9142  27.362782    357.405 331.303148     694332   5023.020     641732  0.000e+00
    -1.9141  27.362666    357.405 331.303151     694331   5023.012     641732  0.000e+00
    -1.9143  27.362549    357.402 331.303154     694335   5023.004     641731  0.000e+00
    -1.9144  27.363307    357.399 331.303157     694337   5023.055     641730  0.000e+00
    -1.9144  27.363190    357.402 331.303160     694337   5023.047     641731  0.000e+00
    -1.9144  27.362258    357.405 331.303163     694338   5022.984     641732  0.000e+00
    -1.9145  27.363482    357.399 331.303166     694339   5023.066     641730  0.000e+00
    -1.9146  27.362782    357.405 331.303168     694343   5023.020     641732  0.000e+00
    -1.9146  27.362782    357.402 331.303171     694341   5023.020     641731  0.000e+00
    -1.9145  27.362899    357.405 331.303174     694339   5023.027     641732  0.000e+00
    -1.9145  27.363074    357.399 331.303177     694339   5023.039     641730  0.000e+00
    -1.9144  27.362782    357.402 331.303180     694337   5023.020     641731  0.000e+00
    -1.9143  27.363773    357.395 331.303183     694335   5023.086     641729  0.000e+00
    -1.9143  27.363074    357.395 331.303186     694336   5023.039     641729  0.000e+00
    -1.9144  27.362899    357.399 331.303189     694338   5023.027     641730  0.000e+00
    -1.9143  27.362549    357.392 331.303192     694335   5023.004     641728  0.000e+00
    -1.9143  27.362782    357.392 331.303194     694336   5023.020     641728  0.000e+00
    -1.9145  27.363190    357.392 331.303197     694339   5023.047     641728  0.000e+00
    -1.9143  27.363074    357.399 331.303200     694335   5023.039     641730  0.000e+00
    -1.9143  27.362549    357.389 331.303203     694335   5023.004     641727  0.000e+00
    -1.9144  27.362899    357.389 331.303206     694337   5023.027     641727  0.000e+00
    -1.9145  27.363074    357.392 331.303209     694340   5023.039     641728  0.000e+00
    -1.9145  27.363190    357.389 331.303212     694340   5023.047     641727  0.000e+00
    -1.9144  27.363598    357.386 331.303215     694338   5023.074     641726  0.000e+00
    -1.9146  27.362549    357.383 331.303218     694343   5023.004     641725  0.000e+00
    -1.9144  27.362899    357.386 331.303220     694338   5023.027     641726  0.000e+00
    -1.9144  27.362782    357.386 331.303223     694337   5023.020     641726  0.000e+00
    -1.9142  27.363074    357.377 331.303226     694334   5023.039     641723  0.000e+00
    -1.9144  27.362899    357.383 331.303229     694338   5023.027     641725  0.000e+00
    -1.9143  27.363074    357.380 331.303232     694336   5023.039     641724  0.000e+00
    -1.9144  27.362083    357.383 331.303235     694337   5022.973     641725  0.000e+00
    -1.9145  27.363074    357.386 331.303238     694340   5023.039     641726  0.000e+00
    -1.9146  27.362782    357.380 331.303241     694342   5023.020     641724  0.000e+00
    -1.9144  27.363482    357.383 331.303244     694338   5023.066     641725  0.000e+00
    -1.9145  27.363074    357.377 331.303247     694340   5023.039     641723  0.000e+00
    -1.9144  27.363190    357.380 331.303249     694337   5023.047     641724  0.000e+00
    -1.9142  27.363307    357.377 331.303252     694332   5023.055     641723  0.000e+00
    -1.9144  27.362782    357.374 331.303255     694338   5023.020     641722  0.000e+00
    -1.9142  27.362666    357.374 331.303258     694334   5023.012     641722  0.000e+00
    -1.9145  27.362782    357.374 331.303261     694340   5023.020     641722  0.000e+00
    -1.9146  27.362257    357.377 331.303264     694341   5022.984     641723  0.000e+00
    -1.9143  27.362374    357.374 331.303267     694336   5022.992     641722  0.000e+00
    -1.9142  27.362782    357.374 331.303270     694333   5023.020     641722  0.000e+00
    -1.9143  27.362666    357.374 331.303273     694336   5023.012     641722  0.000e+00
    -1.9145  27.363074    357.371 331.303275     694339   5023.039     641721  0.000e+00
    -1.9143  27.363074    357.371 331.303278     694336   5023.039     641721  0.000e+00
    -1.9143  27.362899    357.371 331.303281     694336   5023.027     641721  0.000e+00
    -1.9146  27.363307    357.371 331.303284     694341   5023.055     641721  0.000e+00
    -1.9143  27.363074    357.371 331.303287     694335   5023.039     641721  0.000e+00
    -1.9144  27.363190    357.368 331.303290     694338   5023.047     641720  0.000e+00
    -1.9143  27.362257    357.362 331.303293     694335   5022.984     641718  0.000e+00
    -1.9143  27.362083    357.362 331.303296     694335   5022.973     641718  0.000e+00
    -1.9142  27.362782    357.365 331.303299     694332   5023.020     641719  0.000e+00
    -1.9143  27.362549    357.371 331.303302     694336   5023.004     641721  0.000e+00
    -1.9145  27.362666    357.365 331.303304     694340   5023.012     641719  0.000e+00
    -1.9143  27.362024    357.359 331.303307     694336   5022.969     641717  0.000e+00
    -1.9146  27.362782    357.368 331.303310     694343   5023.020     641720  0.000e+00
    -1.9145  27.362666    357.362 331.303313     694339   5023.012     641718  0.000e+00
    -1.9144  27.362549    357.359 331.303316     694337   5023.004     641717  0.000e+00
    -1.9144  27.362374    357.362 331.303319     694338   5022.992     641718  0.000e+00
    -1.9144  27.363307    357.356 331.303322     694338   5023.055     641716  0.000e+00
