sbs/tests/resources/orca-test-data/SBE19plus/4794/4794_028_KiM.cnv
* Sea-Bird SBE19plus Data File:
* FileName = C:\Documents and Settings\stevens\Desktop\K131_2007\CTD\4794_028.hex
* Software Version 1.50
* Temperature SN =  4977
* Conductivity SN =  4977
* System UpLoad Time = Nov 27 2007 01:43:10
** K131 McMurdo SeaIce Work
** nov-dec 2007
** using chch plastic ctd
** times are local (NZ daylight savings)
# nquan = 8
# nvalues = 2902                                  
# units = specified
# name 0 = tv290C: Temperature [ITS-90, deg C]
# name 1 = c0mS/cm: Conductivity [mS/cm]
# name 2 = prdM: Pressure, Strain Gauge [db]
# name 3 = timeJ: Julian Days
# name 4 = f0: Frequency 0
# name 5 = f1: Frequency 1
# name 6 = f2: Frequency 2
# name 7 = flag:  0.000e+00
# span 0 =    -3.4782,    -1.9044                 
# span 1 =  -0.000734,  27.378624                 
# span 2 =      3.259,    357.087                 
# span 3 = 331.048403, 331.056797                 
# span 4 =     694116,     729605                 
# span 5 =   2601.926,   5024.105                 
# span 6 =     525478,     641628                 
# span 7 = 0.0000e+00, 0.0000e+00                 
# interval = seconds: 0.25
# start_time = Nov 27 2007 01:09:42 [Instrument's time stamp, header]
# bad_flag = -9.990e-29
*END*
[from data line 1259]
    -2.0808  27.170122    330.300 331.052046     698036   5010.098     632832  0.000e+00
    -2.0810  27.169541    330.157 331.052049     698041   5010.059     632785  0.000e+00
    -2.0812  27.169598    330.001 331.052052     698045   5010.063     632734  0.000e+00
    -2.0812  27.169307    329.858 331.052054     698045   5010.043     632687  0.000e+00
    -2.0814  27.169074    329.727 331.052057     698050   5010.027     632644  0.000e+00
    -2.0815  27.169016    329.584 331.052060     698051   5010.023     632597  0.000e+00
    -2.0816  27.169074    329.441 331.052063     698053   5010.027     632550  0.000e+00
    -2.0817  27.169306    329.313 331.052066     698057   5010.043     632508  0.000e+00
    -2.0818  27.169306    329.164 331.052069     698059   5010.043     632459  0.000e+00
    -2.0818  27.169305    329.012 331.052072     698059   5010.043     632409  0.000e+00
    -2.0820  27.169828    328.850 331.052075     698063   5010.078     632356  0.000e+00
    -2.0820  27.170118    328.701 331.052078     698062   5010.098     632307  0.000e+00
    -2.0820  27.170292    328.552 331.052080     698063   5010.109     632258  0.000e+00
    -2.0821  27.170699    328.399 331.052083     698064   5010.137     632208  0.000e+00
    -2.0822  27.170931    328.253 331.052086     698068   5010.152     632160  0.000e+00
    -2.0822  27.171396    328.107 331.052089     698068   5010.184     632112  0.000e+00
    -2.0824  27.171919    327.970 331.052092     698072   5010.219     632067  0.000e+00
    -2.0824  27.171861    327.830 331.052095     698071   5010.215     632021  0.000e+00
    -2.0823  27.172209    327.684 331.052098     698070   5010.238     631973  0.000e+00
    -2.0825  27.172325    327.547 331.052101     698074   5010.246     631928  0.000e+00
    -2.0826  27.172325    327.394 331.052104     698077   5010.246     631878  0.000e+00
    -2.0825  27.172324    327.251 331.052106     698074   5010.246     631831  0.000e+00
    -2.0825  27.172615    327.111 331.052109     698073   5010.266     631785  0.000e+00
    -2.0825  27.172440    326.959 331.052112     698074   5010.254     631735  0.000e+00
    -2.0826  27.172498    326.801 331.052115     698077   5010.258     631683  0.000e+00
    -2.0825  27.172555    326.648 331.052118     698075   5010.262     631633  0.000e+00
    -2.0826  27.172729    326.499 331.052121     698077   5010.273     631584  0.000e+00
    -2.0826  27.172613    326.356 331.052124     698076   5010.266     631537  0.000e+00
    -2.0825  27.172729    326.216 331.052127     698075   5010.273     631491  0.000e+00
    -2.0826  27.172903    326.073 331.052130     698076   5010.285     631444  0.000e+00
    -2.0825  27.173193    325.921 331.052133     698075   5010.305     631394  0.000e+00
    -2.0825  27.173483    325.771 331.052135     698075   5010.324     631345  0.000e+00
    -2.0827  27.173367    325.613 331.052138     698078   5010.316     631293  0.000e+00
    -2.0827  27.173541    325.476 331.052141     698078   5010.328     631248  0.000e+00
    -2.0826  27.171738    325.324 331.052144     698077   5010.207     631198  0.000e+00
    -2.0793  27.158655    325.171 331.052147     698003   5009.328     631148  0.000e+00
    -2.0479  27.269023    325.034 331.052150     697303   5016.738     631103  0.000e+00
    -2.0008  27.281596    324.888 331.052153     696256   5017.582     631055  0.000e+00
    -1.9673  27.284388    324.751 331.052156     695511   5017.770     631010  0.000e+00
    -1.9472  27.287298    324.599 331.052159     695066   5017.965     630960  0.000e+00
    -1.9361  27.288578    324.450 331.052161     694820   5018.051     630911  0.000e+00
    -1.9297  27.291722    324.300 331.052164     694677   5018.262     630862  0.000e+00
    -1.9260  27.292828    324.139 331.052167     694594   5018.336     630809  0.000e+00
    -1.9239  27.293643    324.002 331.052170     694549   5018.391     630764  0.000e+00
    -1.9234  27.295332    323.850 331.052173     694538   5018.504     630714  0.000e+00
    -1.9239  27.296846    323.725 331.052176     694548   5018.605     630673  0.000e+00
    -1.9247  27.296845    323.609 331.052179     694565   5018.605     630635  0.000e+00
    -1.9245  27.298418    323.466 331.052182     694562   5018.711     630588  0.000e+00
    -1.9242  27.298942    323.329 331.052185     694554   5018.746     630543  0.000e+00
    -1.9237  27.299349    323.180 331.052188     694543   5018.773     630494  0.000e+00
    -1.9231  27.299814    323.027 331.052190     694531   5018.805     630444  0.000e+00
    -1.9228  27.300513    322.884 331.052193     694524   5018.852     630397  0.000e+00
    -1.9235  27.309950    322.738 331.052196     694540   5019.484     630349  0.000e+00
    -1.9240  27.309891    322.583 331.052199     694551   5019.480     630298  0.000e+00
    -1.9246  27.311056    322.434 331.052202     694563   5019.559     630249  0.000e+00
    -1.9251  27.311172    322.281 331.052205     694576   5019.566     630199  0.000e+00
    -1.9256  27.312512    322.135 331.052208     694585   5019.656     630151  0.000e+00
    -1.9255  27.313036    321.989 331.052211     694583   5019.691     630103  0.000e+00
    -1.9256  27.313443    321.827 331.052214     694585   5019.719     630050  0.000e+00
    -1.9256  27.311695    321.672 331.052216     694587   5019.602     629999  0.000e+00
    -1.9259  27.315831    321.526 331.052219     694592   5019.879     629951  0.000e+00
    -1.9262  27.316472    321.368 331.052222     694599   5019.922     629899  0.000e+00
    -1.9262  27.316704    321.221 331.052225     694599   5019.938     629851  0.000e+00
    -1.9261  27.316995    321.066 331.052228     694598   5019.957     629800  0.000e+00
    -1.9261  27.316471    320.908 331.052231     694598   5019.922     629748  0.000e+00
    -1.9264  27.317519    320.752 331.052234     694604   5019.992     629697  0.000e+00
    -1.9274  27.317810    320.594 331.052237     694625   5020.012     629645  0.000e+00
    -1.9273  27.317809    320.436 331.052240     694624   5020.012     629593  0.000e+00
    -1.9265  27.319440    320.280 331.052242     694606   5020.121     629542  0.000e+00
    -1.9256  27.318857    320.107 331.052245     694587   5020.082     629485  0.000e+00
    -1.9261  27.318624    319.955 331.052248     694598   5020.066     629435  0.000e+00
    -1.9264  27.319672    319.796 331.052251     694604   5020.137     629383  0.000e+00
    -1.9267  27.320604    319.641 331.052254     694610   5020.199     629332  0.000e+00
    -1.9262  27.321245    319.483 331.052257     694600   5020.242     629280  0.000e+00
    -1.9255  27.320953    319.312 331.052260     694584   5020.223     629224  0.000e+00
    -1.9253  27.321710    319.157 331.052263     694579   5020.273     629173  0.000e+00
    -1.9247  27.321243    319.001 331.052266     694566   5020.242     629122  0.000e+00
    -1.9239  27.324331    318.831 331.052269     694548   5020.449     629066  0.000e+00
    -1.9247  27.324855    318.669 331.052271     694567   5020.484     629013  0.000e+00
    -1.9243  27.326020    318.505 331.052274     694558   5020.563     628959  0.000e+00
    -1.9240  27.326311    318.337 331.052277     694551   5020.582     628904  0.000e+00
    -1.9245  27.328059    318.170 331.052280     694561   5020.699     628849  0.000e+00
    -1.9242  27.327300    317.984 331.052283     694554   5020.648     628788  0.000e+00
    -1.9258  27.328466    317.811 331.052286     694590   5020.727     628731  0.000e+00
    -1.9262  27.328116    317.646 331.052289     694599   5020.703     628677  0.000e+00
    -1.9265  27.328756    317.491 331.052292     694605   5020.746     628626  0.000e+00
    -1.9271  27.329746    317.323 331.052295     694619   5020.813     628571  0.000e+00
    -1.9263  27.331844    317.159 331.052297     694601   5020.953     628517  0.000e+00
    -1.9242  27.330503    316.988 331.052300     694556   5020.863     628461  0.000e+00
    -1.9232  27.330677    316.821 331.052303     694533   5020.875     628406  0.000e+00
    -1.9218  27.334406    316.641 331.052306     694501   5021.125     628347  0.000e+00
    -1.9206  27.334522    316.474 331.052309     694475   5021.133     628292  0.000e+00
    -1.9211  27.334405    316.300 331.052312     694486   5021.125     628235  0.000e+00
    -1.9209  27.334754    316.133 331.052315     694481   5021.148     628180  0.000e+00
    -1.9203  27.335686    315.959 331.052318     694469   5021.211     628123  0.000e+00
    -1.9196  27.334404    315.776 331.052321     694453   5021.125     628063  0.000e+00
    -1.9195  27.311912    315.600 331.052323     694450   5019.617     628005  0.000e+00
    -1.9192  27.266425    315.426 331.052326     694445   5016.566     627948  0.000e+00
    -1.9184  27.260485    315.237 331.052329     694427   5016.168     627886  0.000e+00
    -1.9180  27.310337    315.064 331.052332     694417   5019.512     627829  0.000e+00
    -1.9179  27.321756    314.887 331.052335     694415   5020.277     627771  0.000e+00
    -1.9179  27.323970    314.716 331.052338     694416   5020.426     627715  0.000e+00
    -1.9176  27.324960    314.543 331.052341     694409   5020.492     627658  0.000e+00
    -1.9169  27.322512    314.354 331.052344     694392   5020.328     627596  0.000e+00
    -1.9173  27.326532    314.174 331.052347     694402   5020.598     627537  0.000e+00
    -1.9183  27.326357    313.979 331.052350     694424   5020.586     627473  0.000e+00
    -1.9188  27.327580    313.794 331.052352     694434   5020.668     627412  0.000e+00
    -1.9187  27.325366    313.620 331.052355     694432   5020.520     627355  0.000e+00
    -1.9188  27.330785    313.440 331.052358     694436   5020.883     627296  0.000e+00
    -1.9189  27.332649    313.261 331.052361     694437   5021.008     627237  0.000e+00
    -1.9190  27.340574    313.084 331.052364     694439   5021.539     627179  0.000e+00
    -1.9189  27.342381    312.892 331.052367     694438   5021.660     627116  0.000e+00
    -1.9177  27.343079    312.700 331.052370     694411   5021.707     627053  0.000e+00
    -1.9172  27.344070    312.527 331.052373     694400   5021.773     626996  0.000e+00
    -1.9178  27.346925    312.338 331.052376     694414   5021.965     626934  0.000e+00
    -1.9181  27.348149    312.146 331.052378     694420   5022.047     626871  0.000e+00
    -1.9181  27.351005    311.966 331.052381     694419   5022.238     626812  0.000e+00
    -1.9187  27.351704    311.778 331.052384     694432   5022.285     626750  0.000e+00
    -1.9182  27.353510    311.589 331.052387     694421   5022.406     626688  0.000e+00
    -1.9177  27.352577    311.400 331.052390     694410   5022.344     626626  0.000e+00
    -1.9168  27.352110    311.208 331.052393     694390   5022.313     626563  0.000e+00
    -1.9161  27.352284    311.031 331.052396     694375   5022.324     626505  0.000e+00
    -1.9163  27.352925    310.852 331.052399     694380   5022.367     626446  0.000e+00
    -1.9159  27.354324    310.657 331.052402     694371   5022.461     626382  0.000e+00
    -1.9150  27.356538    310.468 331.052405     694350   5022.609     626320  0.000e+00
    -1.9140  27.362484    310.270 331.052407     694329   5023.008     626255  0.000e+00
    -1.9126  27.362775    310.072 331.052410     694297   5023.027     626190  0.000e+00
    -1.9113  27.364115    309.877 331.052413     694269   5023.117     626126  0.000e+00
    -1.9106  27.363940    309.679 331.052416     694253   5023.105     626061  0.000e+00
    -1.9102  27.365047    309.497 331.052419     694245   5023.180     626001  0.000e+00
    -1.9101  27.366329    309.302 331.052422     694243   5023.266     625937  0.000e+00
    -1.9099  27.365570    309.095 331.052425     694238   5023.215     625869  0.000e+00
    -1.9101  27.365337    308.884 331.052428     694242   5023.199     625800  0.000e+00
    -1.9103  27.365336    308.696 331.052431     694246   5023.199     625738  0.000e+00
    -1.9102  27.364753    308.504 331.052433     694245   5023.160     625675  0.000e+00
    -1.9101  27.365335    308.312 331.052436     694243   5023.199     625612  0.000e+00
    -1.9101  27.366151    308.123 331.052439     694243   5023.254     625550  0.000e+00
    -1.9101  27.366908    307.931 331.052442     694242   5023.305     625487  0.000e+00
    -1.9101  27.367491    307.730 331.052445     694241   5023.344     625421  0.000e+00
    -1.9101  27.369822    307.535 331.052448     694242   5023.500     625357  0.000e+00
    -1.9101  27.369589    307.343 331.052451     694241   5023.484     625294  0.000e+00
    -1.9100  27.368772    307.151 331.052454     694239   5023.430     625231  0.000e+00
    -1.9101  27.370346    306.941 331.052457     694241   5023.535     625162  0.000e+00
    -1.9102  27.369645    306.731 331.052459     694244   5023.488     625093  0.000e+00
    -1.9102  27.369178    306.512 331.052462     694245   5023.457     625021  0.000e+00
    -1.9102  27.370927    306.305 331.052465     694245   5023.574     624953  0.000e+00
    -1.9102  27.370110    306.116 331.052468     694245   5023.520     624891  0.000e+00
    -1.9101  27.370401    305.921 331.052471     694241   5023.539     624827  0.000e+00
    -1.9101  27.370109    305.717 331.052474     694242   5023.520     624760  0.000e+00
    -1.9099  27.369817    305.522 331.052477     694238   5023.500     624696  0.000e+00
    -1.9100  27.370108    305.321 331.052480     694239   5023.520     624630  0.000e+00
    -1.9100  27.370399    305.135 331.052483     694240   5023.539     624569  0.000e+00
    -1.9100  27.370399    304.941 331.052486     694240   5023.539     624505  0.000e+00
    -1.9100  27.370631    304.743 331.052488     694239   5023.555     624440  0.000e+00
    -1.9099  27.370631    304.545 331.052491     694237   5023.555     624375  0.000e+00
    -1.9098  27.371097    304.340 331.052494     694235   5023.586     624308  0.000e+00
    -1.9098  27.370105    304.140 331.052497     694235   5023.520     624242  0.000e+00
    -1.9097  27.370396    303.951 331.052500     694233   5023.539     624180  0.000e+00
    -1.9097  27.369871    303.765 331.052503     694233   5023.504     624119  0.000e+00
    -1.9097  27.370104    303.558 331.052506     694234   5023.520     624051  0.000e+00
    -1.9096  27.369287    303.357 331.052509     694232   5023.465     623985  0.000e+00
    -1.9097  27.371677    303.165 331.052512     694234   5023.625     623922  0.000e+00
    -1.9099  27.370685    302.967 331.052514     694237   5023.559     623857  0.000e+00
    -1.9097  27.369868    302.778 331.052517     694234   5023.504     623795  0.000e+00
    -1.9097  27.370567    302.574 331.052520     694234   5023.551     623728  0.000e+00
    -1.9097  27.370975    302.370 331.052523     694234   5023.578     623661  0.000e+00
    -1.9096  27.371149    302.169 331.052526     694232   5023.590     623595  0.000e+00
    -1.9096  27.371091    301.968 331.052529     694231   5023.586     623529  0.000e+00
    -1.9096  27.370390    301.773 331.052532     694232   5023.539     623465  0.000e+00
    -1.9096  27.370915    301.575 331.052535     694232   5023.574     623400  0.000e+00
    -1.9097  27.369515    301.389 331.052538     694233   5023.480     623339  0.000e+00
    -1.9097  27.369573    301.198 331.052541     694233   5023.484     623276  0.000e+00
    -1.9096  27.370796    300.990 331.052543     694232   5023.566     623208  0.000e+00
    -1.9096  27.370679    300.786 331.052546     694232   5023.559     623141  0.000e+00
    -1.9095  27.370620    300.592 331.052549     694228   5023.555     623077  0.000e+00
    -1.9095  27.369279    300.403 331.052552     694228   5023.465     623015  0.000e+00
    -1.9094  27.369862    300.208 331.052555     694227   5023.504     622951  0.000e+00
    -1.9092  27.371435    300.019 331.052558     694221   5023.609     622889  0.000e+00
    -1.9092  27.371785    299.824 331.052561     694221   5023.633     622825  0.000e+00
