sbs/tests/resources/orca-test-data/SBE19plus/4794/4794_014_KiM.cnv
* Sea-Bird SBE19plus Data File:
* FileName = C:\Documents and Settings\stevens\Desktop\K131_2007\CTD\4794_014.hex
* Software Version 1.50
* Temperature SN =  4977
* Conductivity SN =  4977
* System UpLoad Time = Nov 26 2007 12:51:11
** K131 McMurdo SeaIce Work
** nov-dec 2007
** using chch plastic ctd
** times are local (NZ daylight savings)
# nquan = 8
# nvalues = 7409                                  
# units = specified
# name 0 = tv290C: Temperature [ITS-90, deg C]
# name 1 = c0mS/cm: Conductivity [mS/cm]
# name 2 = prdM: Pressure, Strain Gauge [db]
# name 3 = timeJ: Julian Days
# name 4 = f0: Frequency 0
# name 5 = f1: Frequency 1
# name 6 = f2: Frequency 2
# name 7 = flag:  0.000e+00
# span 0 =    -3.7916,    -1.8957                 
# span 1 =   0.043242,  27.386355                 
# span 2 =     -0.295,    363.690                 
# span 3 = 330.511088, 330.532523                 
# span 4 =     693923,     736808                 
# span 5 =   2607.629,   5024.598                 
# span 6 =     524307,     643796                 
# span 7 = 0.0000e+00, 0.0000e+00                 
# interval = seconds: 0.25
# start_time = Nov 26 2007 12:15:58 [Instrument's time stamp, header]
# bad_flag = -9.990e-29
*END*
[from data line 5214]
    -1.9545  27.245727    235.150 330.526175     695227   5015.191     601590  0.000e+00
    -1.9546  27.246251    235.355 330.526178     695230   5015.227     601657  0.000e+00
    -1.9546  27.245961    235.583 330.526181     695229   5015.207     601732  0.000e+00
    -1.9545  27.247125    235.805 330.526183     695228   5015.285     601805  0.000e+00
    -1.9547  27.246253    236.031 330.526186     695232   5015.227     601879  0.000e+00
    -1.9544  27.247126    236.280 330.526189     695225   5015.285     601961  0.000e+00
    -1.9544  27.247302    236.548 330.526192     695226   5015.297     602049  0.000e+00
    -1.9543  27.247303    236.835 330.526195     695223   5015.297     602143  0.000e+00
    -1.9540  27.247420    237.100 330.526198     695216   5015.305     602230  0.000e+00
    -1.9540  27.247828    237.410 330.526201     695217   5015.332     602332  0.000e+00
    -1.9540  27.248527    237.721 330.526204     695216   5015.379     602434  0.000e+00
    -1.9537  27.248644    237.971 330.526207     695209   5015.387     602516  0.000e+00
    -1.9536  27.248528    238.230 330.526209     695207   5015.379     602601  0.000e+00
    -1.9534  27.248355    238.525 330.526212     695204   5015.367     602698  0.000e+00
    -1.9534  27.249403    238.802 330.526215     695203   5015.438     602789  0.000e+00
    -1.9534  27.249346    239.071 330.526218     695204   5015.434     602877  0.000e+00
    -1.9533  27.249405    239.393 330.526221     695201   5015.438     602983  0.000e+00
    -1.9531  27.249638    239.719 330.526224     695197   5015.453     603090  0.000e+00
    -1.9532  27.249406    240.002 330.526227     695198   5015.438     603183  0.000e+00
    -1.9532  27.249989    240.310 330.526230     695199   5015.477     603284  0.000e+00
    -1.9532  27.250747    240.597 330.526233     695198   5015.527     603378  0.000e+00
    -1.9529  27.250514    240.831 330.526236     695191   5015.512     603455  0.000e+00
    -1.9529  27.250748    241.066 330.526238     695191   5015.527     603532  0.000e+00
    -1.9527  27.250516    241.288 330.526241     695187   5015.512     603605  0.000e+00
    -1.9529  27.250749    241.495 330.526244     695192   5015.527     603673  0.000e+00
    -1.9528  27.251332    241.711 330.526247     695189   5015.566     603744  0.000e+00
    -1.9527  27.251798    241.952 330.526250     695187   5015.598     603823  0.000e+00
    -1.9526  27.252206    242.235 330.526253     695186   5015.625     603916  0.000e+00
    -1.9524  27.251275    242.500 330.526256     695180   5015.563     604003  0.000e+00
    -1.9526  27.251567    242.783 330.526259     695186   5015.582     604096  0.000e+00
    -1.9525  27.252441    243.109 330.526262     695184   5015.641     604203  0.000e+00
    -1.9524  27.252384    243.405 330.526264     695181   5015.637     604300  0.000e+00
    -1.9522  27.252210    243.709 330.526267     695176   5015.625     604400  0.000e+00
    -1.9521  27.252909    244.020 330.526270     695175   5015.672     604502  0.000e+00
    -1.9524  27.253026    244.251 330.526273     695181   5015.680     604578  0.000e+00
    -1.9520  27.253143    244.471 330.526276     695173   5015.688     604650  0.000e+00
    -1.9522  27.254483    244.724 330.526279     695177   5015.777     604733  0.000e+00
    -1.9520  27.253843    244.949 330.526282     695172   5015.734     604807  0.000e+00
    -1.9516  27.255008    245.156 330.526285     695164   5015.813     604875  0.000e+00
    -1.9514  27.254426    245.424 330.526288     695159   5015.773     604963  0.000e+00
    -1.9509  27.255300    245.723 330.526291     695148   5015.832     605061  0.000e+00
    -1.9509  27.255534    245.966 330.526293     695147   5015.848     605141  0.000e+00
    -1.9508  27.255010    246.167 330.526296     695146   5015.813     605207  0.000e+00
    -1.9507  27.255302    246.402 330.526299     695143   5015.832     605284  0.000e+00
    -1.9508  27.256409    246.646 330.526302     695146   5015.906     605364  0.000e+00
    -1.9509  27.255303    246.853 330.526305     695148   5015.832     605432  0.000e+00
    -1.9508  27.256352    247.096 330.526308     695146   5015.902     605512  0.000e+00
    -1.9506  27.255537    247.349 330.526311     695141   5015.848     605595  0.000e+00
    -1.9506  27.255538    247.635 330.526314     695142   5015.848     605689  0.000e+00
    -1.9507  27.255830    247.958 330.526317     695144   5015.867     605795  0.000e+00
    -1.9508  27.255831    248.260 330.526319     695146   5015.867     605894  0.000e+00
    -1.9508  27.256588    248.543 330.526322     695145   5015.918     605987  0.000e+00
    -1.9504  27.256706    248.805 330.526325     695137   5015.926     606073  0.000e+00
    -1.9506  27.257114    249.049 330.526328     695140   5015.953     606153  0.000e+00
    -1.9505  27.256940    249.314 330.526331     695139   5015.941     606240  0.000e+00
    -1.9503  27.257697    249.588 330.526334     695135   5015.992     606330  0.000e+00
    -1.9505  27.257116    249.819 330.526337     695138   5015.953     606406  0.000e+00
    -1.9501  27.257233    250.069 330.526340     695130   5015.961     606488  0.000e+00
    -1.9502  27.258223    250.313 330.526343     695133   5016.027     606568  0.000e+00
    -1.9504  27.257234    250.520 330.526345     695137   5015.961     606636  0.000e+00
    -1.9503  27.257700    250.709 330.526348     695134   5015.992     606698  0.000e+00
    -1.9501  27.258749    250.904 330.526351     695130   5016.063     606762  0.000e+00
    -1.9501  27.257527    251.120 330.526354     695129   5015.980     606833  0.000e+00
    -1.9502  27.257411    251.367 330.526357     695133   5015.973     606914  0.000e+00
    -1.9501  27.258110    251.598 330.526360     695131   5016.020     606990  0.000e+00
    -1.9504  27.258460    251.836 330.526363     695136   5016.043     607068  0.000e+00
    -1.9502  27.258402    252.116 330.526366     695133   5016.039     607160  0.000e+00
    -1.9502  27.258228    252.381 330.526369     695133   5016.027     607247  0.000e+00
    -1.9504  27.258753    252.621 330.526372     695136   5016.063     607326  0.000e+00
    -1.9502  27.258637    252.880 330.526374     695132   5016.055     607411  0.000e+00
    -1.9506  27.259278    253.157 330.526377     695140   5016.098     607502  0.000e+00
    -1.9503  27.259221    253.413 330.526380     695135   5016.094     607586  0.000e+00
    -1.9505  27.259513    253.642 330.526383     695138   5016.113     607661  0.000e+00
    -1.9504  27.258989    253.907 330.526386     695136   5016.078     607748  0.000e+00
    -1.9504  27.259223    254.184 330.526389     695136   5016.094     607839  0.000e+00
    -1.9504  27.260039    254.440 330.526392     695136   5016.148     607923  0.000e+00
    -1.9506  27.259515    254.699 330.526395     695140   5016.113     608008  0.000e+00
    -1.9506  27.260331    254.994 330.526398     695142   5016.168     608105  0.000e+00
    -1.9508  27.260041    255.259 330.526400     695146   5016.148     608192  0.000e+00
    -1.9510  27.259809    255.509 330.526403     695149   5016.133     608274  0.000e+00
    -1.9507  27.259809    255.783 330.526406     695143   5016.133     608364  0.000e+00
    -1.9508  27.261207    256.057 330.526409     695146   5016.227     608454  0.000e+00
    -1.9504  27.260626    256.285 330.526412     695137   5016.188     608529  0.000e+00
    -1.9502  27.261383    256.499 330.526415     695132   5016.238     608599  0.000e+00
    -1.9501  27.261500    256.745 330.526418     695129   5016.246     608680  0.000e+00
    -1.9501  27.261908    256.980 330.526421     695130   5016.273     608757  0.000e+00
    -1.9498  27.261210    257.187 330.526424     695124   5016.227     608825  0.000e+00
    -1.9498  27.261909    257.419 330.526427     695123   5016.273     608901  0.000e+00
    -1.9499  27.262201    257.687 330.526429     695125   5016.293     608989  0.000e+00
    -1.9497  27.261736    257.906 330.526432     695120   5016.262     609061  0.000e+00
    -1.9498  27.261678    258.159 330.526435     695124   5016.258     609144  0.000e+00
    -1.9496  27.262611    258.494 330.526438     695118   5016.320     609254  0.000e+00
    -1.9498  27.262728    258.795 330.526441     695123   5016.328     609353  0.000e+00
    -1.9496  27.262729    259.048 330.526444     695118   5016.328     609436  0.000e+00
    -1.9494  27.263137    259.334 330.526447     695114   5016.355     609530  0.000e+00
    -1.9494  27.262730    259.651 330.526450     695114   5016.328     609634  0.000e+00
    -1.9497  27.262906    259.925 330.526453     695122   5016.340     609724  0.000e+00
    -1.9499  27.262732    260.211 330.526455     695125   5016.328     609818  0.000e+00
    -1.9497  27.263548    260.525 330.526458     695120   5016.383     609921  0.000e+00
    -1.9498  27.263141    260.799 330.526461     695124   5016.355     610011  0.000e+00
    -1.9500  27.263549    261.055 330.526464     695128   5016.383     610095  0.000e+00
    -1.9495  27.264307    261.335 330.526467     695116   5016.434     610187  0.000e+00
    -1.9496  27.264307    261.591 330.526470     695118   5016.434     610271  0.000e+00
    -1.9497  27.265123    261.823 330.526473     695120   5016.488     610347  0.000e+00
    -1.9496  27.264600    262.079 330.526476     695119   5016.453     610431  0.000e+00
    -1.9495  27.264833    262.337 330.526479     695116   5016.469     610516  0.000e+00
    -1.9492  27.265707    262.551 330.526481     695111   5016.527     610586  0.000e+00
    -1.9492  27.265125    262.758 330.526484     695110   5016.488     610654  0.000e+00
    -1.9492  27.265417    263.011 330.526487     695109   5016.508     610737  0.000e+00
    -1.9492  27.265651    263.269 330.526490     695109   5016.523     610822  0.000e+00
    -1.9490  27.265127    263.513 330.526493     695106   5016.488     610902  0.000e+00
    -1.9491  27.266001    263.790 330.526496     695107   5016.547     610993  0.000e+00
    -1.9491  27.266468    264.098 330.526499     695108   5016.578     611094  0.000e+00
    -1.9492  27.266003    264.369 330.526502     695109   5016.547     611183  0.000e+00
    -1.9488  27.265363    264.658 330.526505     695102   5016.504     611278  0.000e+00
    -1.9489  27.266470    264.969 330.526508     695104   5016.578     611380  0.000e+00
    -1.9489  27.267402    265.219 330.526510     695104   5016.641     611462  0.000e+00
    -1.9488  27.266704    265.447 330.526513     695102   5016.594     611537  0.000e+00
    -1.9488  27.267695    265.706 330.526516     695100   5016.660     611622  0.000e+00
    -1.9487  27.267521    265.931 330.526519     695099   5016.648     611696  0.000e+00
    -1.9488  27.267230    266.120 330.526522     695101   5016.629     611758  0.000e+00
    -1.9488  27.267929    266.324 330.526525     695100   5016.676     611825  0.000e+00
    -1.9487  27.268046    266.592 330.526528     695098   5016.684     611913  0.000e+00
    -1.9483  27.268804    266.833 330.526531     695091   5016.734     611992  0.000e+00
    -1.9484  27.268339    267.049 330.526534     695092   5016.703     612063  0.000e+00
    -1.9484  27.268339    267.320 330.526536     695093   5016.703     612152  0.000e+00
    -1.9481  27.268515    267.646 330.526539     695086   5016.715     612259  0.000e+00
    -1.9484  27.269389    267.960 330.526542     695093   5016.773     612362  0.000e+00
    -1.9482  27.269099    268.277 330.526545     695088   5016.754     612466  0.000e+00
    -1.9482  27.269100    268.605 330.526548     695087   5016.754     612574  0.000e+00
    -1.9483  27.268868    268.867 330.526551     695090   5016.738     612660  0.000e+00
    -1.9484  27.268810    269.099 330.526554     695092   5016.734     612736  0.000e+00
    -1.9483  27.269393    269.370 330.526557     695090   5016.773     612825  0.000e+00
    -1.9481  27.269102    269.626 330.526560     695085   5016.754     612909  0.000e+00
    -1.9482  27.269627    269.851 330.526563     695087   5016.789     612983  0.000e+00
    -1.9481  27.269919    270.141 330.526565     695086   5016.809     613078  0.000e+00
    -1.9482  27.270793    270.418 330.526568     695087   5016.867     613169  0.000e+00
    -1.9480  27.270735    270.674 330.526571     695083   5016.863     613253  0.000e+00
    -1.9479  27.271027    270.942 330.526574     695080   5016.883     613341  0.000e+00
    -1.9481  27.270446    271.258 330.526577     695086   5016.844     613445  0.000e+00
    -1.9481  27.270738    271.535 330.526580     695086   5016.863     613536  0.000e+00
    -1.9480  27.271030    271.785 330.526583     695083   5016.883     613618  0.000e+00
    -1.9479  27.270739    272.065 330.526586     695082   5016.863     613710  0.000e+00
    -1.9479  27.271613    272.337 330.526589     695081   5016.922     613799  0.000e+00
    -1.9479  27.271497    272.568 330.526591     695082   5016.914     613875  0.000e+00
    -1.9479  27.270974    272.806 330.526594     695082   5016.879     613953  0.000e+00
    -1.9479  27.271615    272.997 330.526597     695082   5016.922     614016  0.000e+00
    -1.9480  27.271790    273.232 330.526600     695083   5016.934     614093  0.000e+00
    -1.9479  27.271907    273.536 330.526603     695082   5016.941     614193  0.000e+00
    -1.9479  27.272549    273.853 330.526606     695080   5016.984     614297  0.000e+00
    -1.9479  27.272317    274.140 330.526609     695082   5016.969     614391  0.000e+00
    -1.9476  27.273307    274.453 330.526612     695075   5017.035     614494  0.000e+00
    -1.9477  27.273075    274.682 330.526615     695076   5017.020     614569  0.000e+00
    -1.9475  27.272726    274.843 330.526617     695072   5016.996     614622  0.000e+00
    -1.9479  27.273076    275.017 330.526620     695080   5017.020     614679  0.000e+00
    -1.9476  27.273659    275.239 330.526623     695075   5017.059     614752  0.000e+00
    -1.9476  27.273892    275.443 330.526626     695075   5017.074     614819  0.000e+00
    -1.9476  27.274417    275.662 330.526629     695074   5017.109     614891  0.000e+00
    -1.9476  27.274126    275.921 330.526632     695074   5017.090     614976  0.000e+00
    -1.9476  27.273661    276.198 330.526635     695074   5017.059     615067  0.000e+00
    -1.9477  27.274128    276.494 330.526638     695076   5017.090     615164  0.000e+00
    -1.9475  27.274711    276.804 330.526641     695072   5017.129     615266  0.000e+00
    -1.9476  27.274188    277.121 330.526644     695075   5017.094     615370  0.000e+00
    -1.9478  27.275295    277.404 330.526646     695078   5017.168     615463  0.000e+00
    -1.9475  27.273898    277.682 330.526649     695072   5017.074     615554  0.000e+00
    -1.9474  27.274423    277.968 330.526652     695069   5017.109     615648  0.000e+00
    -1.9474  27.275472    278.288 330.526655     695070   5017.180     615753  0.000e+00
    -1.9476  27.274949    278.598 330.526658     695074   5017.145     615855  0.000e+00
    -1.9476  27.275590    278.879 330.526661     695074   5017.188     615947  0.000e+00
    -1.9476  27.276581    279.162 330.526664     695075   5017.254     616040  0.000e+00
    -1.9476  27.276115    279.427 330.526667     695075   5017.223     616127  0.000e+00
    -1.9475  27.275767    279.704 330.526670     695072   5017.199     616218  0.000e+00
    -1.9477  27.276292    279.993 330.526672     695077   5017.234     616313  0.000e+00
    -1.9476  27.276409    280.261 330.526675     695075   5017.242     616401  0.000e+00
    -1.9475  27.276584    280.520 330.526678     695073   5017.254     616486  0.000e+00
    -1.9479  27.276410    280.797 330.526681     695080   5017.242     616577  0.000e+00
    -1.9474  27.277109    281.038 330.526684     695070   5017.289     616656  0.000e+00
    -1.9476  27.277110    281.254 330.526687     695075   5017.289     616727  0.000e+00
    -1.9476  27.276994    281.525 330.526690     695074   5017.281     616816  0.000e+00
