sbs/tests/resources/orca-test-data/SBE19plus/4794/4794_038_KiM.cnv
* Sea-Bird SBE19plus Data File:
* FileName = C:\Documents and Settings\stevens\Desktop\K131_2007\CTD\4794_038.hex
* Software Version 1.50
* Temperature SN =  4977
* Conductivity SN =  4977
* System UpLoad Time = Nov 27 2007 10:50:53
** K131 McMurdo SeaIce Work
** nov-dec 2007
** using chch plastic ctd
** times are local (NZ daylight savings)
# nquan = 8
# nvalues = 6476                                  
# units = specified
# name 0 = tv290C: Temperature [ITS-90, deg C]
# name 1 = c0mS/cm: Conductivity [mS/cm]
# name 2 = prdM: Pressure, Strain Gauge [db]
# name 3 = timeJ: Julian Days
# name 4 = f0: Frequency 0
# name 5 = f1: Frequency 1
# name 6 = f2: Frequency 2
# name 7 = flag:  0.000e+00
# span 0 =    -2.1584,    -1.8998                 
# span 1 =  -0.000493,  27.354031                 
# span 2 =     -0.265,    354.941                 
# span 3 = 331.428102, 331.446837                 
# span 4 =     694013,     699765                 
# span 5 =   2601.957,   5022.434                 
# span 6 =     524317,     640923                 
# span 7 = 0.0000e+00, 0.0000e+00                 
# interval = seconds: 0.25
# start_time = Nov 27 2007 10:16:28 [Instrument's time stamp, header]
# bad_flag = -9.990e-29
*END*
[from data line 1978]
    -1.9219  27.344058    352.432 331.433825     694504   5021.766     640099  0.000e+00
    -1.9220  27.344699    352.423 331.433828     694507   5021.809     640096  0.000e+00
    -1.9221  27.344058    352.417 331.433831     694508   5021.766     640094  0.000e+00
    -1.9220  27.344991    352.411 331.433834     694506   5021.828     640092  0.000e+00
    -1.9220  27.343883    352.411 331.433837     694507   5021.754     640092  0.000e+00
    -1.9220  27.344641    352.414 331.433840     694507   5021.805     640093  0.000e+00
    -1.9219  27.344991    352.402 331.433843     694505   5021.828     640089  0.000e+00
    -1.9220  27.344641    352.402 331.433845     694507   5021.805     640089  0.000e+00
    -1.9220  27.344991    352.402 331.433848     694506   5021.828     640089  0.000e+00
    -1.9219  27.344990    352.390 331.433851     694504   5021.828     640085  0.000e+00
    -1.9219  27.345165    352.386 331.433854     694503   5021.840     640084  0.000e+00
    -1.9219  27.343883    352.386 331.433857     694505   5021.754     640084  0.000e+00
    -1.9219  27.344990    352.380 331.433860     694504   5021.828     640082  0.000e+00
    -1.9219  27.344349    352.371 331.433863     694505   5021.785     640079  0.000e+00
    -1.9221  27.344699    352.374 331.433866     694508   5021.809     640080  0.000e+00
    -1.9219  27.345165    352.371 331.433869     694505   5021.840     640079  0.000e+00
    -1.9220  27.344699    352.362 331.433872     694507   5021.809     640076  0.000e+00
    -1.9220  27.344990    352.362 331.433874     694507   5021.828     640076  0.000e+00
    -1.9220  27.344874    352.353 331.433877     694507   5021.820     640073  0.000e+00
    -1.9219  27.344990    352.353 331.433880     694504   5021.828     640073  0.000e+00
    -1.9219  27.344349    352.350 331.433883     694505   5021.785     640072  0.000e+00
    -1.9219  27.345223    352.344 331.433886     694505   5021.844     640070  0.000e+00
    -1.9220  27.345515    352.344 331.433889     694506   5021.863     640070  0.000e+00
    -1.9219  27.345165    352.335 331.433892     694504   5021.840     640067  0.000e+00
    -1.9219  27.345515    352.329 331.433895     694505   5021.863     640065  0.000e+00
    -1.9220  27.344699    352.329 331.433898     694506   5021.809     640065  0.000e+00
    -1.9220  27.344641    352.320 331.433900     694506   5021.805     640062  0.000e+00
    -1.9220  27.344699    352.319 331.433903     694507   5021.809     640062  0.000e+00
    -1.9219  27.344641    352.316 331.433906     694505   5021.805     640061  0.000e+00
    -1.9219  27.345223    352.310 331.433909     694505   5021.844     640059  0.000e+00
    -1.9219  27.345223    352.304 331.433912     694503   5021.844     640057  0.000e+00
    -1.9219  27.344874    352.301 331.433915     694504   5021.820     640056  0.000e+00
    -1.9220  27.344466    352.295 331.433918     694507   5021.793     640054  0.000e+00
    -1.9220  27.345457    352.295 331.433921     694506   5021.859     640054  0.000e+00
    -1.9220  27.344699    352.295 331.433924     694507   5021.809     640054  0.000e+00
    -1.9220  27.344466    352.289 331.433927     694506   5021.793     640052  0.000e+00
    -1.9219  27.344640    352.283 331.433929     694505   5021.805     640050  0.000e+00
    -1.9219  27.344990    352.280 331.433932     694504   5021.828     640049  0.000e+00
    -1.9221  27.344466    352.271 331.433935     694509   5021.793     640046  0.000e+00
    -1.9219  27.344640    352.271 331.433938     694505   5021.805     640046  0.000e+00
    -1.9219  27.344466    352.265 331.433941     694505   5021.793     640044  0.000e+00
    -1.9219  27.344640    352.268 331.433944     694504   5021.805     640045  0.000e+00
    -1.9220  27.344990    352.262 331.433947     694506   5021.828     640043  0.000e+00
    -1.9220  27.344174    352.256 331.433950     694506   5021.773     640041  0.000e+00
    -1.9221  27.344640    352.256 331.433953     694508   5021.805     640041  0.000e+00
    -1.9220  27.344699    352.246 331.433955     694506   5021.809     640038  0.000e+00
    -1.9220  27.344640    352.246 331.433958     694506   5021.805     640038  0.000e+00
    -1.9220  27.344699    352.237 331.433961     694507   5021.809     640035  0.000e+00
    -1.9221  27.344990    352.234 331.433964     694508   5021.828     640034  0.000e+00
    -1.9221  27.344349    352.234 331.433967     694509   5021.785     640034  0.000e+00
    -1.9220  27.344699    352.228 331.433970     694507   5021.809     640032  0.000e+00
    -1.9221  27.344465    352.225 331.433973     694509   5021.793     640031  0.000e+00
    -1.9221  27.344640    352.219 331.433976     694509   5021.805     640029  0.000e+00
    -1.9220  27.344465    352.216 331.433979     694507   5021.793     640028  0.000e+00
    -1.9220  27.344349    352.210 331.433981     694506   5021.785     640026  0.000e+00
    -1.9222  27.344174    352.207 331.433984     694510   5021.773     640025  0.000e+00
    -1.9221  27.344465    352.204 331.433987     694508   5021.793     640024  0.000e+00
    -1.9221  27.344349    352.198 331.433990     694508   5021.785     640022  0.000e+00
    -1.9220  27.344465    352.192 331.433993     694507   5021.793     640020  0.000e+00
    -1.9221  27.344349    352.198 331.433996     694508   5021.785     640022  0.000e+00
    -1.9222  27.344174    352.192 331.433999     694510   5021.773     640020  0.000e+00
    -1.9222  27.344174    352.189 331.434002     694511   5021.773     640019  0.000e+00
    -1.9221  27.344640    352.182 331.434005     694509   5021.805     640017  0.000e+00
    -1.9222  27.344699    352.176 331.434008     694511   5021.809     640015  0.000e+00
    -1.9223  27.344465    352.170 331.434010     694512   5021.793     640013  0.000e+00
    -1.9223  27.344057    352.167 331.434013     694512   5021.766     640012  0.000e+00
    -1.9221  27.343649    352.164 331.434016     694509   5021.738     640011  0.000e+00
    -1.9220  27.344640    352.161 331.434019     694507   5021.805     640010  0.000e+00
    -1.9221  27.344698    352.155 331.434022     694509   5021.809     640008  0.000e+00
    -1.9222  27.344990    352.155 331.434025     694510   5021.828     640008  0.000e+00
    -1.9222  27.344873    352.146 331.434028     694510   5021.820     640005  0.000e+00
    -1.9221  27.344465    352.146 331.434031     694509   5021.793     640005  0.000e+00
    -1.9222  27.344698    352.140 331.434034     694510   5021.809     640003  0.000e+00
    -1.9220  27.344640    352.137 331.434036     694507   5021.805     640002  0.000e+00
    -1.9221  27.344174    352.137 331.434039     694509   5021.773     640002  0.000e+00
    -1.9221  27.344640    352.128 331.434042     694508   5021.805     639999  0.000e+00
    -1.9221  27.344465    352.125 331.434045     694508   5021.793     639998  0.000e+00
    -1.9221  27.344174    352.125 331.434048     694508   5021.773     639998  0.000e+00
    -1.9221  27.344873    352.122 331.434051     694509   5021.820     639997  0.000e+00
    -1.9221  27.344174    352.115 331.434054     694508   5021.773     639995  0.000e+00
    -1.9221  27.344349    352.112 331.434057     694509   5021.785     639994  0.000e+00
    -1.9221  27.344698    352.106 331.434060     694508   5021.809     639992  0.000e+00
    -1.9222  27.344465    352.103 331.434062     694510   5021.793     639991  0.000e+00
    -1.9220  27.344349    352.097 331.434065     694507   5021.785     639989  0.000e+00
    -1.9222  27.344698    352.094 331.434068     694510   5021.809     639988  0.000e+00
    -1.9221  27.344465    352.088 331.434071     694508   5021.793     639986  0.000e+00
    -1.9222  27.344057    352.085 331.434074     694510   5021.766     639985  0.000e+00
    -1.9222  27.344174    352.079 331.434077     694511   5021.773     639983  0.000e+00
    -1.9220  27.344873    352.079 331.434080     694507   5021.820     639983  0.000e+00
    -1.9221  27.344990    352.079 331.434083     694509   5021.828     639983  0.000e+00
    -1.9221  27.344465    352.070 331.434086     694509   5021.793     639980  0.000e+00
    -1.9220  27.344349    352.073 331.434089     694507   5021.785     639981  0.000e+00
    -1.9222  27.344465    352.061 331.434091     694510   5021.793     639977  0.000e+00
    -1.9221  27.344348    352.058 331.434094     694508   5021.785     639976  0.000e+00
    -1.9222  27.344174    352.055 331.434097     694510   5021.773     639975  0.000e+00
    -1.9221  27.344465    352.055 331.434100     694509   5021.793     639975  0.000e+00
    -1.9221  27.344640    352.048 331.434103     694508   5021.805     639973  0.000e+00
    -1.9221  27.344698    352.042 331.434106     694509   5021.809     639971  0.000e+00
    -1.9221  27.343882    352.042 331.434109     694509   5021.754     639971  0.000e+00
    -1.9220  27.344873    352.033 331.434112     694507   5021.820     639968  0.000e+00
    -1.9223  27.344465    352.030 331.434115     694512   5021.793     639967  0.000e+00
    -1.9222  27.343766    352.030 331.434117     694510   5021.746     639967  0.000e+00
    -1.9221  27.343882    352.024 331.434120     694508   5021.754     639965  0.000e+00
    -1.9222  27.344174    352.021 331.434123     694510   5021.773     639964  0.000e+00
    -1.9219  27.344640    352.021 331.434126     694505   5021.805     639964  0.000e+00
    -1.9221  27.344173    352.012 331.434129     694508   5021.773     639961  0.000e+00
    -1.9220  27.344873    352.012 331.434132     694506   5021.820     639961  0.000e+00
    -1.9221  27.343882    352.009 331.434135     694508   5021.754     639960  0.000e+00
    -1.9219  27.344698    352.003 331.434138     694505   5021.809     639958  0.000e+00
    -1.9221  27.344640    352.000 331.434141     694508   5021.805     639957  0.000e+00
    -1.9222  27.344465    351.997 331.434144     694510   5021.793     639956  0.000e+00
    -1.9222  27.344465    351.988 331.434146     694510   5021.793     639953  0.000e+00
    -1.9220  27.344348    351.985 331.434149     694507   5021.785     639952  0.000e+00
    -1.9220  27.344465    351.978 331.434152     694507   5021.793     639950  0.000e+00
    -1.9220  27.344057    351.972 331.434155     694506   5021.766     639948  0.000e+00
    -1.9220  27.344465    351.975 331.434158     694506   5021.793     639949  0.000e+00
    -1.9220  27.344173    351.966 331.434161     694506   5021.773     639946  0.000e+00
    -1.9219  27.343474    351.963 331.434164     694505   5021.727     639945  0.000e+00
    -1.9220  27.344173    351.963 331.434167     694506   5021.773     639945  0.000e+00
    -1.9220  27.344640    351.951 331.434170     694507   5021.805     639941  0.000e+00
    -1.9220  27.343882    351.951 331.434172     694507   5021.754     639941  0.000e+00
    -1.9221  27.343649    351.951 331.434175     694508   5021.738     639941  0.000e+00
    -1.9220  27.343765    351.942 331.434178     694506   5021.746     639938  0.000e+00
    -1.9220  27.343649    351.942 331.434181     694506   5021.738     639938  0.000e+00
    -1.9221  27.344465    351.936 331.434184     694508   5021.793     639936  0.000e+00
    -1.9221  27.344348    351.927 331.434187     694508   5021.785     639933  0.000e+00
    -1.9220  27.344465    351.927 331.434190     694506   5021.793     639933  0.000e+00
    -1.9220  27.343765    351.924 331.434193     694507   5021.746     639932  0.000e+00
    -1.9220  27.344465    351.918 331.434196     694506   5021.793     639930  0.000e+00
    -1.9219  27.344465    351.914 331.434198     694505   5021.793     639929  0.000e+00
    -1.9220  27.344348    351.918 331.434201     694507   5021.785     639930  0.000e+00
    -1.9221  27.343882    351.905 331.434204     694508   5021.754     639926  0.000e+00
    -1.9220  27.344348    351.905 331.434207     694506   5021.785     639926  0.000e+00
    -1.9222  27.344465    351.896 331.434210     694510   5021.793     639923  0.000e+00
    -1.9221  27.344465    351.896 331.434213     694509   5021.793     639923  0.000e+00
    -1.9220  27.344639    351.893 331.434216     694507   5021.805     639922  0.000e+00
    -1.9221  27.343649    351.887 331.434219     694508   5021.738     639920  0.000e+00
    -1.9221  27.344173    351.881 331.434222     694509   5021.773     639918  0.000e+00
    -1.9222  27.344057    351.872 331.434225     694510   5021.766     639915  0.000e+00
    -1.9221  27.344465    351.878 331.434227     694508   5021.793     639917  0.000e+00
    -1.9221  27.344348    351.872 331.434230     694508   5021.785     639915  0.000e+00
    -1.9220  27.344173    351.869 331.434233     694507   5021.773     639914  0.000e+00
    -1.9221  27.344173    351.863 331.434236     694508   5021.773     639912  0.000e+00
    -1.9219  27.344057    351.860 331.434239     694505   5021.766     639911  0.000e+00
    -1.9221  27.344465    351.851 331.434242     694508   5021.793     639908  0.000e+00
    -1.9221  27.344348    351.851 331.434245     694508   5021.785     639908  0.000e+00
    -1.9221  27.343882    351.848 331.434248     694509   5021.754     639907  0.000e+00
    -1.9220  27.344173    351.838 331.434251     694506   5021.773     639904  0.000e+00
    -1.9221  27.344639    351.838 331.434253     694508   5021.805     639904  0.000e+00
    -1.9221  27.344698    351.838 331.434256     694509   5021.809     639904  0.000e+00
    -1.9220  27.343648    351.829 331.434259     694507   5021.738     639901  0.000e+00
    -1.9221  27.344348    351.826 331.434262     694509   5021.785     639900  0.000e+00
    -1.9220  27.344173    351.826 331.434265     694507   5021.773     639900  0.000e+00
    -1.9220  27.343765    351.826 331.434268     694507   5021.746     639900  0.000e+00
    -1.9220  27.344173    351.814 331.434271     694506   5021.773     639896  0.000e+00
    -1.9221  27.344464    351.808 331.434274     694508   5021.793     639894  0.000e+00
    -1.9220  27.344639    351.805 331.434277     694507   5021.805     639893  0.000e+00
    -1.9219  27.344173    351.805 331.434280     694504   5021.773     639893  0.000e+00
    -1.9220  27.344698    351.799 331.434282     694506   5021.809     639891  0.000e+00
    -1.9221  27.344348    351.799 331.434285     694508   5021.785     639891  0.000e+00
    -1.9219  27.344464    351.793 331.434288     694504   5021.793     639889  0.000e+00
    -1.9219  27.344872    351.787 331.434291     694503   5021.820     639887  0.000e+00
    -1.9219  27.344989    351.784 331.434294     694504   5021.828     639886  0.000e+00
    -1.9219  27.344697    351.777 331.434297     694505   5021.809     639884  0.000e+00
    -1.9219  27.344872    351.777 331.434300     694504   5021.820     639884  0.000e+00
    -1.9219  27.345222    351.777 331.434303     694505   5021.844     639884  0.000e+00
    -1.9220  27.344639    351.765 331.434306     694506   5021.805     639880  0.000e+00
    -1.9219  27.344464    351.762 331.434308     694504   5021.793     639879  0.000e+00
    -1.9219  27.343881    351.759 331.434311     694505   5021.754     639878  0.000e+00
    -1.9220  27.344639    351.759 331.434314     694506   5021.805     639878  0.000e+00
    -1.9219  27.344464    351.750 331.434317     694503   5021.793     639875  0.000e+00
    -1.9221  27.344872    351.741 331.434320     694508   5021.820     639872  0.000e+00
    -1.9220  27.344989    351.741 331.434323     694506   5021.828     639872  0.000e+00
    -1.9219  27.344989    351.735 331.434326     694505   5021.828     639870  0.000e+00
    -1.9220  27.345164    351.738 331.434329     694507   5021.840     639871  0.000e+00
    -1.9221  27.344989    351.729 331.434332     694508   5021.828     639868  0.000e+00
    -1.9221  27.344464    351.726 331.434334     694508   5021.793     639867  0.000e+00
    -1.9221  27.344872    351.732 331.434337     694508   5021.820     639869  0.000e+00
    -1.9220  27.344464    351.720 331.434340     694506   5021.793     639865  0.000e+00
