sbs/tests/resources/orca-test-data/SBE19plus/4794/4794_038_KiM.cnv
* Sea-Bird SBE19plus Data File:
* FileName = C:\Documents and Settings\stevens\Desktop\K131_2007\CTD\4794_038.hex
* Software Version 1.50
* Temperature SN =  4977
* Conductivity SN =  4977
* System UpLoad Time = Nov 27 2007 10:50:53
** K131 McMurdo SeaIce Work
** nov-dec 2007
** using chch plastic ctd
** times are local (NZ daylight savings)
# nquan = 8
# nvalues = 6476                                  
# units = specified
# name 0 = tv290C: Temperature [ITS-90, deg C]
# name 1 = c0mS/cm: Conductivity [mS/cm]
# name 2 = prdM: Pressure, Strain Gauge [db]
# name 3 = timeJ: Julian Days
# name 4 = f0: Frequency 0
# name 5 = f1: Frequency 1
# name 6 = f2: Frequency 2
# name 7 = flag:  0.000e+00
# span 0 =    -2.1584,    -1.8998                 
# span 1 =  -0.000493,  27.354031                 
# span 2 =     -0.265,    354.941                 
# span 3 = 331.428102, 331.446837                 
# span 4 =     694013,     699765                 
# span 5 =   2601.957,   5022.434                 
# span 6 =     524317,     640923                 
# span 7 = 0.0000e+00, 0.0000e+00                 
# interval = seconds: 0.25
# start_time = Nov 27 2007 10:16:28 [Instrument's time stamp, header]
# bad_flag = -9.990e-29
*END*
[from data line 180]
    -1.9505  26.915759     63.596 331.428623     695138   4993.027     545276  0.000e+00
    -1.9508  26.915586     63.834 331.428626     695146   4993.016     545354  0.000e+00
    -1.9506  26.915239     64.063 331.428628     695142   4992.992     545429  0.000e+00
    -1.9511  26.915008     64.276 331.428631     695151   4992.977     545499  0.000e+00
    -1.9509  26.914950     64.477 331.428634     695148   4992.973     545565  0.000e+00
    -1.9509  26.916400     64.727 331.428637     695148   4993.070     545647  0.000e+00
    -1.9511  26.917038     65.022 331.428640     695153   4993.113     545744  0.000e+00
    -1.9508  26.917792     65.367 331.428643     695146   4993.164     545857  0.000e+00
    -1.9505  26.918372     65.744 331.428646     695139   4993.203     545981  0.000e+00
    -1.9501  26.919185     66.162 331.428649     695129   4993.258     546118  0.000e+00
    -1.9501  26.919128     66.588 331.428652     695130   4993.254     546258  0.000e+00
    -1.9501  26.919419     67.049 331.428655     695131   4993.273     546409  0.000e+00
    -1.9499  26.919130     67.509 331.428657     695126   4993.254     546560  0.000e+00
    -1.9500  26.919711     67.990 331.428660     695128   4993.293     546718  0.000e+00
    -1.9501  26.920465     68.480 331.428663     695131   4993.344     546879  0.000e+00
    -1.9501  26.921104     68.971 331.428666     695129   4993.387     547040  0.000e+00
    -1.9498  26.921511     69.465 331.428669     695124   4993.414     547202  0.000e+00
    -1.9495  26.921396     69.973 331.428672     695117   4993.406     547369  0.000e+00
    -1.9496  26.921745     70.467 331.428675     695119   4993.430     547531  0.000e+00
    -1.9499  26.922210     70.985 331.428678     695126   4993.461     547701  0.000e+00
    -1.9494  26.922559     71.472 331.428681     695114   4993.484     547861  0.000e+00
    -1.9494  26.923082     71.960 331.428683     695115   4993.520     548021  0.000e+00
    -1.9493  26.922793     72.365 331.428686     695113   4993.500     548154  0.000e+00
    -1.9495  26.923084     72.798 331.428689     695116   4993.520     548296  0.000e+00
    -1.9494  26.922795     73.142 331.428692     695115   4993.500     548409  0.000e+00
    -1.9497  26.922796     73.432 331.428695     695122   4993.500     548504  0.000e+00
    -1.9497  26.922565     73.709 331.428698     695122   4993.484     548595  0.000e+00
    -1.9497  26.922508     73.949 331.428701     695121   4993.480     548674  0.000e+00
    -1.9498  26.921523     74.138 331.428704     695123   4993.414     548736  0.000e+00
    -1.9503  26.921408     74.318 331.428707     695134   4993.406     548795  0.000e+00
    -1.9506  26.921524     74.507 331.428709     695142   4993.414     548857  0.000e+00
    -1.9508  26.921698     74.702 331.428712     695146   4993.426     548921  0.000e+00
    -1.9508  26.922568     74.927 331.428715     695146   4993.484     548995  0.000e+00
    -1.9508  26.923091     75.202 331.428718     695145   4993.520     549085  0.000e+00
    -1.9503  26.923845     75.531 331.428721     695135   4993.570     549193  0.000e+00
    -1.9500  26.924193     75.881 331.428724     695128   4993.594     549308  0.000e+00
    -1.9498  26.924658     76.265 331.428727     695124   4993.625     549434  0.000e+00
    -1.9497  26.925007     76.679 331.428730     695121   4993.648     549570  0.000e+00
    -1.9497  26.925413     77.100 331.428733     695122   4993.676     549708  0.000e+00
    -1.9496  26.925299     77.551 331.428736     695118   4993.668     549856  0.000e+00
    -1.9497  26.926459     77.980 331.428738     695120   4993.746     549997  0.000e+00
    -1.9494  26.926924     78.453 331.428741     695115   4993.777     550152  0.000e+00
    -1.9495  26.927273     78.919 331.428744     695117   4993.801     550305  0.000e+00
    -1.9493  26.927795     79.406 331.428747     695112   4993.836     550465  0.000e+00
    -1.9495  26.928028     79.885 331.428750     695116   4993.852     550622  0.000e+00
    -1.9495  26.928320     80.390 331.428753     695117   4993.871     550788  0.000e+00
    -1.9493  26.929364     80.893 331.428756     695113   4993.941     550953  0.000e+00
    -1.9492  26.930003     81.384 331.428759     695109   4993.984     551114  0.000e+00
    -1.9491  26.930410     81.831 331.428762     695107   4994.012     551261  0.000e+00
    -1.9492  26.930527     82.295 331.428764     695111   4994.020     551413  0.000e+00
    -1.9491  26.930702     82.706 331.428767     695107   4994.031     551548  0.000e+00
    -1.9490  26.930819     83.138 331.428770     695106   4994.039     551690  0.000e+00
    -1.9492  26.930936     83.522 331.428773     695111   4994.047     551816  0.000e+00
    -1.9492  26.931690     83.976 331.428776     695111   4994.098     551965  0.000e+00
    -1.9493  26.931981     84.424 331.428779     695112   4994.117     552112  0.000e+00
    -1.9492  26.933026     84.912 331.428782     695109   4994.188     552272  0.000e+00
    -1.9492  26.933027     85.399 331.428785     695110   4994.188     552432  0.000e+00
    -1.9492  26.933550     85.890 331.428788     695111   4994.223     552593  0.000e+00
    -1.9493  26.934420     86.402 331.428791     695112   4994.281     552761  0.000e+00
    -1.9494  26.934885     86.901 331.428793     695115   4994.313     552925  0.000e+00
    -1.9493  26.935524     87.398 331.428796     695112   4994.355     553088  0.000e+00
    -1.9492  26.935931     87.876 331.428799     695109   4994.383     553245  0.000e+00
    -1.9490  26.936106     88.269 331.428802     695105   4994.395     553374  0.000e+00
    -1.9490  26.936165     88.671 331.428805     695105   4994.398     553506  0.000e+00
    -1.9491  26.936108     89.043 331.428808     695107   4994.395     553628  0.000e+00
    -1.9491  26.936167     89.342 331.428811     695108   4994.398     553726  0.000e+00
    -1.9492  26.936689     89.701 331.428814     695111   4994.434     553844  0.000e+00
    -1.9494  26.937212     90.088 331.428817     695115   4994.469     553971  0.000e+00
    -1.9494  26.937503     90.499 331.428819     695115   4994.488     554106  0.000e+00
    -1.9493  26.938026     90.929 331.428822     695113   4994.523     554247  0.000e+00
    -1.9495  26.937795     91.383 331.428825     695117   4994.508     554396  0.000e+00
    -1.9499  26.938028     91.846 331.428828     695126   4994.523     554548  0.000e+00
    -1.9501  26.938899     92.324 331.428831     695130   4994.582     554705  0.000e+00
    -1.9503  26.905347     92.830 331.428834     695135   4992.320     554871  0.000e+00
    -1.9500  26.942205     93.321 331.428837     695128   4994.805     555032  0.000e+00
    -1.9497  26.942728     93.836 331.428840     695121   4994.840     555201  0.000e+00
    -1.9495  26.943309     94.341 331.428843     695117   4994.879     555367  0.000e+00
    -1.9497  26.943253     94.838 331.428845     695120   4994.875     555530  0.000e+00
    -1.9496  26.944413     95.362 331.428848     695118   4994.953     555702  0.000e+00
    -1.9494  26.944820     95.862 331.428851     695115   4994.980     555866  0.000e+00
    -1.9497  26.945285     96.349 331.428854     695122   4995.012     556026  0.000e+00
    -1.9498  26.946156     96.794 331.428857     695123   4995.070     556172  0.000e+00
    -1.9497  26.946911     97.208 331.428860     695121   4995.121     556308  0.000e+00
    -1.9495  26.946912     97.562 331.428863     695117   4995.121     556424  0.000e+00
    -1.9496  26.946913     97.918 331.428866     695118   4995.121     556541  0.000e+00
    -1.9494  26.946913     98.201 331.428869     695114   4995.121     556634  0.000e+00
    -1.9494  26.947204     98.479 331.428872     695114   4995.141     556725  0.000e+00
    -1.9495  26.947205     98.777 331.428874     695116   4995.141     556823  0.000e+00
    -1.9498  26.946916     99.042 331.428877     695124   4995.121     556910  0.000e+00
    -1.9500  26.947438     99.271 331.428880     695127   4995.156     556985  0.000e+00
    -1.9500  26.947786     99.517 331.428883     695128   4995.180     557066  0.000e+00
    -1.9498  26.947961     99.807 331.428886     695124   4995.191     557161  0.000e+00
    -1.9498  26.948020    100.096 331.428889     695123   4995.195     557256  0.000e+00
    -1.9499  26.949296    100.413 331.428892     695126   4995.281     557360  0.000e+00
    -1.9497  26.949992    100.776 331.428895     695122   4995.328     557479  0.000e+00
    -1.9499  26.950573    101.169 331.428898     695125   4995.367     557608  0.000e+00
    -1.9496  26.951096    101.583 331.428900     695119   4995.402     557744  0.000e+00
    -1.9496  26.951909    102.025 331.428903     695119   4995.457     557889  0.000e+00
    -1.9497  26.951678    102.470 331.428906     695120   4995.441     558035  0.000e+00
    -1.9499  26.951679    102.939 331.428909     695125   4995.441     558189  0.000e+00
    -1.9502  26.953014    103.402 331.428912     695132   4995.531     558341  0.000e+00
    -1.9504  26.953769    103.859 331.428915     695136   4995.582     558491  0.000e+00
    -1.9504  26.954002    104.340 331.428918     695137   4995.598     558649  0.000e+00
    -1.9505  26.954409    104.822 331.428921     695139   4995.625     558807  0.000e+00
    -1.9505  26.955048    105.303 331.428924     695138   4995.668     558965  0.000e+00
    -1.9506  26.955803    105.781 331.428927     695141   4995.719     559122  0.000e+00
    -1.9507  26.956384    106.275 331.428929     695144   4995.758     559284  0.000e+00
    -1.9509  26.957197    106.741 331.428932     695147   4995.813     559437  0.000e+00
    -1.9509  26.957952    107.232 331.428935     695148   4995.863     559598  0.000e+00
    -1.9507  26.958591    107.716 331.428938     695143   4995.906     559757  0.000e+00
    -1.9509  26.959230    108.194 331.428941     695148   4995.949     559914  0.000e+00
    -1.9510  26.959405    108.660 331.428944     695149   4995.961     560067  0.000e+00
    -1.9510  26.960798    109.139 331.428947     695149   4996.055     560224  0.000e+00
    -1.9509  26.961379    109.611 331.428950     695148   4996.094     560379  0.000e+00
    -1.9507  26.962134    110.086 331.428953     695144   4996.145     560535  0.000e+00
    -1.9506  26.962773    110.552 331.428955     695142   4996.188     560688  0.000e+00
    -1.9506  26.963470    111.015 331.428958     695141   4996.234     560840  0.000e+00
    -1.9507  26.964167    111.479 331.428961     695143   4996.281     560992  0.000e+00
    -1.9507  26.964748    111.923 331.428964     695144   4996.320     561138  0.000e+00
    -1.9508  26.965271    112.377 331.428967     695145   4996.355     561287  0.000e+00
    -1.9508  26.965794    112.813 331.428970     695145   4996.391     561430  0.000e+00
    -1.9509  26.966375    113.246 331.428973     695148   4996.430     561572  0.000e+00
    -1.9507  26.966608    113.642 331.428976     695143   4996.445     561702  0.000e+00
    -1.9508  26.967479    114.062 331.428979     695145   4996.504     561840  0.000e+00
    -1.9508  26.967885    114.461 331.428981     695146   4996.531     561971  0.000e+00
    -1.9507  26.968582    114.851 331.428984     695144   4996.578     562099  0.000e+00
    -1.9509  26.968699    115.250 331.428987     695148   4996.586     562230  0.000e+00
    -1.9509  26.969164    115.631 331.428990     695147   4996.617     562355  0.000e+00
    -1.9511  26.966092    116.015 331.428993     695152   4996.410     562481  0.000e+00
    -1.9510  26.970268    116.362 331.428996     695150   4996.691     562595  0.000e+00
    -1.9511  26.970791    116.713 331.428999     695152   4996.727     562710  0.000e+00
    -1.9511  26.971082    117.057 331.429002     695151   4996.746     562823  0.000e+00
    -1.9510  26.971604    117.383 331.429005     695149   4996.781     562930  0.000e+00
    -1.9510  26.972127    117.712 331.429008     695150   4996.816     563038  0.000e+00
    -1.9511  26.972476    118.035 331.429010     695153   4996.840     563144  0.000e+00
    -1.9510  26.972651    118.333 331.429013     695149   4996.852     563242  0.000e+00
    -1.9511  26.973057    118.650 331.429016     695152   4996.879     563346  0.000e+00
    -1.9511  26.973696    118.961 331.429019     695152   4996.922     563448  0.000e+00
    -1.9511  26.974161    119.253 331.429022     695153   4996.953     563544  0.000e+00
    -1.9510  26.974219    119.561 331.429025     695149   4996.957     563645  0.000e+00
    -1.9510  26.974974    119.863 331.429028     695150   4997.008     563744  0.000e+00
    -1.9511  26.975497    120.155 331.429031     695151   4997.043     563840  0.000e+00
    -1.9509  26.976077    120.448 331.429034     695147   4997.082     563936  0.000e+00
    -1.9511  26.976310    120.737 331.429036     695151   4997.098     564031  0.000e+00
    -1.9508  26.976891    121.017 331.429039     695146   4997.137     564123  0.000e+00
    -1.9510  26.977356    121.319 331.429042     695149   4997.168     564222  0.000e+00
    -1.9509  26.978052    121.614 331.429045     695148   4997.215     564319  0.000e+00
    -1.9509  26.978691    121.916 331.429048     695147   4997.258     564418  0.000e+00
    -1.9509  26.979156    122.230 331.429051     695147   4997.289     564521  0.000e+00
    -1.9507  26.979737    122.550 331.429054     695144   4997.328     564626  0.000e+00
    -1.9511  26.980781    122.885 331.429057     695151   4997.398     564736  0.000e+00
    -1.9510  26.981304    123.205 331.429060     695149   4997.434     564841  0.000e+00
    -1.9511  26.982175    123.534 331.429062     695153   4997.492     564949  0.000e+00
    -1.9511  26.982582    123.860 331.429065     695151   4997.520     565056  0.000e+00
    -1.9509  26.983279    124.180 331.429068     695148   4997.566     565161  0.000e+00
    -1.9509  26.984149    124.506 331.429071     695148   4997.625     565268  0.000e+00
    -1.9510  26.985542    124.819 331.429074     695150   4997.719     565371  0.000e+00
    -1.9510  26.986007    125.145 331.429077     695149   4997.750     565478  0.000e+00
    -1.9509  26.987052    125.465 331.429080     695148   4997.820     565583  0.000e+00
    -1.9509  26.987169    125.788 331.429083     695148   4997.828     565689  0.000e+00
    -1.9507  26.988098    126.105 331.429086     695144   4997.891     565793  0.000e+00
    -1.9508  26.988852    126.422 331.429089     695146   4997.941     565897  0.000e+00
    -1.9508  26.989665    126.751 331.429091     695146   4997.996     566005  0.000e+00
    -1.9509  26.990246    127.077 331.429094     695147   4998.035     566112  0.000e+00
    -1.9506  26.991233    127.412 331.429097     695141   4998.102     566222  0.000e+00
    -1.9507  26.991640    127.738 331.429100     695143   4998.129     566329  0.000e+00
    -1.9508  26.992801    128.079 331.429103     695146   4998.207     566441  0.000e+00
    -1.9507  26.993556    128.411 331.429106     695144   4998.258     566550  0.000e+00
    -1.9507  26.994137    128.759 331.429109     695144   4998.297     566664  0.000e+00
    -1.9506  26.994950    129.103 331.429112     695141   4998.352     566777  0.000e+00
    -1.9509  26.995705    129.444 331.429115     695148   4998.402     566889  0.000e+00
    -1.9508  26.996634    129.785 331.429117     695145   4998.465     567001  0.000e+00
    -1.9506  26.997273    130.142 331.429120     695142   4998.508     567118  0.000e+00
    -1.9506  26.998028    130.492 331.429123     695141   4998.559     567233  0.000e+00
    -1.9505  26.999131    130.839 331.429126     695138   4998.633     567347  0.000e+00
    -1.9506  26.999944    131.196 331.429129     695140   4998.688     567464  0.000e+00
    -1.9505  27.000699    131.558 331.429132     695139   4998.738     567583  0.000e+00
    -1.9506  27.001512    131.915 331.429135     695140   4998.793     567700  0.000e+00
    -1.9503  27.002500    132.280 331.429138     695134   4998.859     567820  0.000e+00
