sbs/tests/resources/orca-test-data/SBE19plus/4794/4794_028_KiM.cnv
* Sea-Bird SBE19plus Data File:
* FileName = C:\Documents and Settings\stevens\Desktop\K131_2007\CTD\4794_028.hex
* Software Version 1.50
* Temperature SN =  4977
* Conductivity SN =  4977
* System UpLoad Time = Nov 27 2007 01:43:10
** K131 McMurdo SeaIce Work
** nov-dec 2007
** using chch plastic ctd
** times are local (NZ daylight savings)
# nquan = 8
# nvalues = 2902                                  
# units = specified
# name 0 = tv290C: Temperature [ITS-90, deg C]
# name 1 = c0mS/cm: Conductivity [mS/cm]
# name 2 = prdM: Pressure, Strain Gauge [db]
# name 3 = timeJ: Julian Days
# name 4 = f0: Frequency 0
# name 5 = f1: Frequency 1
# name 6 = f2: Frequency 2
# name 7 = flag:  0.000e+00
# span 0 =    -3.4782,    -1.9044                 
# span 1 =  -0.000734,  27.378624                 
# span 2 =      3.259,    357.087                 
# span 3 = 331.048403, 331.056797                 
# span 4 =     694116,     729605                 
# span 5 =   2601.926,   5024.105                 
# span 6 =     525478,     641628                 
# span 7 = 0.0000e+00, 0.0000e+00                 
# interval = seconds: 0.25
# start_time = Nov 27 2007 01:09:42 [Instrument's time stamp, header]
# bad_flag = -9.990e-29
*END*
[from data line 2697]
    -1.9103  27.333536    207.285 331.056207     694247   5021.086     592442  0.000e+00
    -1.9097  27.333186    207.166 331.056209     694234   5021.063     592403  0.000e+00
    -1.9094  27.333419    207.045 331.056212     694226   5021.078     592363  0.000e+00
    -1.9092  27.332953    206.926 331.056215     694221   5021.047     592324  0.000e+00
    -1.9087  27.333185    206.810 331.056218     694211   5021.063     592286  0.000e+00
    -1.9086  27.333418    206.688 331.056221     694209   5021.078     592246  0.000e+00
    -1.9085  27.332719    206.578 331.056224     694207   5021.031     592210  0.000e+00
    -1.9086  27.333418    206.457 331.056227     694208   5021.078     592170  0.000e+00
    -1.9084  27.333534    206.344 331.056230     694204   5021.086     592133  0.000e+00
    -1.9080  27.333941    206.225 331.056233     694195   5021.113     592094  0.000e+00
    -1.9075  27.334465    206.097 331.056236     694184   5021.148     592052  0.000e+00
    -1.9069  27.334931    205.981 331.056238     694172   5021.180     592014  0.000e+00
    -1.9062  27.334465    205.863 331.056241     694156   5021.148     591975  0.000e+00
    -1.9058  27.333532    205.738 331.056244     694146   5021.086     591934  0.000e+00
    -1.9052  27.334755    205.613 331.056247     694133   5021.168     591893  0.000e+00
    -1.9048  27.333939    205.494 331.056250     694124   5021.113     591854  0.000e+00
    -1.9047  27.334114    205.375 331.056253     694122   5021.125     591815  0.000e+00
    -1.9044  27.333414    205.260 331.056256     694116   5021.078     591777  0.000e+00
    -1.9045  27.332947    205.135 331.056259     694118   5021.047     591736  0.000e+00
    -1.9045  27.331315    205.013 331.056262     694117   5020.938     591696  0.000e+00
    -1.9045  27.332073    204.894 331.056264     694118   5020.988     591657  0.000e+00
    -1.9046  27.331548    204.766 331.056267     694120   5020.953     591615  0.000e+00
    -1.9048  27.330790    204.672 331.056270     694124   5020.902     591584  0.000e+00
    -1.9049  27.331314    204.608 331.056273     694126   5020.938     591563  0.000e+00
    -1.9050  27.330149    204.495 331.056276     694129   5020.859     591526  0.000e+00
    -1.9053  27.330498    204.382 331.056279     694135   5020.883     591489  0.000e+00
    -1.9055  27.329857    204.257 331.056282     694139   5020.840     591448  0.000e+00
    -1.9055  27.329448    204.133 331.056285     694141   5020.813     591407  0.000e+00
    -1.9057  27.329157    204.014 331.056288     694145   5020.793     591368  0.000e+00
    -1.9057  27.328457    203.892 331.056291     694145   5020.746     591328  0.000e+00
    -1.9060  27.327816    203.770 331.056293     694152   5020.703     591288  0.000e+00
    -1.9061  27.328165    203.648 331.056296     694153   5020.727     591248  0.000e+00
    -1.9062  27.327815    203.535 331.056299     694155   5020.703     591211  0.000e+00
    -1.9061  27.327057    203.408 331.056302     694153   5020.652     591169  0.000e+00
    -1.9061  27.327465    203.286 331.056305     694153   5020.680     591129  0.000e+00
    -1.9063  27.327581    203.161 331.056308     694157   5020.688     591088  0.000e+00
    -1.9064  27.326765    203.036 331.056311     694159   5020.633     591047  0.000e+00
    -1.9065  27.325716    202.908 331.056314     694162   5020.563     591005  0.000e+00
    -1.9067  27.325191    202.789 331.056317     694166   5020.527     590966  0.000e+00
    -1.9070  27.323385    202.677 331.056319     694173   5020.406     590929  0.000e+00
    -1.9076  27.322277    202.561 331.056322     694186   5020.332     590891  0.000e+00
    -1.9087  27.319772    202.442 331.056325     694212   5020.164     590852  0.000e+00
    -1.9104  27.319072    202.314 331.056328     694249   5020.117     590810  0.000e+00
    -1.9118  27.317499    202.198 331.056331     694280   5020.012     590772  0.000e+00
    -1.9133  27.315227    202.076 331.056334     694312   5019.859     590732  0.000e+00
    -1.9148  27.314003    201.948 331.056337     694346   5019.777     590690  0.000e+00
    -1.9160  27.313828    201.821 331.056340     694373   5019.766     590648  0.000e+00
    -1.9172  27.312196    201.702 331.056343     694399   5019.656     590609  0.000e+00
    -1.9180  27.311614    201.571 331.056345     694417   5019.617     590566  0.000e+00
    -1.9187  27.311380    201.452 331.056348     694432   5019.602     590527  0.000e+00
    -1.9192  27.310856    201.333 331.056351     694443   5019.566     590488  0.000e+00
    -1.9196  27.310739    201.211 331.056354     694453   5019.559     590448  0.000e+00
    -1.9198  27.308991    201.083 331.056357     694458   5019.441     590406  0.000e+00
    -1.9205  27.307651    200.962 331.056360     694473   5019.352     590366  0.000e+00
    -1.9214  27.306835    200.837 331.056363     694492   5019.297     590325  0.000e+00
    -1.9223  27.305961    200.709 331.056366     694513   5019.238     590283  0.000e+00
    -1.9232  27.304446    200.590 331.056369     694532   5019.137     590244  0.000e+00
    -1.9241  27.304387    200.468 331.056372     694552   5019.133     590204  0.000e+00
    -1.9249  27.303688    200.346 331.056374     694571   5019.086     590164  0.000e+00
    -1.9254  27.302581    200.218 331.056377     694582   5019.012     590122  0.000e+00
    -1.9259  27.302057    200.106 331.056380     694592   5018.977     590085  0.000e+00
    -1.9267  27.300484    199.987 331.056383     694610   5018.871     590046  0.000e+00
    -1.9276  27.300250    199.865 331.056386     694630   5018.855     590006  0.000e+00
    -1.9281  27.298910    199.737 331.056389     694642   5018.766     589964  0.000e+00
    -1.9288  27.297396    199.609 331.056392     694657   5018.664     589922  0.000e+00
    -1.9299  27.296696    199.484 331.056395     694682   5018.617     589881  0.000e+00
    -1.9310  27.296230    199.368 331.056398     694706   5018.586     589843  0.000e+00
    -1.9318  27.295007    199.247 331.056400     694723   5018.504     589803  0.000e+00
    -1.9324  27.293842    199.119 331.056403     694738   5018.426     589761  0.000e+00
    -1.9332  27.292793    198.991 331.056406     694755   5018.355     589719  0.000e+00
    -1.9338  27.293317    198.866 331.056409     694769   5018.391     589678  0.000e+00
    -1.9343  27.293317    198.747 331.056412     694779   5018.391     589639  0.000e+00
    -1.9347  27.292384    198.628 331.056415     694788   5018.328     589600  0.000e+00
    -1.9348  27.291976    198.500 331.056418     694791   5018.301     589558  0.000e+00
    -1.9352  27.291335    198.369 331.056421     694798   5018.258     589515  0.000e+00
    -1.9352  27.291044    198.241 331.056424     694800   5018.238     589473  0.000e+00
    -1.9353  27.291626    198.120 331.056427     694801   5018.277     589433  0.000e+00
    -1.9356  27.290694    197.995 331.056429     694808   5018.215     589392  0.000e+00
    -1.9356  27.289587    197.870 331.056432     694809   5018.141     589351  0.000e+00
    -1.9358  27.289994    197.745 331.056435     694813   5018.168     589310  0.000e+00
    -1.9359  27.289411    197.617 331.056438     694814   5018.129     589268  0.000e+00
    -1.9359  27.289003    197.495 331.056441     694815   5018.102     589228  0.000e+00
    -1.9359  27.289469    197.352 331.056444     694814   5018.133     589181  0.000e+00
    -1.9360  27.289352    197.233 331.056447     694816   5018.125     589142  0.000e+00
    -1.9360  27.288770    197.099 331.056450     694817   5018.086     589098  0.000e+00
    -1.9360  27.288303    196.968 331.056453     694816   5018.055     589055  0.000e+00
    -1.9359  27.288827    196.837 331.056455     694815   5018.090     589012  0.000e+00
    -1.9360  27.288070    196.712 331.056458     694817   5018.039     588971  0.000e+00
    -1.9358  27.287603    196.575 331.056461     694812   5018.008     588926  0.000e+00
    -1.9358  27.287428    196.447 331.056464     694812   5017.996     588884  0.000e+00
    -1.9359  27.287370    196.319 331.056467     694814   5017.992     588842  0.000e+00
    -1.9357  27.286787    196.188 331.056470     694810   5017.953     588799  0.000e+00
    -1.9357  27.286670    196.070 331.056473     694810   5017.945     588760  0.000e+00
    -1.9358  27.286845    195.936 331.056476     694812   5017.957     588716  0.000e+00
    -1.9358  27.286029    195.808 331.056479     694812   5017.902     588674  0.000e+00
    -1.9360  27.285679    195.689 331.056481     694816   5017.879     588635  0.000e+00
    -1.9360  27.285679    195.549 331.056484     694816   5017.879     588589  0.000e+00
    -1.9360  27.285096    195.421 331.056487     694817   5017.840     588547  0.000e+00
    -1.9361  27.284979    195.293 331.056490     694819   5017.832     588505  0.000e+00
    -1.9362  27.284979    195.159 331.056493     694821   5017.832     588461  0.000e+00
    -1.9362  27.284629    195.028 331.056496     694821   5017.809     588418  0.000e+00
    -1.9363  27.283988    194.900 331.056499     694824   5017.766     588376  0.000e+00
    -1.9365  27.284046    194.769 331.056502     694828   5017.770     588333  0.000e+00
    -1.9367  27.283463    194.650 331.056505     694832   5017.730     588294  0.000e+00
    -1.9367  27.282823    194.519 331.056508     694833   5017.688     588251  0.000e+00
    -1.9369  27.282939    194.388 331.056510     694837   5017.695     588208  0.000e+00
    -1.9370  27.282880    194.257 331.056513     694838   5017.691     588165  0.000e+00
    -1.9370  27.282647    194.129 331.056516     694840   5017.676     588123  0.000e+00
    -1.9370  27.282588    194.010 331.056519     694840   5017.672     588084  0.000e+00
    -1.9371  27.281831    193.873 331.056522     694842   5017.621     588039  0.000e+00
    -1.9372  27.281772    193.742 331.056525     694843   5017.617     587996  0.000e+00
    -1.9373  27.281597    193.611 331.056528     694845   5017.605     587953  0.000e+00
    -1.9373  27.280956    193.483 331.056531     694846   5017.563     587911  0.000e+00
    -1.9374  27.280840    193.368 331.056534     694848   5017.555     587873  0.000e+00
    -1.9375  27.280432    193.237 331.056536     694851   5017.527     587830  0.000e+00
    -1.9378  27.279965    193.097 331.056539     694856   5017.496     587784  0.000e+00
    -1.9379  27.278742    192.966 331.056542     694859   5017.414     587741  0.000e+00
    -1.9381  27.279208    192.825 331.056545     694863   5017.445     587695  0.000e+00
    -1.9382  27.278683    192.688 331.056548     694866   5017.410     587650  0.000e+00
    -1.9383  27.277576    192.564 331.056551     694869   5017.336     587609  0.000e+00
    -1.9384  27.278042    192.433 331.056554     694871   5017.367     587566  0.000e+00
    -1.9385  27.277634    192.295 331.056557     694872   5017.340     587521  0.000e+00
    -1.9387  27.277575    192.174 331.056560     694876   5017.336     587481  0.000e+00
    -1.9386  27.276993    192.046 331.056562     694875   5017.297     587439  0.000e+00
    -1.9388  27.277633    191.909 331.056565     694879   5017.340     587394  0.000e+00
    -1.9388  27.276992    191.775 331.056568     694878   5017.297     587350  0.000e+00
    -1.9388  27.276351    191.641 331.056571     694878   5017.254     587306  0.000e+00
    -1.9389  27.276584    191.513 331.056574     694881   5017.270     587264  0.000e+00
    -1.9388  27.275885    191.382 331.056577     694878   5017.223     587221  0.000e+00
    -1.9390  27.274662    191.251 331.056580     694883   5017.141     587178  0.000e+00
    -1.9389  27.275593    191.117 331.056583     694882   5017.203     587134  0.000e+00
    -1.9392  27.275010    190.986 331.056586     694887   5017.164     587091  0.000e+00
    -1.9393  27.274428    190.845 331.056589     694889   5017.125     587045  0.000e+00
    -1.9393  27.273670    190.711 331.056591     694890   5017.074     587001  0.000e+00
    -1.9393  27.274194    190.580 331.056594     694891   5017.109     586958  0.000e+00
    -1.9395  27.273728    190.449 331.056597     694894   5017.078     586915  0.000e+00
    -1.9396  27.273203    190.309 331.056600     694897   5017.043     586869  0.000e+00
    -1.9397  27.272795    190.169 331.056603     694898   5017.016     586823  0.000e+00
    -1.9397  27.272562    190.029 331.056606     694900   5017.000     586777  0.000e+00
    -1.9398  27.272620    189.886 331.056609     694902   5017.004     586730  0.000e+00
    -1.9399  27.272212    189.758 331.056612     694903   5016.977     586688  0.000e+00
    -1.9399  27.271804    189.612 331.056615     694903   5016.949     586640  0.000e+00
    -1.9401  27.271396    189.484 331.056617     694907   5016.922     586598  0.000e+00
    -1.9401  27.271163    189.338 331.056620     694907   5016.906     586550  0.000e+00
    -1.9402  27.271046    189.201 331.056623     694911   5016.898     586505  0.000e+00
    -1.9402  27.270405    189.073 331.056626     694911   5016.855     586463  0.000e+00
    -1.9403  27.269997    188.936 331.056629     694912   5016.828     586418  0.000e+00
    -1.9405  27.269939    188.808 331.056632     694916   5016.824     586376  0.000e+00
    -1.9406  27.269880    188.674 331.056635     694918   5016.820     586332  0.000e+00
    -1.9406  27.268890    188.537 331.056638     694919   5016.754     586287  0.000e+00
    -1.9408  27.269414    188.409 331.056641     694924   5016.789     586245  0.000e+00
    -1.9408  27.268948    188.272 331.056644     694923   5016.758     586200  0.000e+00
    -1.9408  27.268656    188.131 331.056646     694924   5016.738     586154  0.000e+00
    -1.9409  27.268656    187.988 331.056649     694925   5016.738     586107  0.000e+00
    -1.9407  27.268655    187.854 331.056652     694922   5016.738     586063  0.000e+00
    -1.9408  27.267898    187.717 331.056655     694924   5016.688     586018  0.000e+00
    -1.9409  27.267316    187.577 331.056658     694925   5016.648     585972  0.000e+00
    -1.9408  27.267199    187.434 331.056661     694923   5016.641     585925  0.000e+00
    -1.9409  27.267140    187.303 331.056664     694925   5016.637     585882  0.000e+00
    -1.9408  27.266499    187.166 331.056667     694923   5016.594     585837  0.000e+00
    -1.9409  27.266674    187.029 331.056670     694926   5016.605     585792  0.000e+00
    -1.9411  27.266324    186.886 331.056672     694929   5016.582     585745  0.000e+00
    -1.9411  27.265916    186.748 331.056675     694929   5016.555     585700  0.000e+00
    -1.9412  27.266032    186.602 331.056678     694932   5016.563     585652  0.000e+00
    -1.9412  27.265391    186.468 331.056681     694933   5016.520     585608  0.000e+00
    -1.9414  27.265507    186.328 331.056684     694937   5016.527     585562  0.000e+00
    -1.9415  27.264401    186.194 331.056687     694939   5016.453     585518  0.000e+00
    -1.9416  27.264109    186.051 331.056690     694942   5016.434     585471  0.000e+00
    -1.9418  27.263876    185.917 331.056693     694945   5016.418     585427  0.000e+00
    -1.9418  27.263818    185.780 331.056696     694945   5016.414     585382  0.000e+00
    -1.9418  27.263584    185.646 331.056698     694946   5016.398     585338  0.000e+00
    -1.9419  27.263526    185.512 331.056701     694948   5016.395     585294  0.000e+00
    -1.9419  27.262419    185.375 331.056704     694948   5016.320     585249  0.000e+00
    -1.9419  27.263059    185.232 331.056707     694947   5016.363     585202  0.000e+00
    -1.9420  27.263175    185.097 331.056710     694950   5016.371     585158  0.000e+00
    -1.9420  27.262709    184.951 331.056713     694950   5016.340     585110  0.000e+00
    -1.9421  27.262825    184.817 331.056716     694952   5016.348     585066  0.000e+00
    -1.9420  27.261544    184.683 331.056719     694951   5016.262     585022  0.000e+00
    -1.9422  27.262126    184.543 331.056722     694954   5016.301     584976  0.000e+00
