sbs/tests/resources/orca-test-data/SBE19plus/4794/4794_028_KiM.cnv
* Sea-Bird SBE19plus Data File:
* FileName = C:\Documents and Settings\stevens\Desktop\K131_2007\CTD\4794_028.hex
* Software Version 1.50
* Temperature SN =  4977
* Conductivity SN =  4977
* System UpLoad Time = Nov 27 2007 01:43:10
** K131 McMurdo SeaIce Work
** nov-dec 2007
** using chch plastic ctd
** times are local (NZ daylight savings)
# nquan = 8
# nvalues = 2902                                  
# units = specified
# name 0 = tv290C: Temperature [ITS-90, deg C]
# name 1 = c0mS/cm: Conductivity [mS/cm]
# name 2 = prdM: Pressure, Strain Gauge [db]
# name 3 = timeJ: Julian Days
# name 4 = f0: Frequency 0
# name 5 = f1: Frequency 1
# name 6 = f2: Frequency 2
# name 7 = flag:  0.000e+00
# span 0 =    -3.4782,    -1.9044                 
# span 1 =  -0.000734,  27.378624                 
# span 2 =      3.259,    357.087                 
# span 3 = 331.048403, 331.056797                 
# span 4 =     694116,     729605                 
# span 5 =   2601.926,   5024.105                 
# span 6 =     525478,     641628                 
# span 7 = 0.0000e+00, 0.0000e+00                 
# interval = seconds: 0.25
# start_time = Nov 27 2007 01:09:42 [Instrument's time stamp, header]
# bad_flag = -9.990e-29
*END*
[from data line 1439]
    -1.9089  27.372483    299.425 331.052567     694215   5023.680     622694  0.000e+00
    -1.9089  27.372658    299.218 331.052569     694216   5023.691     622626  0.000e+00
    -1.9090  27.372482    299.026 331.052572     694218   5023.680     622563  0.000e+00
    -1.9093  27.372015    298.825 331.052575     694224   5023.648     622497  0.000e+00
    -1.9095  27.372073    298.612 331.052578     694229   5023.652     622427  0.000e+00
    -1.9096  27.371198    298.423 331.052581     694232   5023.594     622365  0.000e+00
    -1.9096  27.372247    298.219 331.052584     694230   5023.664     622298  0.000e+00
    -1.9097  27.372771    298.018 331.052587     694233   5023.699     622232  0.000e+00
    -1.9100  27.372071    297.823 331.052590     694239   5023.652     622168  0.000e+00
    -1.9103  27.371837    297.625 331.052593     694246   5023.637     622103  0.000e+00
    -1.9104  27.372478    297.421 331.052595     694249   5023.680     622036  0.000e+00
    -1.9106  27.373294    297.232 331.052598     694254   5023.734     621974  0.000e+00
    -1.9105  27.372885    297.028 331.052601     694251   5023.707     621907  0.000e+00
    -1.9105  27.372010    296.821 331.052604     694252   5023.648     621839  0.000e+00
    -1.9107  27.373292    296.617 331.052607     694256   5023.734     621772  0.000e+00
    -1.9107  27.372359    296.413 331.052610     694256   5023.672     621705  0.000e+00
    -1.9105  27.373524    296.200 331.052613     694252   5023.750     621635  0.000e+00
    -1.9103  27.374049    295.993 331.052616     694246   5023.785     621567  0.000e+00
    -1.9099  27.373815    295.807 331.052619     694238   5023.770     621506  0.000e+00
    -1.9096  27.373698    295.603 331.052622     694231   5023.762     621439  0.000e+00
    -1.9093  27.373289    295.390 331.052624     694224   5023.734     621369  0.000e+00
    -1.9093  27.373288    295.207 331.052627     694224   5023.734     621309  0.000e+00
    -1.9093  27.373463    295.003 331.052630     694224   5023.746     621242  0.000e+00
    -1.9094  27.373462    294.805 331.052633     694227   5023.746     621177  0.000e+00
    -1.9094  27.373520    294.613 331.052636     694226   5023.750     621114  0.000e+00
    -1.9093  27.373636    294.412 331.052639     694225   5023.758     621048  0.000e+00
    -1.9094  27.374102    294.205 331.052642     694227   5023.789     620980  0.000e+00
    -1.9094  27.374043    294.013 331.052645     694227   5023.785     620917  0.000e+00
    -1.9093  27.372993    293.815 331.052648     694225   5023.715     620852  0.000e+00
    -1.9093  27.374101    293.623 331.052650     694225   5023.789     620789  0.000e+00
    -1.9093  27.374333    293.437 331.052653     694225   5023.805     620728  0.000e+00
    -1.9094  27.374333    293.240 331.052656     694226   5023.805     620663  0.000e+00
    -1.9094  27.374157    293.042 331.052659     694227   5023.793     620598  0.000e+00
    -1.9095  27.373457    292.841 331.052662     694229   5023.746     620532  0.000e+00
    -1.9095  27.374623    292.652 331.052665     694229   5023.824     620470  0.000e+00
    -1.9096  27.375322    292.448 331.052668     694232   5023.871     620403  0.000e+00
    -1.9097  27.374039    292.253 331.052671     694233   5023.785     620339  0.000e+00
    -1.9096  27.374330    292.058 331.052674     694232   5023.805     620275  0.000e+00
    -1.9097  27.373863    291.863 331.052677     694234   5023.773     620211  0.000e+00
    -1.9100  27.374854    291.662 331.052679     694239   5023.840     620145  0.000e+00
    -1.9100  27.374328    291.473 331.052682     694239   5023.805     620083  0.000e+00
    -1.9101  27.374619    291.287 331.052685     694242   5023.824     620022  0.000e+00
    -1.9101  27.375085    291.086 331.052688     694241   5023.855     619956  0.000e+00
    -1.9098  27.373744    290.888 331.052691     694235   5023.766     619891  0.000e+00
    -1.9096  27.374618    290.700 331.052694     694232   5023.824     619829  0.000e+00
    -1.9097  27.374326    290.511 331.052697     694233   5023.805     619767  0.000e+00
    -1.9098  27.372868    290.319 331.052700     694236   5023.707     619704  0.000e+00
    -1.9100  27.374325    290.127 331.052703     694239   5023.805     619641  0.000e+00
    -1.9103  27.375141    289.941 331.052705     694246   5023.859     619580  0.000e+00
    -1.9102  27.374849    289.743 331.052708     694245   5023.840     619515  0.000e+00
    -1.9100  27.374615    289.542 331.052711     694240   5023.824     619449  0.000e+00
    -1.9100  27.375139    289.360 331.052714     694239   5023.859     619389  0.000e+00
    -1.9099  27.374555    289.165 331.052717     694237   5023.820     619325  0.000e+00
    -1.9098  27.374613    288.964 331.052720     694236   5023.824     619259  0.000e+00
    -1.9099  27.375138    288.769 331.052723     694238   5023.859     619195  0.000e+00
    -1.9102  27.375312    288.559 331.052726     694244   5023.871     619126  0.000e+00
    -1.9101  27.375137    288.373 331.052729     694243   5023.859     619065  0.000e+00
    -1.9100  27.375136    288.178 331.052731     694240   5023.859     619001  0.000e+00
    -1.9096  27.375602    287.980 331.052734     694231   5023.891     618936  0.000e+00
    -1.9093  27.375135    287.785 331.052737     694225   5023.859     618872  0.000e+00
    -1.9090  27.375951    287.599 331.052740     694217   5023.914     618811  0.000e+00
    -1.9089  27.375076    287.398 331.052743     694216   5023.855     618745  0.000e+00
    -1.9090  27.374842    287.203 331.052746     694218   5023.840     618681  0.000e+00
    -1.9090  27.375075    287.008 331.052749     694218   5023.855     618617  0.000e+00
    -1.9090  27.374549    286.807 331.052752     694217   5023.820     618551  0.000e+00
    -1.9090  27.373791    286.628 331.052755     694218   5023.770     618492  0.000e+00
    -1.9090  27.374548    286.436 331.052758     694217   5023.820     618429  0.000e+00
    -1.9090  27.375597    286.247 331.052760     694218   5023.891     618367  0.000e+00
    -1.9091  27.375947    286.049 331.052763     694219   5023.914     618302  0.000e+00
    -1.9092  27.376238    285.866 331.052766     694223   5023.934     618242  0.000e+00
    -1.9091  27.375654    285.677 331.052769     694219   5023.895     618180  0.000e+00
    -1.9092  27.375829    285.485 331.052772     694221   5023.906     618117  0.000e+00
    -1.9093  27.375420    285.288 331.052775     694225   5023.879     618052  0.000e+00
    -1.9095  27.375128    285.102 331.052778     694229   5023.859     617991  0.000e+00
    -1.9097  27.375885    284.916 331.052781     694233   5023.910     617930  0.000e+00
    -1.9097  27.375827    284.712 331.052784     694233   5023.906     617863  0.000e+00
    -1.9095  27.376467    284.514 331.052786     694229   5023.949     617798  0.000e+00
    -1.9095  27.375651    284.334 331.052789     694228   5023.895     617739  0.000e+00
    -1.9094  27.375592    284.148 331.052792     694226   5023.891     617678  0.000e+00
    -1.9095  27.375125    283.950 331.052795     694228   5023.859     617613  0.000e+00
    -1.9096  27.375941    283.774 331.052798     694231   5023.914     617555  0.000e+00
    -1.9096  27.375415    283.585 331.052801     694230   5023.879     617493  0.000e+00
    -1.9097  27.375357    283.411 331.052804     694234   5023.875     617436  0.000e+00
    -1.9098  27.375123    283.229 331.052807     694236   5023.859     617376  0.000e+00
    -1.9097  27.375589    283.034 331.052810     694234   5023.891     617312  0.000e+00
    -1.9096  27.375647    282.839 331.052813     694232   5023.895     617248  0.000e+00
    -1.9098  27.375705    282.662 331.052815     694235   5023.898     617190  0.000e+00
    -1.9096  27.375937    282.479 331.052818     694231   5023.914     617130  0.000e+00
    -1.9093  27.375587    282.291 331.052821     694224   5023.891     617068  0.000e+00
    -1.9092  27.375995    282.096 331.052824     694221   5023.918     617004  0.000e+00
    -1.9092  27.375353    281.922 331.052827     694223   5023.875     616947  0.000e+00
    -1.9091  27.376344    281.727 331.052830     694220   5023.941     616883  0.000e+00
    -1.9090  27.376285    281.538 331.052833     694217   5023.938     616821  0.000e+00
    -1.9092  27.375701    281.340 331.052836     694223   5023.898     616756  0.000e+00
    -1.9096  27.375118    281.164 331.052839     694231   5023.859     616698  0.000e+00
    -1.9099  27.374826    280.984 331.052841     694237   5023.840     616639  0.000e+00
    -1.9101  27.375408    280.804 331.052844     694243   5023.879     616580  0.000e+00
    -1.9101  27.375058    280.616 331.052847     694241   5023.855     616518  0.000e+00
    -1.9100  27.376165    280.430 331.052850     694240   5023.930     616457  0.000e+00
    -1.9100  27.376515    280.250 331.052853     694239   5023.953     616398  0.000e+00
    -1.9098  27.376164    280.080 331.052856     694235   5023.930     616342  0.000e+00
    -1.9097  27.375581    279.894 331.052859     694234   5023.891     616281  0.000e+00
    -1.9097  27.375988    279.702 331.052862     694233   5023.918     616218  0.000e+00
    -1.9098  27.376221    279.528 331.052865     694236   5023.934     616161  0.000e+00
    -1.9101  27.374821    279.339 331.052867     694241   5023.840     616099  0.000e+00
    -1.9105  27.375112    279.154 331.052870     694252   5023.859     616038  0.000e+00
    -1.9105  27.375695    278.971 331.052873     694252   5023.898     615978  0.000e+00
    -1.9107  27.374820    278.806 331.052876     694255   5023.840     615924  0.000e+00
    -1.9105  27.376161    278.630 331.052879     694250   5023.930     615866  0.000e+00
    -1.9102  27.376627    278.438 331.052882     694244   5023.961     615803  0.000e+00
    -1.9097  27.377209    278.258 331.052885     694233   5024.000     615744  0.000e+00
    -1.9093  27.376800    278.085 331.052888     694225   5023.973     615687  0.000e+00
    -1.9091  27.376275    277.899 331.052891     694219   5023.938     615626  0.000e+00
    -1.9089  27.376683    277.716 331.052894     694215   5023.965     615566  0.000e+00
    -1.9090  27.375983    277.539 331.052896     694217   5023.918     615508  0.000e+00
    -1.9088  27.375924    277.372 331.052899     694214   5023.914     615453  0.000e+00
    -1.9089  27.376273    277.186 331.052902     694216   5023.938     615392  0.000e+00
    -1.9091  27.375981    277.009 331.052905     694220   5023.918     615334  0.000e+00
    -1.9091  27.376156    276.830 331.052908     694219   5023.930     615275  0.000e+00
    -1.9092  27.376505    276.647 331.052911     694223   5023.953     615215  0.000e+00
    -1.9092  27.376213    276.473 331.052914     694221   5023.934     615158  0.000e+00
    -1.9092  27.375630    276.306 331.052917     694221   5023.895     615103  0.000e+00
    -1.9092  27.376329    276.123 331.052920     694222   5023.941     615043  0.000e+00
    -1.9092  27.376678    275.941 331.052922     694221   5023.965     614983  0.000e+00
    -1.9091  27.376211    275.776 331.052925     694219   5023.934     614929  0.000e+00
    -1.9091  27.376153    275.605 331.052928     694219   5023.930     614873  0.000e+00
    -1.9092  27.375802    275.432 331.052931     694221   5023.906     614816  0.000e+00
    -1.9093  27.375977    275.249 331.052934     694225   5023.918     614756  0.000e+00
    -1.9092  27.376443    275.082 331.052937     694222   5023.949     614701  0.000e+00
    -1.9093  27.376792    274.917 331.052940     694224   5023.973     614647  0.000e+00
    -1.9095  27.376500    274.734 331.052943     694228   5023.953     614587  0.000e+00
    -1.9094  27.375625    274.555 331.052946     694226   5023.895     614528  0.000e+00
    -1.9096  27.375391    274.396 331.052948     694231   5023.879     614476  0.000e+00
    -1.9097  27.375916    274.226 331.052951     694233   5023.914     614420  0.000e+00
    -1.9098  27.375915    274.067 331.052954     694235   5023.914     614368  0.000e+00
    -1.9098  27.376206    273.891 331.052957     694235   5023.934     614310  0.000e+00
    -1.9097  27.376439    273.726 331.052960     694233   5023.949     614256  0.000e+00
    -1.9096  27.376206    273.562 331.052963     694231   5023.934     614202  0.000e+00
    -1.9094  27.376963    273.400 331.052966     694227   5023.984     614149  0.000e+00
    -1.9093  27.376438    273.230 331.052969     694225   5023.949     614093  0.000e+00
    -1.9093  27.376496    273.065 331.052972     694225   5023.953     614039  0.000e+00
    -1.9094  27.376612    272.892 331.052975     694227   5023.961     613982  0.000e+00
    -1.9094  27.376145    272.721 331.052977     694226   5023.930     613926  0.000e+00
    -1.9095  27.375620    272.560 331.052980     694229   5023.895     613873  0.000e+00
    -1.9098  27.374803    272.389 331.052983     694236   5023.840     613817  0.000e+00
    -1.9100  27.376494    272.213 331.052986     694239   5023.953     613759  0.000e+00
    -1.9102  27.376260    272.036 331.052989     694245   5023.938     613701  0.000e+00
    -1.9103  27.376201    271.868 331.052992     694247   5023.934     613646  0.000e+00
    -1.9101  27.376142    271.707 331.052995     694242   5023.930     613593  0.000e+00
    -1.9098  27.376783    271.543 331.052998     694236   5023.973     613539  0.000e+00
    -1.9099  27.375325    271.372 331.053001     694238   5023.875     613483  0.000e+00
    -1.9099  27.375908    271.198 331.053003     694237   5023.914     613426  0.000e+00
    -1.9102  27.376665    271.040 331.053006     694244   5023.965     613374  0.000e+00
    -1.9103  27.375032    270.873 331.053009     694247   5023.855     613319  0.000e+00
    -1.9105  27.375090    270.696 331.053012     694250   5023.859     613261  0.000e+00
    -1.9107  27.376781    270.544 331.053015     694256   5023.973     613211  0.000e+00
    -1.9106  27.376256    270.373 331.053018     694254   5023.938     613155  0.000e+00
    -1.9102  27.375322    270.196 331.053021     694244   5023.875     613097  0.000e+00
    -1.9096  27.376488    270.038 331.053024     694232   5023.953     613045  0.000e+00
    -1.9092  27.376429    269.874 331.053027     694223   5023.949     612991  0.000e+00
    -1.9091  27.376429    269.715 331.053030     694219   5023.949     612939  0.000e+00
    -1.9090  27.377070    269.554 331.053032     694217   5023.992     612886  0.000e+00
    -1.9088  27.376428    269.395 331.053035     694214   5023.949     612834  0.000e+00
    -1.9090  27.376486    269.219 331.053038     694217   5023.953     612776  0.000e+00
    -1.9090  27.376952    269.039 331.053041     694218   5023.984     612717  0.000e+00
    -1.9090  27.376660    268.884 331.053044     694218   5023.965     612666  0.000e+00
    -1.9090  27.376776    268.722 331.053047     694217   5023.973     612613  0.000e+00
    -1.9091  27.377067    268.555 331.053050     694219   5023.992     612558  0.000e+00
    -1.9090  27.376950    268.387 331.053053     694218   5023.984     612503  0.000e+00
    -1.9090  27.376425    268.226 331.053056     694218   5023.949     612450  0.000e+00
    -1.9091  27.376308    268.055 331.053058     694220   5023.941     612394  0.000e+00
    -1.9092  27.376949    267.894 331.053061     694222   5023.984     612341  0.000e+00
    -1.9092  27.376190    267.729 331.053064     694222   5023.934     612287  0.000e+00
    -1.9094  27.375782    267.562 331.053067     694227   5023.906     612232  0.000e+00
    -1.9096  27.376423    267.394 331.053070     694231   5023.949     612177  0.000e+00
    -1.9096  27.375664    267.233 331.053073     694231   5023.898     612124  0.000e+00
    -1.9097  27.376597    267.072 331.053076     694233   5023.961     612071  0.000e+00
    -1.9096  27.376655    266.907 331.053079     694230   5023.965     612017  0.000e+00
