sbs/tests/resources/orca-test-data/SBE19plus/4794/4794_033_KiM.cnv
* Sea-Bird SBE19plus Data File:
* FileName = C:\Documents and Settings\stevens\Desktop\K131_2007\CTD\4794_033.hex
* Software Version 1.50
* Temperature SN =  4977
* Conductivity SN =  4977
* System UpLoad Time = Nov 27 2007 05:48:56
** K131 McMurdo SeaIce Work
** nov-dec 2007
** using chch plastic ctd
** times are local (NZ daylight savings)
# nquan = 8
# nvalues = 7724                                  
# units = specified
# name 0 = tv290C: Temperature [ITS-90, deg C]
# name 1 = c0mS/cm: Conductivity [mS/cm]
# name 2 = prdM: Pressure, Strain Gauge [db]
# name 3 = timeJ: Julian Days
# name 4 = f0: Frequency 0
# name 5 = f1: Frequency 1
# name 6 = f2: Frequency 2
# name 7 = flag:  0.000e+00
# span 0 =    -2.6636,    -1.9032                 
# span 1 =  -0.000583,  27.371937                 
# span 2 =     -0.271,    359.196                 
# span 3 = 331.216262, 331.238608                 
# span 4 =     694088,     711093                 
# span 5 =   2601.945,   5023.633                 
# span 6 =     524315,     642320                 
# span 7 = 0.0000e+00, 0.0000e+00                 
# interval = seconds: 0.25
# start_time = Nov 27 2007 05:11:25 [Instrument's time stamp, header]
# bad_flag = -9.990e-29
*END*
[from data line 7371]
    -1.9446  27.154834     45.237 331.237590     695007   5009.121     539250  0.000e+00
    -1.9446  27.154833     44.832 331.237593     695008   5009.121     539117  0.000e+00
    -1.9444  27.154309     44.417 331.237595     695004   5009.086     538981  0.000e+00
    -1.9444  27.153726     44.012 331.237598     695004   5009.047     538848  0.000e+00
    -1.9443  27.153783     43.604 331.237601     695002   5009.051     538714  0.000e+00
    -1.9444  27.152852     43.199 331.237604     695004   5008.988     538581  0.000e+00
    -1.9446  27.152968     42.796 331.237607     695008   5008.996     538449  0.000e+00
    -1.9446  27.152734     42.400 331.237610     695008   5008.980     538319  0.000e+00
    -1.9446  27.152617     41.989 331.237613     695008   5008.973     538184  0.000e+00
    -1.9447  27.152209     41.581 331.237616     695009   5008.945     538050  0.000e+00
    -1.9446  27.153138     41.182 331.237619     695007   5009.008     537919  0.000e+00
    -1.9446  27.151916     40.773 331.237622     695008   5008.926     537785  0.000e+00
    -1.9447  27.152322     40.365 331.237624     695009   5008.953     537651  0.000e+00
    -1.9446  27.152204     39.966 331.237627     695007   5008.945     537520  0.000e+00
    -1.9445  27.151680     39.555 331.237630     695005   5008.910     537385  0.000e+00
    -1.9445  27.152609     39.143 331.237633     695006   5008.973     537250  0.000e+00
    -1.9445  27.151911     38.729 331.237636     695006   5008.926     537114  0.000e+00
    -1.9446  27.151212     38.324 331.237639     695008   5008.879     536981  0.000e+00
    -1.9447  27.150339     37.915 331.237642     695009   5008.820     536847  0.000e+00
    -1.9448  27.150338     37.498 331.237645     695012   5008.820     536710  0.000e+00
    -1.9449  27.150569     37.089 331.237648     695014   5008.836     536576  0.000e+00
    -1.9451  27.149813     36.675 331.237650     695019   5008.785     536440  0.000e+00
    -1.9452  27.149288     36.264 331.237653     695021   5008.750     536305  0.000e+00
    -1.9453  27.148474     35.865 331.237656     695024   5008.695     536174  0.000e+00
    -1.9455  27.148938     35.456 331.237659     695028   5008.727     536040  0.000e+00
    -1.9458  27.147948     35.042 331.237662     695034   5008.660     535904  0.000e+00
    -1.9459  27.148645     34.634 331.237665     695037   5008.707     535770  0.000e+00
    -1.9461  27.148237     34.222 331.237668     695041   5008.680     535635  0.000e+00
    -1.9462  27.148119     33.802 331.237671     695044   5008.672     535497  0.000e+00
    -1.9463  27.148467     33.387 331.237674     695046   5008.695     535361  0.000e+00
    -1.9463  27.147129     32.976 331.237677     695045   5008.605     535226  0.000e+00
    -1.9464  27.147826     32.562 331.237679     695048   5008.652     535090  0.000e+00
    -1.9463  27.146894     32.144 331.237682     695046   5008.590     534953  0.000e+00
    -1.9462  27.147242     31.730 331.237685     695043   5008.613     534817  0.000e+00
    -1.9460  27.146892     31.322 331.237688     695039   5008.590     534683  0.000e+00
    -1.9460  27.147007     30.901 331.237691     695039   5008.598     534545  0.000e+00
    -1.9458  27.146367     30.484 331.237694     695035   5008.555     534408  0.000e+00
    -1.9459  27.147122     30.072 331.237697     695037   5008.605     534273  0.000e+00
    -1.9458  27.147004     29.658 331.237700     695034   5008.598     534137  0.000e+00
    -1.9457  27.146887     29.250 331.237703     695032   5008.590     534003  0.000e+00
    -1.9457  27.146130     28.835 331.237705     695032   5008.539     533867  0.000e+00
    -1.9457  27.145315     28.418 331.237708     695032   5008.484     533730  0.000e+00
    -1.9456  27.145837     27.991 331.237711     695030   5008.520     533590  0.000e+00
    -1.9456  27.145546     27.577 331.237714     695030   5008.500     533454  0.000e+00
    -1.9456  27.145603     27.153 331.237717     695030   5008.504     533315  0.000e+00
    -1.9455  27.145311     26.739 331.237720     695028   5008.484     533179  0.000e+00
    -1.9456  27.144787     26.315 331.237723     695029   5008.449     533040  0.000e+00
    -1.9456  27.144727     25.895 331.237726     695030   5008.445     532902  0.000e+00
    -1.9457  27.143971     25.477 331.237729     695032   5008.395     532765  0.000e+00
    -1.9456  27.143912     25.060 331.237731     695031   5008.391     532628  0.000e+00
    -1.9458  27.143678     24.627 331.237734     695035   5008.375     532486  0.000e+00
    -1.9459  27.143328     24.207 331.237737     695036   5008.352     532348  0.000e+00
    -1.9459  27.143153     23.771 331.237740     695036   5008.340     532205  0.000e+00
    -1.9458  27.143442     23.338 331.237743     695034   5008.359     532063  0.000e+00
    -1.9458  27.143615     22.909 331.237746     695035   5008.371     531922  0.000e+00
    -1.9456  27.143440     22.473 331.237749     695029   5008.359     531779  0.000e+00
    -1.9453  27.143032     22.031 331.237752     695023   5008.332     531634  0.000e+00
    -1.9452  27.143437     21.595 331.237755     695022   5008.359     531491  0.000e+00
    -1.9450  27.143901     21.166 331.237758     695016   5008.391     531350  0.000e+00
    -1.9447  27.143435     20.721 331.237760     695009   5008.359     531204  0.000e+00
    -1.9443  27.142911     20.291 331.237763     695002   5008.324     531063  0.000e+00
    -1.9441  27.143317     19.856 331.237766     694997   5008.352     530920  0.000e+00
    -1.9440  27.142618     19.423 331.237769     694994   5008.305     530778  0.000e+00
    -1.9440  27.142733     19.060 331.237772     694994   5008.313     530659  0.000e+00
    -1.9440  27.142907     18.780 331.237775     694995   5008.324     530567  0.000e+00
    -1.9439  27.143023     18.603 331.237778     694992   5008.332     530509  0.000e+00
    -1.9439  27.142092     18.502 331.237781     694992   5008.270     530476  0.000e+00
    -1.9440  27.141627     18.478 331.237784     694995   5008.238     530468  0.000e+00
    -1.9440  27.142092     18.484 331.237786     694994   5008.270     530470  0.000e+00
    -1.9441  27.142906     18.493 331.237789     694996   5008.324     530473  0.000e+00
    -1.9442  27.141918     18.509 331.237792     694999   5008.258     530478  0.000e+00
    -1.9443  27.142093     18.524 331.237795     695000   5008.270     530483  0.000e+00
    -1.9442  27.142209     18.545 331.237798     694999   5008.277     530490  0.000e+00
    -1.9443  27.142383     18.557 331.237801     695001   5008.289     530494  0.000e+00
    -1.9441  27.141918     18.560 331.237804     694997   5008.258     530495  0.000e+00
    -1.9443  27.142616     18.570 331.237807     695001   5008.305     530498  0.000e+00
    -1.9442  27.142616     18.573 331.237810     694999   5008.305     530499  0.000e+00
    -1.9443  27.142209     18.573 331.237813     695001   5008.277     530499  0.000e+00
    -1.9444  27.142616     18.579 331.237815     695003   5008.305     530501  0.000e+00
    -1.9444  27.142209     18.579 331.237818     695004   5008.277     530501  0.000e+00
    -1.9444  27.142093     18.582 331.237821     695004   5008.270     530502  0.000e+00
    -1.9444  27.143023     18.582 331.237824     695004   5008.332     530502  0.000e+00
    -1.9444  27.142383     18.585 331.237827     695003   5008.289     530503  0.000e+00
    -1.9443  27.142500     18.579 331.237830     695001   5008.297     530501  0.000e+00
    -1.9444  27.142383     18.582 331.237833     695003   5008.289     530502  0.000e+00
    -1.9444  27.141860     18.585 331.237836     695003   5008.254     530503  0.000e+00
    -1.9443  27.142209     18.588 331.237839     695002   5008.277     530504  0.000e+00
    -1.9444  27.141570     18.588 331.237841     695004   5008.234     530504  0.000e+00
    -1.9444  27.141918     18.591 331.237844     695004   5008.258     530505  0.000e+00
    -1.9444  27.143430     18.591 331.237847     695003   5008.359     530505  0.000e+00
    -1.9444  27.142209     18.594 331.237850     695003   5008.277     530506  0.000e+00
    -1.9444  27.142383     18.591 331.237853     695003   5008.289     530505  0.000e+00
    -1.9445  27.142383     18.588 331.237856     695006   5008.289     530504  0.000e+00
    -1.9443  27.142209     18.600 331.237859     695002   5008.277     530508  0.000e+00
    -1.9444  27.142616     18.588 331.237862     695003   5008.305     530504  0.000e+00
    -1.9444  27.142500     18.591 331.237865     695003   5008.297     530505  0.000e+00
    -1.9444  27.142093     18.594 331.237867     695004   5008.270     530506  0.000e+00
    -1.9445  27.142732     18.597 331.237870     695006   5008.313     530507  0.000e+00
    -1.9445  27.142383     18.600 331.237873     695005   5008.289     530508  0.000e+00
    -1.9443  27.142209     18.606 331.237876     695002   5008.277     530510  0.000e+00
    -1.9444  27.141337     18.609 331.237879     695004   5008.219     530511  0.000e+00
    -1.9447  27.141047     18.612 331.237882     695009   5008.199     530512  0.000e+00
    -1.9448  27.141337     18.603 331.237885     695013   5008.219     530509  0.000e+00
    -1.9449  27.141337     18.603 331.237888     695014   5008.219     530509  0.000e+00
    -1.9453  27.141105     18.606 331.237891     695024   5008.203     530510  0.000e+00
    -1.9455  27.142093     18.606 331.237894     695027   5008.270     530510  0.000e+00
    -1.9454  27.141628     18.603 331.237896     695026   5008.238     530509  0.000e+00
    -1.9453  27.141337     18.609 331.237899     695024   5008.219     530511  0.000e+00
    -1.9453  27.141337     18.621 331.237902     695024   5008.219     530515  0.000e+00
    -1.9454  27.142209     18.624 331.237905     695026   5008.277     530516  0.000e+00
    -1.9455  27.140814     18.621 331.237908     695027   5008.184     530515  0.000e+00
    -1.9456  27.141337     18.624 331.237911     695029   5008.219     530516  0.000e+00
    -1.9455  27.141570     18.625 331.237914     695028   5008.234     530516  0.000e+00
    -1.9453  27.141337     18.618 331.237917     695024   5008.219     530514  0.000e+00
    -1.9454  27.141860     18.628 331.237920     695025   5008.254     530517  0.000e+00
    -1.9452  27.142209     18.621 331.237922     695022   5008.277     530515  0.000e+00
    -1.9452  27.142093     18.624 331.237925     695021   5008.270     530516  0.000e+00
    -1.9453  27.141860     18.621 331.237928     695023   5008.254     530515  0.000e+00
    -1.9453  27.141628     18.628 331.237931     695024   5008.238     530517  0.000e+00
    -1.9452  27.141337     18.628 331.237934     695022   5008.219     530517  0.000e+00
    -1.9453  27.141628     18.624 331.237937     695024   5008.238     530516  0.000e+00
    -1.9453  27.141570     18.625 331.237940     695023   5008.234     530516  0.000e+00
    -1.9454  27.141919     18.618 331.237943     695025   5008.258     530514  0.000e+00
    -1.9453  27.141570     18.624 331.237946     695024   5008.234     530516  0.000e+00
    -1.9453  27.141860     18.621 331.237948     695024   5008.254     530515  0.000e+00
    -1.9454  27.141628     18.621 331.237951     695026   5008.238     530515  0.000e+00
    -1.9454  27.141860     18.624 331.237954     695025   5008.254     530516  0.000e+00
    -1.9452  27.141105     18.628 331.237957     695020   5008.203     530517  0.000e+00
    -1.9454  27.142093     18.618 331.237960     695025   5008.270     530514  0.000e+00
    -1.9456  27.140524     18.609 331.237963     695030   5008.164     530511  0.000e+00
    -1.9458  27.140814     18.612 331.237966     695034   5008.184     530512  0.000e+00
    -1.9459  27.140814     18.615 331.237969     695036   5008.184     530513  0.000e+00
    -1.9458  27.141105     18.615 331.237972     695035   5008.203     530513  0.000e+00
    -1.9459  27.140814     18.606 331.237975     695036   5008.184     530510  0.000e+00
    -1.9459  27.140524     18.606 331.237977     695037   5008.164     530510  0.000e+00
    -1.9459  27.141570     18.609 331.237980     695037   5008.234     530511  0.000e+00
    -1.9459  27.140814     18.606 331.237983     695037   5008.184     530510  0.000e+00
    -1.9459  27.140814     18.612 331.237986     695037   5008.184     530512  0.000e+00
    -1.9461  27.140814     18.612 331.237989     695041   5008.184     530512  0.000e+00
    -1.9461  27.140524     18.621 331.237992     695042   5008.164     530515  0.000e+00
    -1.9462  27.140814     18.621 331.237995     695044   5008.184     530515  0.000e+00
    -1.9462  27.140524     18.637 331.237998     695044   5008.164     530520  0.000e+00
    -1.9461  27.140814     18.637 331.238001     695042   5008.184     530520  0.000e+00
    -1.9462  27.140233     18.634 331.238003     695043   5008.145     530519  0.000e+00
    -1.9462  27.141337     18.606 331.238006     695043   5008.219     530510  0.000e+00
    -1.9462  27.140814     18.570 331.238009     695044   5008.184     530498  0.000e+00
    -1.9460  27.141570     18.512 331.238012     695039   5008.234     530479  0.000e+00
    -1.9459  27.141569     18.457 331.238015     695037   5008.234     530461  0.000e+00
    -1.9459  27.141104     18.396 331.238018     695036   5008.203     530441  0.000e+00
    -1.9457  27.142383     18.326 331.238021     695032   5008.289     530418  0.000e+00
    -1.9455  27.141336     18.265 331.238024     695027   5008.219     530398  0.000e+00
    -1.9453  27.141046     18.201 331.238027     695024   5008.199     530377  0.000e+00
    -1.9456  27.140813     18.131 331.238030     695029   5008.184     530354  0.000e+00
    -1.9455  27.141045     18.055 331.238032     695028   5008.199     530329  0.000e+00
    -1.9456  27.140231     17.991 331.238035     695030   5008.145     530308  0.000e+00
    -1.9457  27.141045     17.915 331.238038     695032   5008.199     530283  0.000e+00
    -1.9456  27.140812     17.844 331.238041     695031   5008.184     530260  0.000e+00
    -1.9458  27.139417     17.774 331.238044     695035   5008.090     530237  0.000e+00
    -1.9459  27.140812     17.701 331.238047     695036   5008.184     530213  0.000e+00
    -1.9460  27.139940     17.640 331.238050     695039   5008.125     530193  0.000e+00
    -1.9459  27.140812     17.570 331.238053     695036   5008.184     530170  0.000e+00
    -1.9459  27.140230     17.522 331.238056     695037   5008.145     530154  0.000e+00
    -1.9460  27.140521     17.479 331.238058     695039   5008.164     530140  0.000e+00
    -1.9460  27.140811     17.436 331.238061     695039   5008.184     530126  0.000e+00
    -1.9459  27.140520     17.390 331.238064     695037   5008.164     530111  0.000e+00
    -1.9461  27.139183     17.339 331.238067     695041   5008.074     530094  0.000e+00
    -1.9460  27.139939     17.250 331.238070     695038   5008.125     530065  0.000e+00
    -1.9461  27.139706     17.150 331.238073     695040   5008.109     530032  0.000e+00
    -1.9463  27.139706     17.073 331.238076     695046   5008.109     530007  0.000e+00
    -1.9463  27.139706     16.964 331.238079     695046   5008.109     529971  0.000e+00
    -1.9464  27.139705     16.863 331.238082     695048   5008.109     529938  0.000e+00
    -1.9464  27.139996     16.741 331.238084     695047   5008.129     529898  0.000e+00
    -1.9464  27.139705     16.632 331.238087     695047   5008.109     529862  0.000e+00
    -1.9465  27.140228     16.507 331.238090     695050   5008.145     529821  0.000e+00
    -1.9464  27.139472     16.391 331.238093     695047   5008.094     529783  0.000e+00
    -1.9464  27.139936     16.315 331.238096     695048   5008.125     529758  0.000e+00
    -1.9464  27.139471     16.260 331.238099     695048   5008.094     529740  0.000e+00
    -1.9463  27.139704     16.220 331.238102     695046   5008.109     529727  0.000e+00
    -1.9463  27.139471     16.162 331.238105     695046   5008.094     529708  0.000e+00
