sbs/tests/resources/orca-test-data/SBE19plus/4794/4794_039_KiM.cnv
* Sea-Bird SBE19plus Data File:
* FileName = C:\Documents and Settings\stevens\Desktop\K131_2007\CTD\4794_039.hex
* Software Version 1.50
* Temperature SN =  4977
* Conductivity SN =  4977
* System UpLoad Time = Nov 27 2007 11:53:27
** K131 McMurdo SeaIce Work
** nov-dec 2007
** using chch plastic ctd
** times are local (NZ daylight savings)
# nquan = 8
# nvalues = 8534                                  
# units = specified
# name 0 = tv290C: Temperature [ITS-90, deg C]
# name 1 = c0mS/cm: Conductivity [mS/cm]
# name 2 = prdM: Pressure, Strain Gauge [db]
# name 3 = timeJ: Julian Days
# name 4 = f0: Frequency 0
# name 5 = f1: Frequency 1
# name 6 = f2: Frequency 2
# name 7 = flag:  0.000e+00
# span 0 =    -1.9528,    -1.8501                 
# span 1 =  -0.000914,  27.446921                 
# span 2 =     -0.277,    354.403                 
# span 3 = 331.467870, 331.492561                 
# span 4 =     692911,     695189                 
# span 5 =   2601.902,   5028.715                 
# span 6 =     524313,     640746                 
# span 7 = 0.0000e+00, 0.0000e+00                 
# interval = seconds: 0.25
# start_time = Nov 27 2007 11:13:44 [Instrument's time stamp, header]
# bad_flag = -9.990e-29
*END*
[from data line 540]
    -1.9472  27.176192     97.348 331.469433     695065   5010.547     556353  0.000e+00
    -1.9478  27.175844     97.628 331.469436     695079   5010.523     556445  0.000e+00
    -1.9481  27.175670     97.930 331.469439     695085   5010.512     556544  0.000e+00
    -1.9483  27.175555     98.213 331.469442     695090   5010.504     556637  0.000e+00
    -1.9485  27.175555     98.487 331.469444     695094   5010.504     556727  0.000e+00
    -1.9488  27.175905     98.783 331.469447     695101   5010.527     556824  0.000e+00
    -1.9486  27.175848     99.072 331.469450     695096   5010.523     556919  0.000e+00
    -1.9486  27.175674     99.353 331.469453     695097   5010.512     557011  0.000e+00
    -1.9488  27.175849     99.651 331.469456     695100   5010.523     557109  0.000e+00
    -1.9488  27.175676     99.953 331.469459     695102   5010.512     557208  0.000e+00
    -1.9488  27.176083    100.230 331.469462     695102   5010.539     557299  0.000e+00
    -1.9491  27.175852    100.523 331.469465     695107   5010.523     557395  0.000e+00
    -1.9486  27.175910    100.842 331.469468     695096   5010.527     557500  0.000e+00
    -1.9487  27.176376    101.114 331.469470     695099   5010.559     557589  0.000e+00
    -1.9491  27.176203    101.409 331.469473     695107   5010.547     557686  0.000e+00
    -1.9483  27.176087    101.726 331.469476     695091   5010.539     557790  0.000e+00
    -1.9482  27.176495    102.018 331.469479     695088   5010.566     557886  0.000e+00
    -1.9485  27.176379    102.299 331.469482     695095   5010.559     557978  0.000e+00
    -1.9487  27.176613    102.585 331.469485     695099   5010.574     558072  0.000e+00
    -1.9487  27.176497    102.878 331.469488     695099   5010.566     558168  0.000e+00
    -1.9489  27.176905    103.130 331.469491     695103   5010.594     558251  0.000e+00
    -1.9488  27.177080    103.399 331.469494     695102   5010.605     558339  0.000e+00
    -1.9488  27.177139    103.679 331.469497     695101   5010.609     558431  0.000e+00
    -1.9489  27.177372    103.929 331.469499     695104   5010.625     558513  0.000e+00
    -1.9486  27.177431    104.178 331.469502     695096   5010.629     558595  0.000e+00
    -1.9487  27.177432    104.450 331.469505     695099   5010.629     558684  0.000e+00
    -1.9488  27.177374    104.727 331.469508     695101   5010.625     558775  0.000e+00
    -1.9485  27.178189    104.971 331.469511     695094   5010.680     558855  0.000e+00
    -1.9486  27.178190    105.217 331.469514     695096   5010.680     558936  0.000e+00
    -1.9485  27.178190    105.485 331.469517     695094   5010.680     559024  0.000e+00
    -1.9486  27.178191    105.747 331.469520     695097   5010.680     559110  0.000e+00
    -1.9485  27.178773    105.976 331.469523     695094   5010.719     559185  0.000e+00
    -1.9485  27.178483    106.229 331.469525     695095   5010.699     559268  0.000e+00
    -1.9486  27.178193    106.494 331.469528     695097   5010.680     559355  0.000e+00
    -1.9484  27.178775    106.738 331.469531     695093   5010.719     559435  0.000e+00
    -1.9487  27.179299    106.969 331.469534     695098   5010.754     559511  0.000e+00
    -1.9485  27.179009    107.195 331.469537     695094   5010.734     559585  0.000e+00
    -1.9487  27.179010    107.447 331.469540     695098   5010.734     559668  0.000e+00
    -1.9483  27.180580    107.658 331.469543     695091   5010.840     559737  0.000e+00
    -1.9485  27.180348    107.877 331.469546     695094   5010.824     559809  0.000e+00
    -1.9485  27.180407    108.087 331.469549     695095   5010.828     559878  0.000e+00
    -1.9487  27.179303    108.331 331.469552     695099   5010.754     559958  0.000e+00
    -1.9485  27.180699    108.553 331.469554     695095   5010.848     560031  0.000e+00
    -1.9485  27.181398    108.770 331.469557     695094   5010.895     560102  0.000e+00
    -1.9487  27.180700    108.971 331.469560     695098   5010.848     560168  0.000e+00
    -1.9488  27.180352    109.196 331.469563     695100   5010.824     560242  0.000e+00
    -1.9487  27.180352    109.434 331.469566     695098   5010.824     560320  0.000e+00
    -1.9487  27.181807    109.638 331.469569     695099   5010.922     560387  0.000e+00
    -1.9488  27.181110    109.842 331.469572     695101   5010.875     560454  0.000e+00
    -1.9487  27.181575    110.043 331.469575     695098   5010.906     560520  0.000e+00
    -1.9485  27.180064    110.293 331.469578     695095   5010.805     560602  0.000e+00
    -1.9487  27.181576    110.503 331.469580     695099   5010.906     560671  0.000e+00
    -1.9487  27.181112    110.716 331.469583     695099   5010.875     560741  0.000e+00
    -1.9490  27.181403    110.917 331.469586     695106   5010.895     560807  0.000e+00
    -1.9487  27.180415    111.146 331.469589     695099   5010.828     560882  0.000e+00
    -1.9488  27.180590    111.380 331.469592     695102   5010.840     560959  0.000e+00
    -1.9486  27.181812    111.597 331.469595     695096   5010.922     561030  0.000e+00
    -1.9488  27.182220    111.798 331.469598     695101   5010.949     561096  0.000e+00
    -1.9485  27.182104    112.005 331.469601     695094   5010.941     561164  0.000e+00
    -1.9487  27.181116    112.243 331.469604     695098   5010.875     561242  0.000e+00
    -1.9487  27.182221    112.459 331.469606     695098   5010.949     561313  0.000e+00
    -1.9488  27.182106    112.657 331.469609     695100   5010.941     561378  0.000e+00
    -1.9488  27.182455    112.855 331.469612     695100   5010.965     561443  0.000e+00
    -1.9485  27.181583    113.074 331.469615     695094   5010.906     561515  0.000e+00
    -1.9487  27.181409    113.306 331.469618     695098   5010.895     561591  0.000e+00
    -1.9487  27.182980    113.510 331.469621     695099   5011.000     561658  0.000e+00
    -1.9488  27.181410    113.708 331.469624     695101   5010.895     561723  0.000e+00
    -1.9486  27.181934    113.900 331.469627     695097   5010.930     561786  0.000e+00
    -1.9488  27.179899    114.128 331.469630     695101   5010.793     561861  0.000e+00
    -1.9487  27.181121    114.339 331.469633     695098   5010.875     561930  0.000e+00
    -1.9486  27.179028    114.546 331.469635     695096   5010.734     561998  0.000e+00
    -1.9484  27.179843    114.735 331.469638     695093   5010.789     562060  0.000e+00
    -1.9483  27.179320    114.933 331.469641     695091   5010.754     562125  0.000e+00
    -1.9483  27.178506    115.167 331.469644     695091   5010.699     562202  0.000e+00
    -1.9486  27.178798    115.384 331.469647     695096   5010.719     562273  0.000e+00
    -1.9484  27.179322    115.591 331.469650     695093   5010.754     562341  0.000e+00
    -1.9485  27.180602    115.774 331.469653     695094   5010.840     562401  0.000e+00
    -1.9487  27.179032    115.987 331.469656     695098   5010.734     562471  0.000e+00
    -1.9482  27.178800    116.218 331.469659     695087   5010.719     562547  0.000e+00
    -1.9483  27.179556    116.416 331.469661     695089   5010.770     562612  0.000e+00
    -1.9482  27.180197    116.621 331.469664     695088   5010.813     562679  0.000e+00
    -1.9483  27.181418    116.797 331.469667     695089   5010.895     562737  0.000e+00
    -1.9483  27.179616    117.001 331.469670     695091   5010.773     562804  0.000e+00
    -1.9482  27.179035    117.227 331.469673     695087   5010.734     562878  0.000e+00
    -1.9484  27.180722    117.419 331.469676     695093   5010.848     562941  0.000e+00
    -1.9482  27.180897    117.611 331.469679     695088   5010.859     563004  0.000e+00
    -1.9483  27.180374    117.793 331.469682     695090   5010.824     563064  0.000e+00
    -1.9481  27.179619    118.007 331.469685     695085   5010.773     563134  0.000e+00
    -1.9484  27.179852    118.235 331.469688     695093   5010.789     563209  0.000e+00
    -1.9484  27.182120    118.421 331.469690     695092   5010.941     563270  0.000e+00
    -1.9481  27.181714    118.610 331.469693     695086   5010.914     563332  0.000e+00
    -1.9481  27.183517    118.777 331.469696     695085   5011.035     563387  0.000e+00
    -1.9482  27.180901    118.963 331.469699     695087   5010.859     563448  0.000e+00
    -1.9484  27.180087    119.177 331.469702     695093   5010.805     563518  0.000e+00
    -1.9488  27.184391    119.365 331.469705     695101   5011.094     563580  0.000e+00
    -1.9487  27.184333    119.533 331.469708     695099   5011.090     563635  0.000e+00
    -1.9484  27.186893    119.701 331.469711     695093   5011.262     563690  0.000e+00
    -1.9483  27.185148    119.883 331.469714     695090   5011.145     563750  0.000e+00
    -1.9483  27.183230    120.087 331.469716     695090   5011.016     563817  0.000e+00
    -1.9483  27.185382    120.279 331.469719     695089   5011.160     563880  0.000e+00
    -1.9481  27.184045    120.456 331.469722     695086   5011.070     563938  0.000e+00
    -1.9483  27.182126    120.627 331.469725     695089   5010.941     563994  0.000e+00
    -1.9483  27.182766    120.806 331.469728     695090   5010.984     564053  0.000e+00
    -1.9481  27.181313    121.014 331.469731     695086   5010.887     564121  0.000e+00
    -1.9480  27.181953    121.218 331.469734     695084   5010.930     564188  0.000e+00
    -1.9483  27.183001    121.397 331.469737     695089   5011.000     564247  0.000e+00
    -1.9479  27.182768    121.577 331.469740     695082   5010.984     564306  0.000e+00
    -1.9482  27.183292    121.757 331.469742     695088   5011.020     564365  0.000e+00
    -1.9481  27.181839    121.967 331.469745     695085   5010.922     564434  0.000e+00
    -1.9479  27.181956    122.180 331.469748     695081   5010.930     564504  0.000e+00
    -1.9482  27.182131    122.381 331.469751     695088   5010.941     564570  0.000e+00
    -1.9483  27.182771    122.567 331.469754     695091   5010.984     564631  0.000e+00
    -1.9482  27.182713    122.759 331.469757     695088   5010.980     564694  0.000e+00
    -1.9480  27.181958    122.979 331.469760     695084   5010.930     564766  0.000e+00
    -1.9483  27.182482    123.198 331.469763     695091   5010.965     564838  0.000e+00
    -1.9484  27.182715    123.405 331.469766     695093   5010.980     564906  0.000e+00
    -1.9482  27.183006    123.600 331.469769     695087   5011.000     564970  0.000e+00
    -1.9480  27.183007    123.795 331.469771     695084   5011.000     565034  0.000e+00
    -1.9482  27.182484    124.023 331.469774     695088   5010.965     565109  0.000e+00
    -1.9481  27.183008    124.252 331.469777     695086   5011.000     565184  0.000e+00
    -1.9482  27.183299    124.453 331.469780     695088   5011.020     565250  0.000e+00
    -1.9485  27.183532    124.648 331.469783     695094   5011.035     565314  0.000e+00
    -1.9484  27.183010    124.852 331.469786     695093   5011.000     565381  0.000e+00
    -1.9484  27.182487    125.087 331.469789     695092   5010.965     565458  0.000e+00
    -1.9482  27.183243    125.300 331.469792     695087   5011.016     565528  0.000e+00
    -1.9485  27.183302    125.510 331.469795     695094   5011.020     565597  0.000e+00
    -1.9485  27.183303    125.714 331.469797     695095   5011.020     565664  0.000e+00
    -1.9487  27.183012    125.934 331.469800     695098   5011.000     565736  0.000e+00
    -1.9484  27.183304    126.180 331.469803     695093   5011.020     565817  0.000e+00
    -1.9487  27.183537    126.397 331.469806     695098   5011.035     565888  0.000e+00
    -1.9483  27.183538    126.619 331.469809     695090   5011.035     565961  0.000e+00
    -1.9487  27.183829    126.823 331.469812     695098   5011.055     566028  0.000e+00
    -1.9487  27.183306    127.061 331.469815     695098   5011.020     566106  0.000e+00
    -1.9483  27.183830    127.301 331.469818     695091   5011.055     566185  0.000e+00
    -1.9484  27.184412    127.521 331.469821     695093   5011.094     566257  0.000e+00
    -1.9482  27.183831    127.740 331.469823     695087   5011.055     566329  0.000e+00
    -1.9483  27.184123    127.972 331.469826     695089   5011.074     566405  0.000e+00
    -1.9483  27.184065    128.237 331.469829     695090   5011.070     566492  0.000e+00
    -1.9483  27.184706    128.459 331.469832     695091   5011.113     566565  0.000e+00
    -1.9481  27.184357    128.688 331.469835     695085   5011.090     566640  0.000e+00
    -1.9480  27.184590    128.910 331.469838     695084   5011.105     566713  0.000e+00
    -1.9481  27.184417    129.163 331.469841     695086   5011.094     566796  0.000e+00
    -1.9482  27.184882    129.400 331.469844     695088   5011.125     566874  0.000e+00
    -1.9482  27.185232    129.623 331.469847     695088   5011.148     566947  0.000e+00
    -1.9484  27.184884    129.845 331.469850     695092   5011.125     567020  0.000e+00
    -1.9483  27.185233    130.074 331.469852     695090   5011.148     567095  0.000e+00
    -1.9480  27.185408    130.324 331.469855     695084   5011.160     567177  0.000e+00
    -1.9481  27.185700    130.531 331.469858     695085   5011.180     567245  0.000e+00
    -1.9481  27.185526    130.762 331.469861     695086   5011.168     567321  0.000e+00
    -1.9480  27.185701    130.960 331.469864     695083   5011.180     567386  0.000e+00
    -1.9481  27.185236    131.219 331.469867     695085   5011.148     567471  0.000e+00
    -1.9482  27.186225    131.435 331.469870     695088   5011.215     567542  0.000e+00
    -1.9481  27.186342    131.646 331.469873     695085   5011.223     567611  0.000e+00
    -1.9482  27.185703    131.856 331.469876     695087   5011.180     567680  0.000e+00
    -1.9483  27.185936    132.087 331.469878     695089   5011.195     567756  0.000e+00
    -1.9481  27.186111    132.331 331.469881     695085   5011.207     567836  0.000e+00
    -1.9479  27.187508    132.532 331.469884     695081   5011.301     567902  0.000e+00
    -1.9483  27.186112    132.736 331.469887     695091   5011.207     567969  0.000e+00
    -1.9483  27.186229    132.943 331.469890     695089   5011.215     568037  0.000e+00
    -1.9483  27.186114    133.184 331.469893     695090   5011.207     568116  0.000e+00
    -1.9483  27.186987    133.400 331.469896     695089   5011.266     568187  0.000e+00
    -1.9484  27.187278    133.605 331.469899     695093   5011.285     568254  0.000e+00
    -1.9486  27.186348    133.803 331.469902     695096   5011.223     568319  0.000e+00
    -1.9485  27.186465    134.016 331.469905     695095   5011.230     568389  0.000e+00
    -1.9483  27.186640    134.253 331.469907     695089   5011.242     568467  0.000e+00
    -1.9483  27.188036    134.442 331.469910     695089   5011.336     568529  0.000e+00
    -1.9484  27.186932    134.640 331.469913     695093   5011.262     568594  0.000e+00
    -1.9483  27.186990    134.835 331.469916     695091   5011.266     568658  0.000e+00
    -1.9482  27.187282    135.049 331.469919     695088   5011.285     568728  0.000e+00
    -1.9482  27.187515    135.271 331.469922     695087   5011.301     568801  0.000e+00
    -1.9482  27.188620    135.466 331.469925     695087   5011.375     568865  0.000e+00
    -1.9483  27.187516    135.667 331.469928     695091   5011.301     568931  0.000e+00
    -1.9481  27.187807    135.868 331.469931     695085   5011.320     568997  0.000e+00
    -1.9481  27.187808    136.112 331.469933     695085   5011.320     569077  0.000e+00
    -1.9479  27.188623    136.319 331.469936     695082   5011.375     569145  0.000e+00
    -1.9478  27.188332    136.523 331.469939     695078   5011.355     569212  0.000e+00
    -1.9478  27.188042    136.724 331.469942     695079   5011.336     569278  0.000e+00
    -1.9479  27.188043    136.937 331.469945     695081   5011.336     569348  0.000e+00
    -1.9480  27.188334    137.178 331.469948     695084   5011.355     569427  0.000e+00
