sbs/tests/resources/orca-test-data/SBE19plus/4794/4794_033_KiM.cnv
* Sea-Bird SBE19plus Data File:
* FileName = C:\Documents and Settings\stevens\Desktop\K131_2007\CTD\4794_033.hex
* Software Version 1.50
* Temperature SN =  4977
* Conductivity SN =  4977
* System UpLoad Time = Nov 27 2007 05:48:56
** K131 McMurdo SeaIce Work
** nov-dec 2007
** using chch plastic ctd
** times are local (NZ daylight savings)
# nquan = 8
# nvalues = 7724                                  
# units = specified
# name 0 = tv290C: Temperature [ITS-90, deg C]
# name 1 = c0mS/cm: Conductivity [mS/cm]
# name 2 = prdM: Pressure, Strain Gauge [db]
# name 3 = timeJ: Julian Days
# name 4 = f0: Frequency 0
# name 5 = f1: Frequency 1
# name 6 = f2: Frequency 2
# name 7 = flag:  0.000e+00
# span 0 =    -2.6636,    -1.9032                 
# span 1 =  -0.000583,  27.371937                 
# span 2 =     -0.271,    359.196                 
# span 3 = 331.216262, 331.238608                 
# span 4 =     694088,     711093                 
# span 5 =   2601.945,   5023.633                 
# span 6 =     524315,     642320                 
# span 7 = 0.0000e+00, 0.0000e+00                 
# interval = seconds: 0.25
# start_time = Nov 27 2007 05:11:25 [Instrument's time stamp, header]
# bad_flag = -9.990e-29
*END*
[from data line 5753]
    -1.9229  27.299422    284.282 331.232908     694526   5018.785     617721  0.000e+00
    -1.9227  27.299364    284.507 331.232911     694522   5018.781     617795  0.000e+00
    -1.9228  27.299423    284.705 331.232914     694524   5018.785     617860  0.000e+00
    -1.9230  27.300414    284.876 331.232917     694529   5018.852     617916  0.000e+00
    -1.9224  27.302045    285.058 331.232920     694516   5018.961     617976  0.000e+00
    -1.9219  27.302279    285.278 331.232922     694504   5018.977     618048  0.000e+00
    -1.9214  27.302279    285.494 331.232925     694493   5018.977     618119  0.000e+00
    -1.9212  27.301697    285.680 331.232928     694488   5018.938     618180  0.000e+00
    -1.9212  27.300999    285.847 331.232931     694488   5018.891     618235  0.000e+00
    -1.9211  27.300999    286.030 331.232934     694486   5018.891     618295  0.000e+00
    -1.9213  27.301116    286.234 331.232937     694491   5018.898     618362  0.000e+00
    -1.9215  27.301524    286.441 331.232940     694494   5018.926     618430  0.000e+00
    -1.9215  27.301117    286.612 331.232943     694495   5018.898     618486  0.000e+00
    -1.9217  27.300710    286.764 331.232946     694499   5018.871     618536  0.000e+00
    -1.9219  27.301002    286.925 331.232948     694503   5018.891     618589  0.000e+00
    -1.9220  27.301701    287.117 331.232951     694507   5018.938     618652  0.000e+00
    -1.9221  27.301236    287.333 331.232954     694509   5018.906     618723  0.000e+00
    -1.9221  27.301993    287.516 331.232957     694509   5018.957     618783  0.000e+00
    -1.9219  27.302809    287.693 331.232960     694503   5019.012     618841  0.000e+00
    -1.9216  27.302810    287.888 331.232963     694497   5019.012     618905  0.000e+00
    -1.9215  27.303393    288.113 331.232966     694494   5019.051     618979  0.000e+00
    -1.9212  27.302578    288.338 331.232969     694489   5018.996     619053  0.000e+00
    -1.9211  27.303103    288.546 331.232972     694486   5019.031     619121  0.000e+00
    -1.9213  27.302521    288.762 331.232975     694490   5018.992     619192  0.000e+00
    -1.9216  27.303395    289.005 331.232977     694498   5019.051     619272  0.000e+00
    -1.9219  27.301415    289.261 331.232980     694503   5018.918     619356  0.000e+00
    -1.9219  27.303397    289.487 331.232983     694505   5019.051     619430  0.000e+00
    -1.9221  27.303106    289.712 331.232986     694508   5019.031     619504  0.000e+00
    -1.9220  27.303980    289.980 331.232989     694506   5019.090     619592  0.000e+00
    -1.9219  27.303923    290.239 331.232992     694503   5019.086     619677  0.000e+00
    -1.9218  27.303108    290.461 331.232995     694502   5019.031     619750  0.000e+00
    -1.9217  27.303924    290.696 331.232998     694499   5019.086     619827  0.000e+00
    -1.9216  27.305206    290.967 331.233001     694497   5019.172     619916  0.000e+00
    -1.9212  27.306197    291.210 331.233003     694488   5019.238     619996  0.000e+00
    -1.9208  27.305790    291.411 331.233006     694479   5019.211     620062  0.000e+00
    -1.9202  27.305383    291.616 331.233009     694467   5019.184     620129  0.000e+00
    -1.9201  27.306315    291.868 331.233012     694463   5019.246     620212  0.000e+00
    -1.9197  27.306025    292.097 331.233015     694454   5019.227     620287  0.000e+00
    -1.9194  27.307074    292.264 331.233018     694448   5019.297     620342  0.000e+00
    -1.9189  27.307890    292.441 331.233021     694437   5019.352     620400  0.000e+00
    -1.9186  27.308764    292.642 331.233024     694430   5019.410     620466  0.000e+00
    -1.9183  27.307658    292.855 331.233027     694424   5019.336     620536  0.000e+00
    -1.9183  27.307891    293.041 331.233030     694423   5019.352     620597  0.000e+00
    -1.9181  27.308474    293.208 331.233032     694420   5019.391     620652  0.000e+00
    -1.9180  27.308708    293.385 331.233035     694418   5019.406     620710  0.000e+00
    -1.9175  27.309582    293.583 331.233038     694407   5019.465     620775  0.000e+00
    -1.9174  27.308709    293.796 331.233041     694403   5019.406     620845  0.000e+00
    -1.9171  27.310573    293.985 331.233044     694398   5019.531     620907  0.000e+00
    -1.9168  27.310690    294.152 331.233047     694391   5019.539     620962  0.000e+00
    -1.9167  27.310283    294.344 331.233050     694388   5019.512     621025  0.000e+00
    -1.9166  27.309876    294.548 331.233053     694386   5019.484     621092  0.000e+00
    -1.9165  27.310284    294.768 331.233056     694385   5019.512     621164  0.000e+00
    -1.9165  27.310285    294.963 331.233058     694385   5019.512     621228  0.000e+00
    -1.9165  27.310693    295.136 331.233061     694383   5019.539     621285  0.000e+00
    -1.9167  27.310577    295.316 331.233064     694388   5019.531     621344  0.000e+00
    -1.9167  27.311626    295.550 331.233067     694388   5019.602     621421  0.000e+00
    -1.9166  27.312093    295.767 331.233070     694386   5019.633     621492  0.000e+00
    -1.9162  27.311860    295.943 331.233073     694378   5019.617     621550  0.000e+00
    -1.9158  27.313550    296.114 331.233076     694369   5019.730     621606  0.000e+00
    -1.9155  27.314832    296.318 331.233079     694361   5019.816     621673  0.000e+00
    -1.9146  27.314017    296.543 331.233082     694341   5019.762     621747  0.000e+00
    -1.9140  27.315183    296.732 331.233084     694328   5019.840     621809  0.000e+00
    -1.9136  27.315067    296.893 331.233087     694320   5019.832     621862  0.000e+00
    -1.9136  27.314368    297.067 331.233090     694319   5019.785     621919  0.000e+00
    -1.9133  27.315883    297.280 331.233093     694314   5019.887     621989  0.000e+00
    -1.9132  27.315359    297.500 331.233096     694311   5019.852     622061  0.000e+00
    -1.9131  27.315476    297.682 331.233099     694308   5019.859     622121  0.000e+00
    -1.9131  27.316409    297.868 331.233102     694308   5019.922     622182  0.000e+00
    -1.9131  27.315769    298.069 331.233105     694309   5019.879     622248  0.000e+00
    -1.9129  27.317226    298.285 331.233108     694305   5019.977     622319  0.000e+00
    -1.9128  27.317460    298.511 331.233111     694302   5019.992     622393  0.000e+00
    -1.9125  27.316877    298.693 331.233113     694295   5019.953     622453  0.000e+00
    -1.9124  27.317460    298.873 331.233116     694293   5019.992     622512  0.000e+00
    -1.9121  27.318335    299.083 331.233119     694286   5020.051     622581  0.000e+00
    -1.9119  27.317753    299.315 331.233122     694283   5020.012     622657  0.000e+00
    -1.9118  27.317986    299.510 331.233125     694279   5020.027     622721  0.000e+00
    -1.9117  27.318045    299.695 331.233128     694277   5020.031     622782  0.000e+00
    -1.9117  27.318803    299.875 331.233131     694278   5020.082     622841  0.000e+00
    -1.9117  27.318512    300.097 331.233134     694277   5020.063     622914  0.000e+00
    -1.9116  27.318571    300.323 331.233137     694275   5020.066     622988  0.000e+00
    -1.9116  27.318280    300.509 331.233139     694276   5020.047     623049  0.000e+00
    -1.9116  27.318863    300.682 331.233142     694275   5020.086     623106  0.000e+00
    -1.9116  27.318806    300.883 331.233145     694276   5020.082     623172  0.000e+00
    -1.9116  27.318806    301.093 331.233148     694275   5020.082     623241  0.000e+00
    -1.9117  27.319448    301.297 331.233151     694277   5020.125     623308  0.000e+00
    -1.9117  27.319040    301.474 331.233154     694278   5020.098     623366  0.000e+00
    -1.9115  27.320264    301.641 331.233157     694274   5020.180     623421  0.000e+00
    -1.9115  27.320381    301.830 331.233160     694274   5020.188     623483  0.000e+00
    -1.9114  27.320382    302.019 331.233163     694272   5020.188     623545  0.000e+00
    -1.9111  27.321140    302.174 331.233166     694265   5020.238     623596  0.000e+00
    -1.9109  27.321723    302.281 331.233168     694260   5020.277     623631  0.000e+00
    -1.9109  27.320557    302.354 331.233171     694259   5020.199     623655  0.000e+00
    -1.9107  27.319858    302.418 331.233174     694256   5020.152     623676  0.000e+00
    -1.9109  27.320383    302.464 331.233177     694259   5020.188     623691  0.000e+00
    -1.9109  27.320267    302.540 331.233180     694260   5020.180     623716  0.000e+00
    -1.9109  27.321432    302.653 331.233183     694259   5020.258     623753  0.000e+00
    -1.9107  27.320034    302.808 331.233186     694256   5020.164     623804  0.000e+00
    -1.9105  27.320909    302.988 331.233189     694251   5020.223     623863  0.000e+00
    -1.9106  27.322249    303.158 331.233192     694254   5020.313     623919  0.000e+00
    -1.9105  27.322250    303.350 331.233194     694250   5020.313     623982  0.000e+00
    -1.9104  27.322542    303.594 331.233197     694249   5020.332     624062  0.000e+00
    -1.9105  27.322018    303.837 331.233200     694250   5020.297     624142  0.000e+00
    -1.9109  27.321145    304.078 331.233203     694260   5020.238     624221  0.000e+00
    -1.9114  27.321204    304.315 331.233206     694270   5020.242     624299  0.000e+00
    -1.9118  27.321437    304.568 331.233209     694280   5020.258     624382  0.000e+00
    -1.9119  27.321729    304.818 331.233212     694282   5020.277     624464  0.000e+00
    -1.9120  27.322779    305.034 331.233215     694285   5020.348     624535  0.000e+00
    -1.9120  27.323129    305.238 331.233218     694284   5020.371     624602  0.000e+00
    -1.9117  27.324120    305.485 331.233220     694278   5020.438     624683  0.000e+00
    -1.9114  27.323363    305.738 331.233223     694270   5020.387     624766  0.000e+00
    -1.9114  27.323306    305.948 331.233226     694271   5020.383     624835  0.000e+00
    -1.9119  27.323831    306.164 331.233229     694281   5020.418     624906  0.000e+00
    -1.9122  27.323365    306.414 331.233232     694288   5020.387     624988  0.000e+00
    -1.9126  27.323307    306.663 331.233235     694297   5020.383     625070  0.000e+00
    -1.9126  27.323949    306.867 331.233238     694298   5020.426     625137  0.000e+00
    -1.9127  27.323600    307.081 331.233241     694300   5020.402     625207  0.000e+00
    -1.9125  27.323834    307.333 331.233244     694296   5020.418     625290  0.000e+00
    -1.9124  27.323951    307.574 331.233247     694293   5020.426     625369  0.000e+00
    -1.9124  27.324417    307.778 331.233249     694292   5020.457     625436  0.000e+00
    -1.9123  27.323835    307.988 331.233252     694291   5020.418     625505  0.000e+00
    -1.9124  27.323370    308.256 331.233255     694292   5020.387     625593  0.000e+00
    -1.9126  27.323837    308.503 331.233258     694298   5020.418     625674  0.000e+00
    -1.9127  27.324245    308.695 331.233261     694300   5020.445     625737  0.000e+00
    -1.9127  27.324421    308.923 331.233264     694300   5020.457     625812  0.000e+00
    -1.9128  27.324130    309.197 331.233267     694301   5020.438     625902  0.000e+00
    -1.9130  27.323664    309.432 331.233270     694307   5020.406     625979  0.000e+00
    -1.9133  27.323315    309.621 331.233273     694312   5020.383     626041  0.000e+00
    -1.9134  27.324540    309.861 331.233275     694315   5020.465     626120  0.000e+00
    -1.9136  27.323317    310.135 331.233278     694320   5020.383     626210  0.000e+00
    -1.9134  27.324424    310.345 331.233281     694315   5020.457     626279  0.000e+00
    -1.9134  27.324541    310.553 331.233284     694316   5020.465     626347  0.000e+00
    -1.9134  27.324426    310.808 331.233287     694315   5020.457     626431  0.000e+00
    -1.9135  27.323669    311.073 331.233290     694318   5020.406     626518  0.000e+00
    -1.9137  27.323844    311.290 331.233293     694321   5020.418     626589  0.000e+00
    -1.9138  27.324427    311.500 331.233296     694325   5020.457     626658  0.000e+00
    -1.9137  27.326234    311.768 331.233299     694321   5020.578     626746  0.000e+00
    -1.9133  27.325186    312.039 331.233302     694312   5020.508     626835  0.000e+00
    -1.9130  27.326294    312.243 331.233304     694306   5020.582     626902  0.000e+00
    -1.9129  27.325071    312.468 331.233307     694305   5020.500     626976  0.000e+00
    -1.9131  27.326004    312.742 331.233310     694308   5020.563     627066  0.000e+00
    -1.9131  27.325655    312.989 331.233313     694308   5020.539     627147  0.000e+00
    -1.9133  27.325481    313.193 331.233316     694314   5020.527     627214  0.000e+00
    -1.9134  27.326006    313.421 331.233319     694316   5020.563     627289  0.000e+00
    -1.9134  27.327055    313.698 331.233322     694315   5020.633     627380  0.000e+00
    -1.9133  27.326007    313.927 331.233325     694314   5020.563     627455  0.000e+00
    -1.9132  27.326532    314.134 331.233328     694310   5020.598     627523  0.000e+00
    -1.9130  27.328689    314.375 331.233330     694306   5020.742     627602  0.000e+00
    -1.9127  27.327349    314.649 331.233333     694300   5020.652     627692  0.000e+00
    -1.9128  27.328165    314.862 331.233336     694302   5020.707     627762  0.000e+00
    -1.9130  27.326826    315.069 331.233339     694307   5020.617     627830  0.000e+00
    -1.9135  27.326244    315.331 331.233342     694318   5020.578     627916  0.000e+00
    -1.9142  27.325720    315.593 331.233345     694334   5020.543     628002  0.000e+00
    -1.9147  27.326012    315.797 331.233348     694345   5020.563     628069  0.000e+00
    -1.9153  27.324556    316.025 331.233351     694358   5020.465     628144  0.000e+00
    -1.9160  27.325489    316.296 331.233354     694374   5020.527     628233  0.000e+00
    -1.9165  27.326539    316.546 331.233356     694384   5020.598     628315  0.000e+00
    -1.9160  27.326248    316.744 331.233359     694372   5020.578     628380  0.000e+00
    -1.9160  27.325491    316.960 331.233362     694374   5020.527     628451  0.000e+00
    -1.9164  27.323976    317.231 331.233365     694381   5020.426     628540  0.000e+00
    -1.9176  27.322579    317.460 331.233368     694408   5020.332     628615  0.000e+00
    -1.9198  27.320715    317.648 331.233371     694457   5020.207     628677  0.000e+00
    -1.9216  27.320890    317.865 331.233374     694498   5020.219     628748  0.000e+00
    -1.9230  27.320949    318.133 331.233377     694529   5020.223     628836  0.000e+00
    -1.9238  27.320076    318.361 331.233380     694545   5020.164     628911  0.000e+00
    -1.9242  27.321475    318.553 331.233383     694554   5020.258     628974  0.000e+00
    -1.9244  27.320718    318.766 331.233385     694560   5020.207     629044  0.000e+00
    -1.9245  27.320894    319.025 331.233388     694561   5020.219     629129  0.000e+00
    -1.9247  27.320719    319.259 331.233391     694567   5020.207     629206  0.000e+00
    -1.9252  27.320603    319.454 331.233394     694577   5020.199     629270  0.000e+00
    -1.9256  27.319905    319.668 331.233397     694586   5020.152     629340  0.000e+00
    -1.9258  27.320430    319.920 331.233400     694591   5020.188     629423  0.000e+00
    -1.9263  27.320314    320.152 331.233403     694601   5020.180     629499  0.000e+00
    -1.9265  27.320956    320.350 331.233406     694605   5020.223     629564  0.000e+00
    -1.9265  27.320432    320.557 331.233409     694605   5020.188     629632  0.000e+00
    -1.9265  27.321714    320.810 331.233411     694606   5020.273     629715  0.000e+00
    -1.9262  27.321482    321.038 331.233414     694600   5020.258     629790  0.000e+00
    -1.9260  27.323405    321.224 331.233417     694594   5020.387     629851  0.000e+00
    -1.9252  27.325212    321.413 331.233420     694578   5020.508     629913  0.000e+00
    -1.9241  27.327368    321.644 331.233423     694552   5020.652     629989  0.000e+00
