sbs/tests/resources/orca-test-data/SBE19plus/4794/4794_019_KiM.cnv
* Sea-Bird SBE19plus Data File:
* FileName = C:\Documents and Settings\stevens\Desktop\K131_2007\CTD\4794_019.hex
* Software Version 1.50
* Temperature SN =  4977
* Conductivity SN =  4977
* System UpLoad Time = Nov 26 2007 16:43:29
** K131 McMurdo SeaIce Work
** nov-dec 2007
** using chch plastic ctd
** times are local (NZ daylight savings)
# nquan = 8
# nvalues = 7681                                  
# units = specified
# name 0 = tv290C: Temperature [ITS-90, deg C]
# name 1 = c0mS/cm: Conductivity [mS/cm]
# name 2 = prdM: Pressure, Strain Gauge [db]
# name 3 = timeJ: Julian Days
# name 4 = f0: Frequency 0
# name 5 = f1: Frequency 1
# name 6 = f2: Frequency 2
# name 7 = flag:  0.000e+00
# span 0 =    -2.9360,    -1.9048                 
# span 1 =   0.070337,  27.377604                 
# span 2 =     -0.295,    362.993                 
# span 3 = 330.672650, 330.694873                 
# span 4 =     694125,     717248                 
# span 5 =   2611.137,   5024.012                 
# span 6 =     524307,     643567                 
# span 7 = 0.0000e+00, 0.0000e+00                 
# interval = seconds: 0.25
# start_time = Nov 26 2007 16:08:37 [Instrument's time stamp, header]
# bad_flag = -9.990e-29
*END*
[from data line 899]
    -1.9436  27.238190    291.542 330.675252     694985   5014.676     620105  0.000e+00
    -1.9434  27.245058    291.648 330.675255     694981   5015.137     620140  0.000e+00
    -1.9433  27.239412    291.755 330.675258     694980   5014.758     620175  0.000e+00
    -1.9426  27.237667    291.834 330.675260     694963   5014.641     620201  0.000e+00
    -1.9417  27.247853    291.947 330.675263     694944   5015.324     620238  0.000e+00
    -1.9411  27.249541    292.120 330.675266     694929   5015.438     620295  0.000e+00
    -1.9405  27.249833    292.327 330.675269     694917   5015.457     620363  0.000e+00
    -1.9400  27.250357    292.547 330.675272     694905   5015.492     620435  0.000e+00
    -1.9396  27.250358    292.775 330.675275     694896   5015.492     620510  0.000e+00
    -1.9396  27.250067    292.994 330.675278     694897   5015.473     620582  0.000e+00
    -1.9393  27.250650    293.183 330.675281     694891   5015.512     620644  0.000e+00
    -1.9392  27.250650    293.387 330.675284     694888   5015.512     620711  0.000e+00
    -1.9393  27.250884    293.616 330.675286     694891   5015.527     620786  0.000e+00
    -1.9394  27.250360    293.808 330.675289     694892   5015.492     620849  0.000e+00
    -1.9392  27.250885    294.000 330.675292     694887   5015.527     620912  0.000e+00
    -1.9392  27.251409    294.194 330.675295     694887   5015.563     620976  0.000e+00
    -1.9392  27.251468    294.405 330.675298     694887   5015.566     621045  0.000e+00
    -1.9390  27.251410    294.587 330.675301     694883   5015.563     621105  0.000e+00
    -1.9393  27.250363    294.746 330.675304     694889   5015.492     621157  0.000e+00
    -1.9392  27.251178    294.864 330.675307     694888   5015.547     621196  0.000e+00
    -1.9391  27.242971    294.953 330.675310     694885   5014.996     621225  0.000e+00
    -1.9391  27.237442    295.014 330.675313     694885   5014.625     621245  0.000e+00
    -1.9405  27.239013    295.047 330.675315     694917   5014.730     621256  0.000e+00
    -1.9424  27.240061    295.078 330.675318     694959   5014.801     621266  0.000e+00
    -1.9443  27.245009    295.129 330.675321     695002   5015.133     621283  0.000e+00
    -1.9450  27.249317    295.221 330.675324     695016   5015.422     621313  0.000e+00
    -1.9441  27.242798    295.330 330.675327     694996   5014.984     621349  0.000e+00
    -1.9424  27.234242    295.403 330.675330     694958   5014.410     621373  0.000e+00
    -1.9423  27.236105    295.440 330.675333     694956   5014.535     621385  0.000e+00
    -1.9439  27.235756    295.470 330.675336     694992   5014.512     621395  0.000e+00
    -1.9451  27.234475    295.489 330.675339     695018   5014.426     621401  0.000e+00
    -1.9455  27.236629    295.507 330.675341     695028   5014.570     621407  0.000e+00
    -1.9457  27.235814    295.534 330.675344     695033   5014.516     621416  0.000e+00
    -1.9459  27.234941    295.550 330.675347     695036   5014.457     621421  0.000e+00
    -1.9462  27.237153    295.562 330.675350     695044   5014.605     621425  0.000e+00
    -1.9462  27.244312    295.620 330.675353     695044   5015.086     621444  0.000e+00
    -1.9454  27.251763    295.720 330.675356     695026   5015.586     621477  0.000e+00
    -1.9439  27.253568    295.885 330.675359     694992   5015.707     621531  0.000e+00
    -1.9425  27.253976    296.092 330.675362     694962   5015.734     621599  0.000e+00
    -1.9409  27.254325    296.342 330.675365     694926   5015.758     621681  0.000e+00
    -1.9402  27.254617    296.631 330.675367     694911   5015.777     621776  0.000e+00
    -1.9397  27.255433    296.908 330.675370     694900   5015.832     621867  0.000e+00
    -1.9393  27.255142    297.170 330.675373     694890   5015.813     621953  0.000e+00
    -1.9392  27.255667    297.398 330.675376     694888   5015.848     622028  0.000e+00
    -1.9390  27.255667    297.575 330.675379     694884   5015.848     622086  0.000e+00
    -1.9390  27.253281    297.718 330.675382     694884   5015.688     622133  0.000e+00
    -1.9388  27.254853    297.852 330.675385     694880   5015.793     622177  0.000e+00
    -1.9389  27.256716    297.989 330.675388     694881   5015.918     622222  0.000e+00
    -1.9388  27.255960    298.117 330.675391     694879   5015.867     622264  0.000e+00
    -1.9386  27.255436    298.221 330.675394     694874   5015.832     622298  0.000e+00
    -1.9386  27.257008    298.327 330.675396     694874   5015.938     622333  0.000e+00
    -1.9387  27.256252    298.446 330.675399     694876   5015.887     622372  0.000e+00
    -1.9384  27.258348    298.577 330.675402     694871   5016.027     622415  0.000e+00
    -1.9382  27.259338    298.744 330.675405     694865   5016.094     622470  0.000e+00
    -1.9381  27.259630    298.958 330.675408     694864   5016.113     622540  0.000e+00
    -1.9380  27.259048    299.186 330.675411     694861   5016.074     622615  0.000e+00
    -1.9376  27.260155    299.442 330.675414     694853   5016.148     622699  0.000e+00
    -1.9376  27.260971    299.740 330.675417     694853   5016.203     622797  0.000e+00
    -1.9376  27.262136    300.033 330.675420     694852   5016.281     622893  0.000e+00
    -1.9372  27.250668    300.240 330.675422     694844   5015.512     622961  0.000e+00
    -1.9373  27.251192    300.389 330.675425     694845   5015.547     623010  0.000e+00
    -1.9385  27.260449    300.560 330.675428     694872   5016.168     623066  0.000e+00
    -1.9392  27.264176    300.785 330.675431     694887   5016.418     623140  0.000e+00
    -1.9384  27.264409    300.998 330.675434     694870   5016.434     623210  0.000e+00
    -1.9376  27.264701    301.196 330.675437     694853   5016.453     623275  0.000e+00
    -1.9374  27.264934    301.431 330.675440     694848   5016.469     623352  0.000e+00
    -1.9369  27.265226    301.699 330.675443     694837   5016.488     623440  0.000e+00
    -1.9365  27.265226    301.945 330.675446     694828   5016.488     623521  0.000e+00
    -1.9364  27.265518    302.189 330.675448     694825   5016.508     623601  0.000e+00
    -1.9361  27.265752    302.451 330.675451     694819   5016.523     623687  0.000e+00
    -1.9362  27.265811    302.685 330.675454     694821   5016.527     623764  0.000e+00
    -1.9358  27.264938    302.859 330.675457     694813   5016.469     623821  0.000e+00
    -1.9363  27.265753    303.017 330.675460     694823   5016.523     623873  0.000e+00
    -1.9362  27.267209    303.224 330.675463     694822   5016.621     623941  0.000e+00
    -1.9361  27.267094    303.471 330.675466     694820   5016.613     624022  0.000e+00
    -1.9360  27.268026    303.733 330.675469     694816   5016.676     624108  0.000e+00
    -1.9361  27.268434    304.035 330.675472     694818   5016.703     624207  0.000e+00
    -1.9355  27.269716    304.342 330.675475     694806   5016.789     624308  0.000e+00
    -1.9352  27.271405    304.674 330.675477     694800   5016.902     624417  0.000e+00
    -1.9350  27.272629    305.012 330.675480     694794   5016.984     624528  0.000e+00
    -1.9346  27.272805    305.347 330.675483     694786   5016.996     624638  0.000e+00
    -1.9343  27.273446    305.694 330.675486     694778   5017.039     624752  0.000e+00
    -1.9344  27.273971    306.035 330.675489     694781   5017.074     624864  0.000e+00
    -1.9342  27.274787    306.374 330.675492     694777   5017.129     624975  0.000e+00
    -1.9339  27.275545    306.666 330.675495     694771   5017.180     625071  0.000e+00
    -1.9337  27.276186    306.925 330.675498     694766   5017.223     625156  0.000e+00
    -1.9330  27.276652    307.162 330.675501     694750   5017.254     625234  0.000e+00
    -1.9328  27.276653    307.379 330.675503     694745   5017.254     625305  0.000e+00
    -1.9329  27.275372    307.540 330.675506     694748   5017.168     625358  0.000e+00
    -1.9329  27.276363    307.689 330.675509     694749   5017.234     625407  0.000e+00
    -1.9327  27.277877    307.854 330.675512     694744   5017.336     625461  0.000e+00
    -1.9328  27.276887    308.009 330.675515     694745   5017.270     625512  0.000e+00
    -1.9327  27.266290    308.128 330.675518     694744   5016.559     625551  0.000e+00
    -1.9327  27.264951    308.207 330.675521     694743   5016.469     625577  0.000e+00
    -1.9326  27.261808    308.268 330.675524     694742   5016.258     625597  0.000e+00
    -1.9346  27.265825    308.292 330.675527     694785   5016.527     625605  0.000e+00
    -1.9365  27.266815    308.307 330.675530     694829   5016.594     625610  0.000e+00
    -1.9374  27.272929    308.381 330.675532     694849   5017.004     625634  0.000e+00
    -1.9372  27.271124    308.466 330.675535     694844   5016.883     625662  0.000e+00
    -1.9362  27.266816    308.548 330.675538     694822   5016.594     625689  0.000e+00
    -1.9356  27.275666    308.627 330.675541     694807   5017.188     625715  0.000e+00
    -1.9346  27.279277    308.761 330.675544     694785   5017.430     625759  0.000e+00
    -1.9338  27.279569    308.932 330.675547     694767   5017.449     625815  0.000e+00
    -1.9332  27.280151    309.136 330.675550     694755   5017.488     625882  0.000e+00
    -1.9328  27.280094    309.379 330.675553     694746   5017.484     625962  0.000e+00
    -1.9326  27.280386    309.660 330.675556     694741   5017.504     626054  0.000e+00
    -1.9324  27.280619    309.967 330.675558     694738   5017.520     626155  0.000e+00
    -1.9324  27.281144    310.278 330.675561     694737   5017.555     626257  0.000e+00
    -1.9325  27.281553    310.604 330.675564     694739   5017.582     626364  0.000e+00
    -1.9324  27.281670    310.930 330.675567     694737   5017.590     626471  0.000e+00
    -1.9324  27.281554    311.216 330.675570     694737   5017.582     626565  0.000e+00
    -1.9327  27.281963    311.460 330.675573     694743   5017.609     626645  0.000e+00
    -1.9325  27.281439    311.673 330.675576     694740   5017.574     626715  0.000e+00
    -1.9327  27.279576    311.859 330.675579     694743   5017.449     626776  0.000e+00
    -1.9324  27.276141    311.983 330.675582     694737   5017.219     626817  0.000e+00
    -1.9327  27.279577    312.102 330.675584     694743   5017.449     626856  0.000e+00
    -1.9325  27.281965    312.224 330.675587     694739   5017.609     626896  0.000e+00
    -1.9325  27.282489    312.364 330.675590     694740   5017.645     626942  0.000e+00
    -1.9324  27.282664    312.544 330.675593     694737   5017.656     627001  0.000e+00
    -1.9326  27.278530    312.705 330.675596     694742   5017.379     627054  0.000e+00
    -1.9327  27.272533    312.824 330.675599     694743   5016.977     627093  0.000e+00
    -1.9324  27.281967    312.958 330.675602     694738   5017.609     627137  0.000e+00
    -1.9323  27.283539    313.138 330.675605     694735   5017.715     627196  0.000e+00
    -1.9322  27.284064    313.366 330.675608     694733   5017.750     627271  0.000e+00
    -1.9322  27.284589    313.601 330.675611     694732   5017.785     627348  0.000e+00
    -1.9317  27.284939    313.878 330.675613     694722   5017.809     627439  0.000e+00
    -1.9318  27.285639    314.179 330.675616     694724   5017.855     627538  0.000e+00
    -1.9316  27.286455    314.478 330.675619     694720   5017.910     627636  0.000e+00
    -1.9315  27.286339    314.779 330.675622     694716   5017.902     627735  0.000e+00
    -1.9315  27.286456    315.111 330.675625     694716   5017.910     627844  0.000e+00
    -1.9315  27.286865    315.431 330.675628     694716   5017.938     627949  0.000e+00
    -1.9314  27.287798    315.763 330.675631     694715   5018.000     628058  0.000e+00
    -1.9312  27.288323    316.095 330.675634     694711   5018.035     628167  0.000e+00
    -1.9312  27.288557    316.430 330.675637     694711   5018.051     628277  0.000e+00
    -1.9314  27.289140    316.753 330.675639     694715   5018.090     628383  0.000e+00
    -1.9309  27.289956    317.014 330.675642     694704   5018.145     628469  0.000e+00
    -1.9308  27.288034    317.206 330.675645     694701   5018.016     628532  0.000e+00
    -1.9307  27.290190    317.395 330.675648     694699   5018.160     628594  0.000e+00
    -1.9305  27.290540    317.581 330.675651     694694   5018.184     628655  0.000e+00
    -1.9307  27.289375    317.727 330.675654     694700   5018.105     628703  0.000e+00
    -1.9303  27.288269    317.840 330.675657     694691   5018.031     628740  0.000e+00
    -1.9308  27.289667    317.937 330.675660     694701   5018.125     628772  0.000e+00
    -1.9306  27.289376    318.026 330.675663     694696   5018.105     628801  0.000e+00
    -1.9306  27.290832    318.147 330.675666     694698   5018.203     628841  0.000e+00
    -1.9306  27.290716    318.333 330.675668     694697   5018.195     628902  0.000e+00
    -1.9306  27.290251    318.565 330.675671     694696   5018.164     628978  0.000e+00
    -1.9304  27.290426    318.799 330.675674     694692   5018.176     629055  0.000e+00
    -1.9305  27.290427    319.082 330.675677     694695   5018.176     629148  0.000e+00
    -1.9304  27.290836    319.384 330.675680     694693   5018.203     629247  0.000e+00
    -1.9304  27.292060    319.676 330.675683     694692   5018.285     629343  0.000e+00
    -1.9303  27.292235    319.947 330.675686     694691   5018.297     629432  0.000e+00
    -1.9301  27.292294    320.188 330.675689     694686   5018.301     629511  0.000e+00
    -1.9302  27.292586    320.404 330.675692     694688   5018.320     629582  0.000e+00
    -1.9298  27.292237    320.587 330.675694     694679   5018.297     629642  0.000e+00
    -1.9299  27.293111    320.760 330.675697     694682   5018.355     629699  0.000e+00
    -1.9300  27.293053    320.955 330.675700     694683   5018.352     629763  0.000e+00
    -1.9298  27.293112    321.171 330.675703     694680   5018.355     629834  0.000e+00
    -1.9300  27.293112    321.394 330.675706     694683   5018.355     629907  0.000e+00
    -1.9301  27.294511    321.631 330.675709     694685   5018.449     629985  0.000e+00
    -1.9294  27.296317    321.872 330.675712     694671   5018.570     630064  0.000e+00
    -1.9289  27.296434    322.070 330.675715     694660   5018.578     630129  0.000e+00
    -1.9285  27.294978    322.253 330.675718     694651   5018.480     630189  0.000e+00
    -1.9284  27.297076    322.429 330.675720     694649   5018.621     630247  0.000e+00
    -1.9283  27.298416    322.615 330.675723     694647   5018.711     630308  0.000e+00
    -1.9279  27.299232    322.807 330.675726     694636   5018.766     630371  0.000e+00
    -1.9273  27.299523    322.996 330.675729     694623   5018.785     630433  0.000e+00
    -1.9273  27.299466    323.209 330.675732     694623   5018.781     630503  0.000e+00
    -1.9268  27.299991    323.443 330.675735     694613   5018.816     630580  0.000e+00
    -1.9267  27.300108    323.690 330.675738     694610   5018.824     630661  0.000e+00
    -1.9268  27.300807    323.931 330.675741     694613   5018.871     630740  0.000e+00
    -1.9264  27.300691    324.132 330.675744     694603   5018.863     630806  0.000e+00
    -1.9262  27.301624    324.333 330.675747     694600   5018.926     630872  0.000e+00
    -1.9262  27.301857    324.512 330.675749     694599   5018.941     630931  0.000e+00
    -1.9261  27.301508    324.668 330.675752     694597   5018.918     630982  0.000e+00
    -1.9260  27.301334    324.808 330.675755     694595   5018.906     631028  0.000e+00
    -1.9261  27.302383    324.969 330.675758     694597   5018.977     631081  0.000e+00
    -1.9259  27.302383    325.127 330.675761     694592   5018.977     631133  0.000e+00
    -1.9261  27.302151    325.258 330.675764     694596   5018.961     631176  0.000e+00
    -1.9261  27.301510    325.380 330.675767     694596   5018.918     631216  0.000e+00
