sbs/tests/resources/orca-test-data/SBE19plus/4794/4794_038_KiM.cnv
* Sea-Bird SBE19plus Data File:
* FileName = C:\Documents and Settings\stevens\Desktop\K131_2007\CTD\4794_038.hex
* Software Version 1.50
* Temperature SN =  4977
* Conductivity SN =  4977
* System UpLoad Time = Nov 27 2007 10:50:53
** K131 McMurdo SeaIce Work
** nov-dec 2007
** using chch plastic ctd
** times are local (NZ daylight savings)
# nquan = 8
# nvalues = 6476                                  
# units = specified
# name 0 = tv290C: Temperature [ITS-90, deg C]
# name 1 = c0mS/cm: Conductivity [mS/cm]
# name 2 = prdM: Pressure, Strain Gauge [db]
# name 3 = timeJ: Julian Days
# name 4 = f0: Frequency 0
# name 5 = f1: Frequency 1
# name 6 = f2: Frequency 2
# name 7 = flag:  0.000e+00
# span 0 =    -2.1584,    -1.8998                 
# span 1 =  -0.000493,  27.354031                 
# span 2 =     -0.265,    354.941                 
# span 3 = 331.428102, 331.446837                 
# span 4 =     694013,     699765                 
# span 5 =   2601.957,   5022.434                 
# span 6 =     524317,     640923                 
# span 7 = 0.0000e+00, 0.0000e+00                 
# interval = seconds: 0.25
# start_time = Nov 27 2007 10:16:28 [Instrument's time stamp, header]
# bad_flag = -9.990e-29
*END*
[from data line 1259]
    -1.9222  27.345521    354.801 331.431745     694511   5021.863     640877  0.000e+00
    -1.9223  27.345230    354.804 331.431748     694513   5021.844     640878  0.000e+00
    -1.9223  27.345463    354.798 331.431751     694513   5021.859     640876  0.000e+00
    -1.9223  27.344472    354.795 331.431753     694512   5021.793     640875  0.000e+00
    -1.9224  27.345463    354.789 331.431756     694514   5021.859     640873  0.000e+00
    -1.9223  27.344997    354.789 331.431759     694512   5021.828     640873  0.000e+00
    -1.9222  27.344705    354.789 331.431762     694510   5021.809     640873  0.000e+00
    -1.9222  27.345463    354.780 331.431765     694511   5021.859     640870  0.000e+00
    -1.9222  27.345230    354.780 331.431768     694510   5021.844     640870  0.000e+00
    -1.9222  27.345521    354.777 331.431771     694511   5021.863     640869  0.000e+00
    -1.9222  27.345463    354.771 331.431774     694511   5021.859     640867  0.000e+00
    -1.9222  27.344997    354.768 331.431777     694510   5021.828     640866  0.000e+00
    -1.9222  27.345463    354.768 331.431780     694510   5021.859     640866  0.000e+00
    -1.9222  27.344997    354.765 331.431782     694510   5021.828     640865  0.000e+00
    -1.9221  27.345230    354.759 331.431785     694509   5021.844     640863  0.000e+00
    -1.9223  27.344880    354.759 331.431788     694512   5021.820     640863  0.000e+00
    -1.9222  27.344997    354.759 331.431791     694510   5021.828     640863  0.000e+00
    -1.9221  27.345172    354.749 331.431794     694508   5021.840     640860  0.000e+00
    -1.9221  27.345230    354.753 331.431797     694508   5021.844     640861  0.000e+00
    -1.9221  27.344997    354.753 331.431800     694508   5021.828     640861  0.000e+00
    -1.9222  27.345463    354.746 331.431803     694511   5021.859     640859  0.000e+00
    -1.9221  27.345754    354.743 331.431806     694509   5021.879     640858  0.000e+00
    -1.9221  27.344997    354.737 331.431808     694509   5021.828     640856  0.000e+00
    -1.9222  27.345463    354.734 331.431811     694511   5021.859     640855  0.000e+00
    -1.9221  27.345754    354.731 331.431814     694509   5021.879     640854  0.000e+00
    -1.9221  27.345754    354.737 331.431817     694508   5021.879     640856  0.000e+00
    -1.9222  27.345754    354.734 331.431820     694510   5021.879     640855  0.000e+00
    -1.9221  27.346046    354.722 331.431823     694509   5021.898     640851  0.000e+00
    -1.9221  27.344880    354.719 331.431826     694508   5021.820     640850  0.000e+00
    -1.9220  27.344997    354.716 331.431829     694506   5021.828     640849  0.000e+00
    -1.9221  27.344880    354.719 331.431832     694509   5021.820     640850  0.000e+00
    -1.9222  27.345230    354.710 331.431834     694510   5021.844     640847  0.000e+00
    -1.9221  27.345230    354.707 331.431837     694509   5021.844     640846  0.000e+00
    -1.9220  27.344647    354.701 331.431840     694507   5021.805     640844  0.000e+00
    -1.9222  27.345230    354.701 331.431843     694510   5021.844     640844  0.000e+00
    -1.9221  27.345230    354.695 331.431846     694509   5021.844     640842  0.000e+00
    -1.9222  27.344355    354.689 331.431849     694511   5021.785     640840  0.000e+00
    -1.9221  27.344705    354.695 331.431852     694509   5021.809     640842  0.000e+00
    -1.9222  27.344880    354.689 331.431855     694510   5021.820     640840  0.000e+00
    -1.9223  27.344705    354.695 331.431858     694512   5021.809     640842  0.000e+00
    -1.9221  27.345230    354.686 331.431861     694509   5021.844     640839  0.000e+00
    -1.9221  27.345463    354.679 331.431863     694509   5021.859     640837  0.000e+00
    -1.9221  27.344996    354.673 331.431866     694509   5021.828     640835  0.000e+00
    -1.9222  27.345463    354.673 331.431869     694511   5021.859     640835  0.000e+00
    -1.9221  27.344705    354.670 331.431872     694508   5021.809     640834  0.000e+00
    -1.9220  27.345521    354.664 331.431875     694507   5021.863     640832  0.000e+00
    -1.9222  27.344880    354.664 331.431878     694511   5021.820     640832  0.000e+00
    -1.9222  27.346046    354.658 331.431881     694511   5021.898     640830  0.000e+00
    -1.9222  27.345230    354.661 331.431884     694510   5021.844     640831  0.000e+00
    -1.9221  27.345171    354.655 331.431887     694509   5021.840     640829  0.000e+00
    -1.9222  27.345754    354.655 331.431889     694511   5021.879     640829  0.000e+00
    -1.9223  27.345754    354.652 331.431892     694512   5021.879     640828  0.000e+00
    -1.9222  27.345230    354.652 331.431895     694511   5021.844     640828  0.000e+00
    -1.9221  27.345521    354.652 331.431898     694509   5021.863     640828  0.000e+00
    -1.9222  27.345754    354.646 331.431901     694510   5021.879     640826  0.000e+00
    -1.9221  27.344996    354.643 331.431904     694508   5021.828     640825  0.000e+00
    -1.9221  27.344880    354.643 331.431907     694509   5021.820     640825  0.000e+00
    -1.9221  27.345754    354.646 331.431910     694509   5021.879     640826  0.000e+00
    -1.9221  27.345754    354.643 331.431913     694508   5021.879     640825  0.000e+00
    -1.9220  27.345171    354.640 331.431916     694506   5021.840     640824  0.000e+00
    -1.9219  27.345754    354.649 331.431918     694504   5021.879     640827  0.000e+00
    -1.9219  27.345230    354.640 331.431921     694505   5021.844     640824  0.000e+00
    -1.9218  27.345754    354.634 331.431924     694502   5021.879     640822  0.000e+00
    -1.9219  27.344996    354.637 331.431927     694503   5021.828     640823  0.000e+00
    -1.9219  27.346045    354.634 331.431930     694504   5021.898     640822  0.000e+00
    -1.9219  27.345521    354.640 331.431933     694503   5021.863     640824  0.000e+00
    -1.9219  27.345754    354.634 331.431936     694505   5021.879     640822  0.000e+00
    -1.9218  27.345463    354.634 331.431939     694501   5021.859     640822  0.000e+00
    -1.9218  27.345229    354.634 331.431942     694501   5021.844     640822  0.000e+00
    -1.9217  27.345754    354.625 331.431944     694500   5021.879     640819  0.000e+00
    -1.9217  27.345229    354.625 331.431947     694499   5021.844     640819  0.000e+00
    -1.9216  27.346045    354.628 331.431950     694497   5021.898     640820  0.000e+00
    -1.9216  27.345754    354.628 331.431953     694498   5021.879     640820  0.000e+00
    -1.9216  27.345754    354.625 331.431956     694497   5021.879     640819  0.000e+00
    -1.9217  27.345521    354.619 331.431959     694500   5021.863     640817  0.000e+00
    -1.9217  27.346279    354.619 331.431962     694500   5021.914     640817  0.000e+00
    -1.9218  27.346045    354.612 331.431965     694502   5021.898     640815  0.000e+00
    -1.9218  27.345754    354.616 331.431968     694501   5021.879     640816  0.000e+00
    -1.9218  27.345521    354.612 331.431970     694501   5021.863     640815  0.000e+00
    -1.9218  27.344996    354.606 331.431973     694501   5021.828     640813  0.000e+00
    -1.9217  27.346045    354.609 331.431976     694500   5021.898     640814  0.000e+00
    -1.9219  27.345754    354.609 331.431979     694504   5021.879     640814  0.000e+00
    -1.9218  27.346045    354.606 331.431982     694502   5021.898     640813  0.000e+00
    -1.9219  27.346279    354.600 331.431985     694504   5021.914     640811  0.000e+00
    -1.9219  27.345229    354.603 331.431988     694504   5021.844     640812  0.000e+00
    -1.9219  27.345463    354.591 331.431991     694503   5021.859     640808  0.000e+00
    -1.9219  27.345229    354.597 331.431994     694503   5021.844     640810  0.000e+00
    -1.9217  27.345754    354.591 331.431997     694500   5021.879     640808  0.000e+00
    -1.9219  27.344647    354.591 331.431999     694503   5021.805     640808  0.000e+00
    -1.9219  27.346045    354.591 331.432002     694504   5021.898     640808  0.000e+00
    -1.9220  27.344647    354.588 331.432005     694506   5021.805     640807  0.000e+00
    -1.9219  27.345229    354.582 331.432008     694503   5021.844     640805  0.000e+00
    -1.9218  27.344996    354.576 331.432011     694502   5021.828     640803  0.000e+00
    -1.9219  27.345462    354.579 331.432014     694503   5021.859     640804  0.000e+00
    -1.9218  27.345229    354.576 331.432017     694501   5021.844     640803  0.000e+00
    -1.9218  27.345229    354.579 331.432020     694501   5021.844     640804  0.000e+00
    -1.9217  27.345754    354.570 331.432023     694500   5021.879     640801  0.000e+00
    -1.9217  27.345229    354.573 331.432025     694500   5021.844     640802  0.000e+00
    -1.9219  27.345462    354.570 331.432028     694503   5021.859     640801  0.000e+00
    -1.9219  27.345521    354.570 331.432031     694505   5021.863     640801  0.000e+00
    -1.9220  27.345521    354.567 331.432034     694506   5021.863     640800  0.000e+00
    -1.9220  27.344880    354.558 331.432037     694506   5021.820     640797  0.000e+00
    -1.9219  27.345521    354.555 331.432040     694504   5021.863     640796  0.000e+00
    -1.9220  27.346045    354.545 331.432043     694507   5021.898     640793  0.000e+00
    -1.9219  27.344996    354.552 331.432046     694505   5021.828     640795  0.000e+00
    -1.9219  27.345754    354.542 331.432049     694504   5021.879     640792  0.000e+00
    -1.9221  27.346045    354.549 331.432052     694508   5021.898     640794  0.000e+00
    -1.9220  27.345229    354.536 331.432054     694507   5021.844     640790  0.000e+00
    -1.9220  27.344996    354.536 331.432057     694506   5021.828     640790  0.000e+00
    -1.9220  27.345462    354.539 331.432060     694506   5021.859     640791  0.000e+00
    -1.9220  27.345754    354.530 331.432063     694506   5021.879     640788  0.000e+00
    -1.9220  27.345171    354.527 331.432066     694507   5021.840     640787  0.000e+00
    -1.9219  27.344996    354.527 331.432069     694504   5021.828     640787  0.000e+00
    -1.9220  27.345229    354.530 331.432072     694506   5021.844     640788  0.000e+00
    -1.9222  27.345171    354.527 331.432075     694510   5021.840     640787  0.000e+00
    -1.9222  27.344996    354.521 331.432078     694510   5021.828     640785  0.000e+00
    -1.9221  27.345462    354.527 331.432080     694508   5021.859     640787  0.000e+00
    -1.9221  27.344996    354.527 331.432083     694508   5021.828     640787  0.000e+00
    -1.9221  27.345521    354.521 331.432086     694508   5021.863     640785  0.000e+00
    -1.9220  27.344355    354.524 331.432089     694507   5021.785     640786  0.000e+00
    -1.9220  27.344471    354.521 331.432092     694506   5021.793     640785  0.000e+00
    -1.9221  27.345229    354.512 331.432095     694509   5021.844     640782  0.000e+00
    -1.9219  27.345462    354.515 331.432098     694505   5021.859     640783  0.000e+00
    -1.9220  27.345521    354.515 331.432101     694506   5021.863     640783  0.000e+00
    -1.9219  27.346045    354.509 331.432104     694505   5021.898     640781  0.000e+00
    -1.9219  27.344996    354.506 331.432106     694504   5021.828     640780  0.000e+00
    -1.9220  27.345229    354.500 331.432109     694506   5021.844     640778  0.000e+00
    -1.9221  27.344879    354.494 331.432112     694508   5021.820     640776  0.000e+00
    -1.9220  27.345229    354.485 331.432115     694506   5021.844     640773  0.000e+00
    -1.9221  27.345462    354.488 331.432118     694508   5021.859     640774  0.000e+00
    -1.9221  27.345229    354.482 331.432121     694509   5021.844     640772  0.000e+00
    -1.9220  27.345754    354.485 331.432124     694507   5021.879     640773  0.000e+00
    -1.9220  27.345754    354.479 331.432127     694506   5021.879     640771  0.000e+00
    -1.9221  27.345754    354.466 331.432130     694509   5021.879     640767  0.000e+00
    -1.9220  27.344704    354.457 331.432133     694506   5021.809     640764  0.000e+00
    -1.9221  27.346045    354.460 331.432135     694508   5021.898     640765  0.000e+00
    -1.9220  27.344996    354.457 331.432138     694507   5021.828     640764  0.000e+00
    -1.9221  27.344646    354.445 331.432141     694508   5021.805     640760  0.000e+00
    -1.9221  27.345520    354.448 331.432144     694509   5021.863     640761  0.000e+00
    -1.9221  27.345520    354.442 331.432147     694509   5021.863     640759  0.000e+00
    -1.9220  27.344879    354.436 331.432150     694506   5021.820     640757  0.000e+00
    -1.9221  27.344704    354.433 331.432153     694509   5021.809     640756  0.000e+00
    -1.9220  27.345229    354.430 331.432156     694506   5021.844     640755  0.000e+00
    -1.9221  27.345171    354.424 331.432159     694509   5021.840     640753  0.000e+00
    -1.9221  27.344704    354.421 331.432161     694508   5021.809     640752  0.000e+00
    -1.9221  27.345462    354.418 331.432164     694508   5021.859     640751  0.000e+00
    -1.9222  27.344704    354.411 331.432167     694511   5021.809     640749  0.000e+00
    -1.9222  27.344471    354.411 331.432170     694511   5021.793     640749  0.000e+00
    -1.9223  27.345462    354.402 331.432173     694512   5021.859     640746  0.000e+00
    -1.9223  27.344704    354.399 331.432176     694512   5021.809     640745  0.000e+00
    -1.9222  27.344646    354.399 331.432179     694510   5021.805     640745  0.000e+00
    -1.9223  27.344996    354.387 331.432182     694512   5021.828     640741  0.000e+00
    -1.9223  27.344704    354.387 331.432185     694512   5021.809     640741  0.000e+00
    -1.9223  27.344879    354.390 331.432188     694512   5021.820     640742  0.000e+00
    -1.9224  27.344180    354.378 331.432190     694514   5021.773     640738  0.000e+00
    -1.9224  27.345229    354.381 331.432193     694514   5021.844     640739  0.000e+00
    -1.9224  27.344879    354.372 331.432196     694514   5021.820     640736  0.000e+00
    -1.9224  27.344996    354.366 331.432199     694516   5021.828     640734  0.000e+00
    -1.9223  27.345462    354.360 331.432202     694513   5021.859     640732  0.000e+00
    -1.9224  27.345229    354.357 331.432205     694514   5021.844     640731  0.000e+00
    -1.9223  27.344471    354.357 331.432208     694513   5021.793     640731  0.000e+00
    -1.9224  27.344879    354.351 331.432211     694514   5021.820     640729  0.000e+00
    -1.9224  27.345753    354.354 331.432214     694515   5021.879     640730  0.000e+00
    -1.9224  27.345753    354.345 331.432216     694514   5021.879     640727  0.000e+00
    -1.9223  27.344996    354.341 331.432219     694512   5021.828     640726  0.000e+00
    -1.9223  27.345229    354.338 331.432222     694513   5021.844     640725  0.000e+00
    -1.9221  27.344879    354.329 331.432225     694509   5021.820     640722  0.000e+00
    -1.9220  27.345229    354.326 331.432228     694506   5021.844     640721  0.000e+00
    -1.9221  27.345229    354.320 331.432231     694508   5021.844     640719  0.000e+00
    -1.9221  27.345753    354.326 331.432234     694509   5021.879     640721  0.000e+00
    -1.9221  27.344704    354.317 331.432237     694508   5021.809     640718  0.000e+00
    -1.9221  27.345462    354.317 331.432240     694508   5021.859     640718  0.000e+00
    -1.9220  27.345520    354.305 331.432242     694507   5021.863     640714  0.000e+00
    -1.9220  27.344995    354.305 331.432245     694507   5021.828     640714  0.000e+00
    -1.9221  27.346045    354.305 331.432248     694509   5021.898     640714  0.000e+00
    -1.9221  27.344995    354.296 331.432251     694509   5021.828     640711  0.000e+00
    -1.9222  27.345462    354.290 331.432254     694510   5021.859     640709  0.000e+00
    -1.9221  27.345229    354.293 331.432257     694509   5021.844     640710  0.000e+00
    -1.9221  27.345229    354.293 331.432260     694509   5021.844     640710  0.000e+00
