sbs/tests/resources/orca-test-data/SBE19plus/4794/4794_033_KiM.cnv
* Sea-Bird SBE19plus Data File:
* FileName = C:\Documents and Settings\stevens\Desktop\K131_2007\CTD\4794_033.hex
* Software Version 1.50
* Temperature SN =  4977
* Conductivity SN =  4977
* System UpLoad Time = Nov 27 2007 05:48:56
** K131 McMurdo SeaIce Work
** nov-dec 2007
** using chch plastic ctd
** times are local (NZ daylight savings)
# nquan = 8
# nvalues = 7724                                  
# units = specified
# name 0 = tv290C: Temperature [ITS-90, deg C]
# name 1 = c0mS/cm: Conductivity [mS/cm]
# name 2 = prdM: Pressure, Strain Gauge [db]
# name 3 = timeJ: Julian Days
# name 4 = f0: Frequency 0
# name 5 = f1: Frequency 1
# name 6 = f2: Frequency 2
# name 7 = flag:  0.000e+00
# span 0 =    -2.6636,    -1.9032                 
# span 1 =  -0.000583,  27.371937                 
# span 2 =     -0.271,    359.196                 
# span 3 = 331.216262, 331.238608                 
# span 4 =     694088,     711093                 
# span 5 =   2601.945,   5023.633                 
# span 6 =     524315,     642320                 
# span 7 = 0.0000e+00, 0.0000e+00                 
# interval = seconds: 0.25
# start_time = Nov 27 2007 05:11:25 [Instrument's time stamp, header]
# bad_flag = -9.990e-29
*END*
[from data line 6472]
    -1.9114  27.369433    359.141 331.234988     694272   5023.465     642302  0.000e+00
    -1.9114  27.369141    359.141 331.234991     694271   5023.445     642302  0.000e+00
    -1.9114  27.370016    359.141 331.234994     694271   5023.504     642302  0.000e+00
    -1.9114  27.369958    359.138 331.234997     694271   5023.500     642301  0.000e+00
    -1.9116  27.369433    359.138 331.235000     694275   5023.465     642301  0.000e+00
    -1.9116  27.369433    359.141 331.235003     694275   5023.465     642302  0.000e+00
    -1.9115  27.369433    359.138 331.235006     694273   5023.465     642301  0.000e+00
    -1.9115  27.369433    359.144 331.235009     694274   5023.465     642303  0.000e+00
    -1.9116  27.370016    359.138 331.235012     694276   5023.504     642301  0.000e+00
    -1.9115  27.369666    359.138 331.235014     694273   5023.480     642301  0.000e+00
    -1.9115  27.369200    359.135 331.235017     694274   5023.449     642300  0.000e+00
    -1.9115  27.369666    359.138 331.235020     694273   5023.480     642301  0.000e+00
    -1.9116  27.368908    359.135 331.235023     694275   5023.430     642300  0.000e+00
    -1.9114  27.369725    359.135 331.235026     694272   5023.484     642300  0.000e+00
    -1.9114  27.369666    359.135 331.235029     694272   5023.480     642300  0.000e+00
    -1.9116  27.368908    359.126 331.235032     694275   5023.430     642297  0.000e+00
    -1.9115  27.369958    359.120 331.235035     694274   5023.500     642295  0.000e+00
    -1.9115  27.369724    359.101 331.235038     694274   5023.484     642289  0.000e+00
    -1.9114  27.368908    359.080 331.235041     694272   5023.430     642282  0.000e+00
    -1.9115  27.369666    359.068 331.235043     694273   5023.480     642278  0.000e+00
    -1.9115  27.370016    359.065 331.235046     694274   5023.504     642277  0.000e+00
    -1.9114  27.369200    359.080 331.235049     694272   5023.449     642282  0.000e+00
    -1.9115  27.369958    359.086 331.235052     694273   5023.500     642284  0.000e+00
    -1.9115  27.369200    359.077 331.235055     694274   5023.449     642281  0.000e+00
    -1.9114  27.370249    359.065 331.235058     694272   5023.520     642277  0.000e+00
    -1.9114  27.369724    359.068 331.235061     694272   5023.484     642278  0.000e+00
    -1.9114  27.369724    359.068 331.235064     694272   5023.484     642278  0.000e+00
    -1.9115  27.369141    359.059 331.235067     694273   5023.445     642275  0.000e+00
    -1.9114  27.369433    359.056 331.235069     694270   5023.465     642274  0.000e+00
    -1.9116  27.370016    359.059 331.235072     694275   5023.504     642275  0.000e+00
    -1.9115  27.369666    359.065 331.235075     694273   5023.480     642277  0.000e+00
    -1.9114  27.369433    359.062 331.235078     694270   5023.465     642276  0.000e+00
    -1.9113  27.369958    359.059 331.235081     694269   5023.500     642275  0.000e+00
    -1.9114  27.370016    359.056 331.235084     694271   5023.504     642274  0.000e+00
    -1.9114  27.369433    359.053 331.235087     694272   5023.465     642273  0.000e+00
    -1.9114  27.369666    359.056 331.235090     694270   5023.480     642274  0.000e+00
    -1.9114  27.369433    359.059 331.235093     694271   5023.465     642275  0.000e+00
    -1.9115  27.369433    359.053 331.235095     694273   5023.465     642273  0.000e+00
    -1.9114  27.370541    359.056 331.235098     694271   5023.539     642274  0.000e+00
    -1.9114  27.369433    359.056 331.235101     694271   5023.465     642274  0.000e+00
    -1.9115  27.369666    359.062 331.235104     694273   5023.480     642276  0.000e+00
    -1.9114  27.370249    359.056 331.235107     694271   5023.520     642274  0.000e+00
    -1.9114  27.369433    359.056 331.235110     694272   5023.465     642274  0.000e+00
    -1.9114  27.369666    359.059 331.235113     694271   5023.480     642275  0.000e+00
    -1.9114  27.370016    359.059 331.235116     694271   5023.504     642275  0.000e+00
    -1.9114  27.369724    359.056 331.235119     694271   5023.484     642274  0.000e+00
    -1.9114  27.369433    359.050 331.235122     694271   5023.465     642272  0.000e+00
    -1.9114  27.370541    359.053 331.235124     694271   5023.539     642273  0.000e+00
    -1.9113  27.370249    359.056 331.235127     694269   5023.520     642274  0.000e+00
    -1.9114  27.369724    359.053 331.235130     694271   5023.484     642273  0.000e+00
    -1.9114  27.369433    359.056 331.235133     694270   5023.465     642274  0.000e+00
    -1.9114  27.369433    359.056 331.235136     694272   5023.465     642274  0.000e+00
    -1.9115  27.370016    359.062 331.235139     694273   5023.504     642276  0.000e+00
    -1.9114  27.369724    359.059 331.235142     694270   5023.484     642275  0.000e+00
    -1.9114  27.370832    359.059 331.235145     694270   5023.559     642275  0.000e+00
    -1.9114  27.369724    359.056 331.235148     694270   5023.484     642274  0.000e+00
    -1.9113  27.369958    359.053 331.235150     694269   5023.500     642273  0.000e+00
    -1.9114  27.369433    359.056 331.235153     694271   5023.465     642274  0.000e+00
    -1.9114  27.370249    359.053 331.235156     694270   5023.520     642273  0.000e+00
    -1.9114  27.370249    359.056 331.235159     694271   5023.520     642274  0.000e+00
    -1.9113  27.369433    359.059 331.235162     694269   5023.465     642275  0.000e+00
    -1.9115  27.369724    359.056 331.235165     694273   5023.484     642274  0.000e+00
    -1.9114  27.370249    359.053 331.235168     694271   5023.520     642273  0.000e+00
    -1.9113  27.370016    359.053 331.235171     694269   5023.504     642273  0.000e+00
    -1.9114  27.368558    359.062 331.235174     694271   5023.406     642276  0.000e+00
    -1.9115  27.369724    359.059 331.235177     694274   5023.484     642275  0.000e+00
    -1.9114  27.369200    359.059 331.235179     694272   5023.449     642275  0.000e+00
    -1.9114  27.369666    359.059 331.235182     694270   5023.480     642275  0.000e+00
    -1.9115  27.370249    359.056 331.235185     694273   5023.520     642274  0.000e+00
    -1.9114  27.369666    359.062 331.235188     694271   5023.480     642276  0.000e+00
    -1.9115  27.369433    359.053 331.235191     694274   5023.465     642273  0.000e+00
    -1.9114  27.370016    359.062 331.235194     694272   5023.504     642276  0.000e+00
    -1.9115  27.369666    359.071 331.235197     694274   5023.480     642279  0.000e+00
    -1.9114  27.369433    359.068 331.235200     694272   5023.465     642278  0.000e+00
    -1.9115  27.370016    359.065 331.235203     694274   5023.504     642277  0.000e+00
    -1.9115  27.368850    359.062 331.235205     694273   5023.426     642276  0.000e+00
    -1.9114  27.370016    359.062 331.235208     694271   5023.504     642276  0.000e+00
    -1.9115  27.369666    359.007 331.235211     694274   5023.480     642258  0.000e+00
    -1.9115  27.369199    358.766 331.235214     694274   5023.449     642179  0.000e+00
    -1.9114  27.369431    358.389 331.235217     694271   5023.465     642055  0.000e+00
    -1.9113  27.369955    358.002 331.235220     694269   5023.500     641928  0.000e+00
    -1.9111  27.368671    357.661 331.235223     694264   5023.414     641816  0.000e+00
    -1.9112  27.369195    357.311 331.235226     694267   5023.449     641701  0.000e+00
    -1.9114  27.367970    356.954 331.235229     694270   5023.367     641584  0.000e+00
    -1.9113  27.368377    356.595 331.235231     694269   5023.395     641466  0.000e+00
    -1.9116  27.368259    356.230 331.235234     694276   5023.387     641346  0.000e+00
    -1.9116  27.367850    355.873 331.235237     694275   5023.359     641229  0.000e+00
    -1.9118  27.366800    355.523 331.235240     694280   5023.289     641114  0.000e+00
    -1.9119  27.366041    355.164 331.235243     694282   5023.238     640996  0.000e+00
    -1.9120  27.366798    354.808 331.235246     694285   5023.289     640879  0.000e+00
    -1.9121  27.365456    354.442 331.235249     694287   5023.199     640759  0.000e+00
    -1.9122  27.366271    354.095 331.235252     694288   5023.254     640645  0.000e+00
    -1.9121  27.365163    353.745 331.235255     694287   5023.180     640530  0.000e+00
    -1.9124  27.364579    353.392 331.235258     694292   5023.141     640414  0.000e+00
    -1.9124  27.364928    353.041 331.235260     694293   5023.164     640299  0.000e+00
    -1.9127  27.363586    352.694 331.235263     694299   5023.074     640185  0.000e+00
    -1.9128  27.364051    352.344 331.235266     694303   5023.105     640070  0.000e+00
    -1.9131  27.363059    351.994 331.235269     694309   5023.039     639955  0.000e+00
    -1.9132  27.363292    351.637 331.235272     694311   5023.055     639838  0.000e+00
    -1.9134  27.362883    351.287 331.235275     694316   5023.027     639723  0.000e+00
    -1.9137  27.362241    350.934 331.235278     694322   5022.984     639607  0.000e+00
    -1.9138  27.361773    350.584 331.235281     694324   5022.953     639492  0.000e+00
    -1.9139  27.361189    350.224 331.235284     694327   5022.914     639374  0.000e+00
    -1.9140  27.359848    349.865 331.235286     694329   5022.824     639256  0.000e+00
    -1.9144  27.360080    349.500 331.235289     694337   5022.840     639136  0.000e+00
    -1.9145  27.358796    349.143 331.235292     694340   5022.754     639019  0.000e+00
    -1.9148  27.358795    348.790 331.235295     694346   5022.754     638903  0.000e+00
    -1.9151  27.357862    348.434 331.235298     694353   5022.691     638786  0.000e+00
    -1.9152  27.357744    348.071 331.235301     694355   5022.684     638667  0.000e+00
    -1.9155  27.358093    347.715 331.235304     694362   5022.707     638550  0.000e+00
    -1.9156  27.358267    347.350 331.235307     694365   5022.719     638430  0.000e+00
    -1.9157  27.357217    346.990 331.235310     694367   5022.648     638312  0.000e+00
    -1.9158  27.356983    346.625 331.235313     694368   5022.633     638192  0.000e+00
    -1.9158  27.356399    346.263 331.235315     694368   5022.594     638073  0.000e+00
    -1.9159  27.356398    345.903 331.235318     694371   5022.594     637955  0.000e+00
    -1.9158  27.356105    345.541 331.235321     694369   5022.574     637836  0.000e+00
    -1.9159  27.356104    345.185 331.235324     694371   5022.574     637719  0.000e+00
    -1.9160  27.355870    344.831 331.235327     694372   5022.559     637603  0.000e+00
    -1.9158  27.355345    344.469 331.235330     694369   5022.523     637484  0.000e+00
    -1.9161  27.355577    344.100 331.235333     694375   5022.539     637363  0.000e+00
    -1.9160  27.355868    343.753 331.235336     694372   5022.559     637249  0.000e+00
    -1.9159  27.355342    343.412 331.235339     694371   5022.523     637137  0.000e+00
    -1.9160  27.354467    343.074 331.235341     694372   5022.465     637026  0.000e+00
    -1.9160  27.354757    342.718 331.235344     694374   5022.484     636909  0.000e+00
    -1.9161  27.354756    342.365 331.235347     694375   5022.484     636793  0.000e+00
    -1.9161  27.354697    341.999 331.235350     694375   5022.480     636673  0.000e+00
    -1.9161  27.353997    341.649 331.235353     694375   5022.434     636558  0.000e+00
    -1.9162  27.353471    341.287 331.235356     694378   5022.398     636439  0.000e+00
    -1.9162  27.353295    340.933 331.235359     694378   5022.387     636323  0.000e+00
    -1.9164  27.353469    340.583 331.235362     694381   5022.398     636208  0.000e+00
    -1.9164  27.352477    340.239 331.235365     694382   5022.332     636095  0.000e+00
    -1.9165  27.352943    339.913 331.235367     694384   5022.363     635988  0.000e+00
    -1.9167  27.351834    339.572 331.235370     694388   5022.289     635876  0.000e+00
    -1.9167  27.351076    339.228 331.235373     694389   5022.238     635763  0.000e+00
    -1.9168  27.351075    338.890 331.235376     694391   5022.238     635652  0.000e+00
    -1.9171  27.349617    338.540 331.235379     694397   5022.141     635537  0.000e+00
    -1.9173  27.349441    338.199 331.235382     694401   5022.129     635425  0.000e+00
    -1.9175  27.348100    337.858 331.235385     694406   5022.039     635313  0.000e+00
    -1.9178  27.347691    337.510 331.235388     694412   5022.012     635199  0.000e+00
    -1.9180  27.347049    337.160 331.235391     694418   5021.969     635084  0.000e+00
    -1.9183  27.346815    336.825 331.235394     694424   5021.953     634974  0.000e+00
    -1.9185  27.346231    336.475 331.235396     694428   5021.914     634859  0.000e+00
    -1.9188  27.345472    336.134 331.235399     694436   5021.863     634747  0.000e+00
    -1.9191  27.344830    335.787 331.235402     694441   5021.820     634633  0.000e+00
    -1.9193  27.343838    335.443 331.235405     694447   5021.754     634520  0.000e+00
    -1.9197  27.343604    335.105 331.235408     694455   5021.738     634409  0.000e+00
    -1.9198  27.342904    334.763 331.235411     694458   5021.691     634297  0.000e+00
    -1.9201  27.342262    334.425 331.235414     694464   5021.648     634186  0.000e+00
    -1.9203  27.342028    334.087 331.235417     694469   5021.633     634075  0.000e+00
    -1.9205  27.341445    333.752 331.235420     694472   5021.594     633965  0.000e+00
    -1.9207  27.340919    333.405 331.235422     694477   5021.559     633851  0.000e+00
    -1.9207  27.340918    333.070 331.235425     694477   5021.559     633741  0.000e+00
    -1.9209  27.340393    332.729 331.235428     694482   5021.523     633629  0.000e+00
    -1.9208  27.340916    332.400 331.235431     694480   5021.559     633521  0.000e+00
    -1.9209  27.340624    332.062 331.235434     694482   5021.539     633410  0.000e+00
    -1.9210  27.339866    331.727 331.235437     694485   5021.488     633300  0.000e+00
    -1.9211  27.339748    331.395 331.235440     694486   5021.480     633191  0.000e+00
    -1.9210  27.339864    331.070 331.235443     694483   5021.488     633084  0.000e+00
    -1.9212  27.338523    330.735 331.235446     694488   5021.398     632974  0.000e+00
    -1.9211  27.339512    330.396 331.235448     694487   5021.465     632863  0.000e+00
    -1.9210  27.339570    330.065 331.235451     694484   5021.469     632754  0.000e+00
    -1.9210  27.339219    329.730 331.235454     694485   5021.445     632644  0.000e+00
    -1.9210  27.339335    329.395 331.235457     694484   5021.453     632534  0.000e+00
    -1.9210  27.338810    329.053 331.235460     694484   5021.418     632422  0.000e+00
    -1.9210  27.338342    328.718 331.235463     694484   5021.387     632312  0.000e+00
    -1.9211  27.337759    328.377 331.235466     694486   5021.348     632200  0.000e+00
    -1.9211  27.337175    328.045 331.235469     694487   5021.309     632091  0.000e+00
    -1.9212  27.336358    327.704 331.235472     694489   5021.254     631979  0.000e+00
    -1.9214  27.334551    327.369 331.235475     694492   5021.133     631869  0.000e+00
    -1.9213  27.334142    327.028 331.235477     694491   5021.105     631757  0.000e+00
    -1.9216  27.332917    326.684 331.235480     694498   5021.023     631644  0.000e+00
    -1.9218  27.331343    326.343 331.235483     694502   5020.918     631532  0.000e+00
    -1.9222  27.331342    325.996 331.235486     694511   5020.918     631418  0.000e+00
    -1.9225  27.330001    325.655 331.235489     694517   5020.828     631306  0.000e+00
    -1.9229  27.328194    325.317 331.235492     694526   5020.707     631195  0.000e+00
    -1.9232  27.328950    324.967 331.235495     694532   5020.758     631080  0.000e+00
    -1.9233  27.328425    324.635 331.235498     694536   5020.723     630971  0.000e+00
    -1.9236  27.327667    324.290 331.235501     694541   5020.672     630858  0.000e+00
    -1.9237  27.327607    323.965 331.235503     694544   5020.668     630751  0.000e+00
