sbs/tests/resources/orca-test-data/SBE19plus/4794/4794_019_KiM.cnv
* Sea-Bird SBE19plus Data File:
* FileName = C:\Documents and Settings\stevens\Desktop\K131_2007\CTD\4794_019.hex
* Software Version 1.50
* Temperature SN =  4977
* Conductivity SN =  4977
* System UpLoad Time = Nov 26 2007 16:43:29
** K131 McMurdo SeaIce Work
** nov-dec 2007
** using chch plastic ctd
** times are local (NZ daylight savings)
# nquan = 8
# nvalues = 7681                                  
# units = specified
# name 0 = tv290C: Temperature [ITS-90, deg C]
# name 1 = c0mS/cm: Conductivity [mS/cm]
# name 2 = prdM: Pressure, Strain Gauge [db]
# name 3 = timeJ: Julian Days
# name 4 = f0: Frequency 0
# name 5 = f1: Frequency 1
# name 6 = f2: Frequency 2
# name 7 = flag:  0.000e+00
# span 0 =    -2.9360,    -1.9048                 
# span 1 =   0.070337,  27.377604                 
# span 2 =     -0.295,    362.993                 
# span 3 = 330.672650, 330.694873                 
# span 4 =     694125,     717248                 
# span 5 =   2611.137,   5024.012                 
# span 6 =     524307,     643567                 
# span 7 = 0.0000e+00, 0.0000e+00                 
# interval = seconds: 0.25
# start_time = Nov 26 2007 16:08:37 [Instrument's time stamp, header]
# bad_flag = -9.990e-29
*END*
[from data line 6652]
    -1.9581  27.214885    191.148 330.691898     695307   5013.129     587144  0.000e+00
    -1.9578  27.214477    190.743 330.691901     695301   5013.102     587011  0.000e+00
    -1.9574  27.214651    190.332 330.691904     695292   5013.113     586876  0.000e+00
    -1.9571  27.214882    189.927 330.691907     695285   5013.129     586743  0.000e+00
    -1.9569  27.214765    189.537 330.691910     695280   5013.121     586615  0.000e+00
    -1.9563  27.214647    189.141 330.691913     695268   5013.113     586485  0.000e+00
    -1.9559  27.215053    188.732 330.691916     695259   5013.141     586351  0.000e+00
    -1.9553  27.215983    188.327 330.691918     695246   5013.203     586218  0.000e+00
    -1.9548  27.215400    187.919 330.691921     695234   5013.164     586084  0.000e+00
    -1.9542  27.216738    187.520 330.691924     695222   5013.254     585953  0.000e+00
    -1.9537  27.216504    187.115 330.691927     695210   5013.238     585820  0.000e+00
    -1.9531  27.216735    186.710 330.691930     695197   5013.254     585687  0.000e+00
    -1.9528  27.216501    186.308 330.691933     695189   5013.238     585555  0.000e+00
    -1.9524  27.215628    185.909 330.691936     695180   5013.180     585424  0.000e+00
    -1.9522  27.216208    185.504 330.691939     695177   5013.219     585291  0.000e+00
    -1.9518  27.216207    185.095 330.691942     695168   5013.219     585157  0.000e+00
    -1.9515  27.216730    184.693 330.691944     695162   5013.254     585025  0.000e+00
    -1.9511  27.216496    184.279 330.691947     695151   5013.238     584889  0.000e+00
    -1.9507  27.215622    183.880 330.691950     695143   5013.180     584758  0.000e+00
    -1.9504  27.215679    183.481 330.691953     695136   5013.184     584627  0.000e+00
    -1.9501  27.216493    183.073 330.691956     695131   5013.238     584493  0.000e+00
    -1.9500  27.216434    182.668 330.691959     695128   5013.234     584360  0.000e+00
    -1.9498  27.216723    182.262 330.691962     695124   5013.254     584227  0.000e+00
    -1.9497  27.216141    181.854 330.691965     695121   5013.215     584093  0.000e+00
    -1.9498  27.215674    181.461 330.691968     695123   5013.184     583964  0.000e+00
    -1.9496  27.215848    181.068 330.691970     695119   5013.195     583835  0.000e+00
    -1.9496  27.214857    180.657 330.691973     695118   5013.129     583700  0.000e+00
    -1.9497  27.214856    180.258 330.691976     695122   5013.129     583569  0.000e+00
    -1.9497  27.214448    179.853 330.691979     695122   5013.102     583436  0.000e+00
    -1.9498  27.214331    179.457 330.691982     695123   5013.094     583306  0.000e+00
    -1.9497  27.214446    179.064 330.691985     695122   5013.102     583177  0.000e+00
    -1.9501  27.215143    178.665 330.691988     695129   5013.148     583046  0.000e+00
    -1.9501  27.213280    178.266 330.691991     695130   5013.023     582915  0.000e+00
    -1.9501  27.213919    177.864 330.691994     695130   5013.066     582783  0.000e+00
    -1.9502  27.213802    177.455 330.691997     695132   5013.059     582649  0.000e+00
    -1.9501  27.212521    177.053 330.691999     695131   5012.973     582517  0.000e+00
    -1.9501  27.212752    176.651 330.692002     695131   5012.988     582385  0.000e+00
    -1.9502  27.212810    176.246 330.692005     695133   5012.992     582252  0.000e+00
    -1.9502  27.212459    175.832 330.692008     695133   5012.969     582116  0.000e+00
    -1.9502  27.211935    175.412 330.692011     695133   5012.934     581978  0.000e+00
    -1.9503  27.212225    175.009 330.692014     695135   5012.953     581846  0.000e+00
    -1.9504  27.211933    174.607 330.692017     695137   5012.934     581714  0.000e+00
    -1.9504  27.211641    174.202 330.692020     695137   5012.914     581581  0.000e+00
    -1.9504  27.211407    173.803 330.692023     695136   5012.898     581450  0.000e+00
    -1.9503  27.212220    173.389 330.692025     695135   5012.953     581314  0.000e+00
    -1.9502  27.211928    172.990 330.692028     695133   5012.934     581183  0.000e+00
    -1.9501  27.211695    172.585 330.692031     695130   5012.918     581050  0.000e+00
    -1.9500  27.211344    172.192 330.692034     695127   5012.895     580921  0.000e+00
    -1.9499  27.210645    171.793 330.692037     695125   5012.848     580790  0.000e+00
    -1.9499  27.210819    171.384 330.692040     695125   5012.859     580656  0.000e+00
    -1.9500  27.210120    170.991 330.692043     695127   5012.813     580527  0.000e+00
    -1.9500  27.210875    170.586 330.692046     695128   5012.863     580394  0.000e+00
    -1.9500  27.210234    170.175 330.692049     695128   5012.820     580259  0.000e+00
    -1.9497  27.209825    169.767 330.692052     695121   5012.793     580125  0.000e+00
    -1.9497  27.210232    169.353 330.692054     695122   5012.820     579989  0.000e+00
    -1.9495  27.209300    168.938 330.692057     695117   5012.758     579853  0.000e+00
    -1.9494  27.210113    168.533 330.692060     695114   5012.813     579720  0.000e+00
    -1.9493  27.210228    168.128 330.692063     695112   5012.820     579587  0.000e+00
    -1.9493  27.209529    167.717 330.692066     695113   5012.773     579452  0.000e+00
    -1.9492  27.209412    167.312 330.692069     695111   5012.766     579319  0.000e+00
    -1.9494  27.209818    166.903 330.692072     695114   5012.793     579185  0.000e+00
    -1.9492  27.209410    166.501 330.692075     695111   5012.766     579053  0.000e+00
    -1.9493  27.208769    166.102 330.692078     695113   5012.723     578922  0.000e+00
    -1.9493  27.208768    165.694 330.692080     695112   5012.723     578788  0.000e+00
    -1.9493  27.208825    165.286 330.692083     695113   5012.727     578654  0.000e+00
    -1.9493  27.208475    164.884 330.692086     695112   5012.703     578522  0.000e+00
    -1.9494  27.208823    164.491 330.692089     695114   5012.727     578393  0.000e+00
    -1.9494  27.208473    164.092 330.692092     695114   5012.703     578262  0.000e+00
    -1.9493  27.207715    163.699 330.692095     695113   5012.652     578133  0.000e+00
    -1.9494  27.207714    163.300 330.692098     695115   5012.652     578002  0.000e+00
    -1.9494  27.206608    162.910 330.692101     695115   5012.578     577874  0.000e+00
    -1.9494  27.206898    162.517 330.692104     695114   5012.598     577745  0.000e+00
    -1.9495  27.207420    162.118 330.692106     695117   5012.633     577614  0.000e+00
    -1.9495  27.206605    161.722 330.692109     695116   5012.578     577484  0.000e+00
    -1.9497  27.206371    161.323 330.692112     695120   5012.563     577353  0.000e+00
    -1.9497  27.206603    160.930 330.692115     695121   5012.578     577224  0.000e+00
    -1.9497  27.206020    160.531 330.692118     695120   5012.539     577093  0.000e+00
    -1.9499  27.205844    160.128 330.692121     695125   5012.527     576961  0.000e+00
    -1.9498  27.205727    159.720 330.692124     695124   5012.520     576827  0.000e+00
    -1.9498  27.205551    159.315 330.692127     695124   5012.508     576694  0.000e+00
    -1.9499  27.205725    158.904 330.692130     695125   5012.520     576559  0.000e+00
    -1.9499  27.204793    158.505 330.692133     695125   5012.457     576428  0.000e+00
    -1.9498  27.205025    158.103 330.692135     695124   5012.473     576296  0.000e+00
    -1.9499  27.204035    157.704 330.692138     695126   5012.406     576165  0.000e+00
    -1.9499  27.204266    157.298 330.692141     695126   5012.422     576032  0.000e+00
    -1.9500  27.203800    156.896 330.692144     695128   5012.391     575900  0.000e+00
    -1.9500  27.204497    156.497 330.692147     695128   5012.438     575769  0.000e+00
    -1.9500  27.204263    156.080 330.692150     695127   5012.422     575632  0.000e+00
    -1.9501  27.203797    155.672 330.692153     695131   5012.391     575498  0.000e+00
    -1.9501  27.203447    155.257 330.692156     695130   5012.367     575362  0.000e+00
    -1.9501  27.203504    154.846 330.692159     695130   5012.371     575227  0.000e+00
    -1.9501  27.202921    154.432 330.692161     695129   5012.332     575091  0.000e+00
    -1.9500  27.203211    154.024 330.692164     695128   5012.352     574957  0.000e+00
    -1.9501  27.202395    153.597 330.692167     695130   5012.297     574817  0.000e+00
    -1.9502  27.202394    153.183 330.692170     695132   5012.297     574681  0.000e+00
    -1.9501  27.202626    152.768 330.692173     695129   5012.313     574545  0.000e+00
    -1.9501  27.202392    152.351 330.692176     695130   5012.297     574408  0.000e+00
    -1.9501  27.201518    151.934 330.692179     695131   5012.238     574271  0.000e+00
    -1.9501  27.201052    151.513 330.692182     695129   5012.207     574133  0.000e+00
    -1.9502  27.201225    151.093 330.692185     695133   5012.219     573995  0.000e+00
    -1.9501  27.201340    150.679 330.692187     695131   5012.227     573859  0.000e+00
    -1.9502  27.201049    150.264 330.692190     695132   5012.207     573723  0.000e+00
    -1.9503  27.201513    149.850 330.692193     695134   5012.238     573587  0.000e+00
    -1.9503  27.200232    149.430 330.692196     695134   5012.152     573449  0.000e+00
    -1.9503  27.200696    149.028 330.692199     695135   5012.184     573317  0.000e+00
    -1.9501  27.199474    148.610 330.692202     695131   5012.102     573180  0.000e+00
    -1.9501  27.200229    148.202 330.692205     695131   5012.152     573046  0.000e+00
    -1.9502  27.200111    147.785 330.692208     695133   5012.145     572909  0.000e+00
    -1.9503  27.198947    147.370 330.692211     695135   5012.066     572773  0.000e+00
    -1.9503  27.199295    146.965 330.692214     695134   5012.090     572640  0.000e+00
    -1.9503  27.200224    146.542 330.692216     695134   5012.152     572501  0.000e+00
    -1.9502  27.198711    146.133 330.692219     695132   5012.051     572367  0.000e+00
    -1.9503  27.198652    145.722 330.692222     695135   5012.047     572232  0.000e+00
    -1.9503  27.198651    145.308 330.692225     695135   5012.047     572096  0.000e+00
    -1.9504  27.198708    144.900 330.692228     695136   5012.051     571962  0.000e+00
    -1.9506  27.197892    144.488 330.692231     695142   5011.996     571827  0.000e+00
    -1.9506  27.197891    144.074 330.692234     695140   5011.996     571691  0.000e+00
    -1.9505  27.197308    143.651 330.692237     695139   5011.957     571552  0.000e+00
    -1.9506  27.197307    143.239 330.692240     695141   5011.957     571417  0.000e+00
    -1.9507  27.196783    142.828 330.692242     695143   5011.922     571282  0.000e+00
    -1.9505  27.197887    142.426 330.692245     695139   5011.996     571150  0.000e+00
    -1.9506  27.197304    142.015 330.692248     695141   5011.957     571015  0.000e+00
    -1.9506  27.196547    141.607 330.692251     695142   5011.906     570881  0.000e+00
    -1.9506  27.196488    141.189 330.692254     695141   5011.902     570744  0.000e+00
    -1.9506  27.195731    140.781 330.692257     695140   5011.852     570610  0.000e+00
    -1.9506  27.196486    140.364 330.692260     695140   5011.902     570473  0.000e+00
    -1.9505  27.195205    139.946 330.692263     695139   5011.816     570336  0.000e+00
    -1.9506  27.195204    139.529 330.692266     695141   5011.816     570199  0.000e+00
    -1.9506  27.195610    139.121 330.692269     695141   5011.844     570065  0.000e+00
    -1.9506  27.195492    138.700 330.692271     695141   5011.836     569927  0.000e+00
    -1.9507  27.194793    138.289 330.692274     695144   5011.789     569792  0.000e+00
    -1.9507  27.194967    137.878 330.692277     695143   5011.801     569657  0.000e+00
    -1.9508  27.194675    137.463 330.692280     695145   5011.781     569521  0.000e+00
    -1.9506  27.193627    137.055 330.692283     695141   5011.711     569387  0.000e+00
    -1.9506  27.194440    136.632 330.692286     695142   5011.766     569248  0.000e+00
    -1.9508  27.193625    136.214 330.692289     695146   5011.711     569111  0.000e+00
    -1.9507  27.194438    135.800 330.692292     695143   5011.766     568975  0.000e+00
    -1.9507  27.193622    135.386 330.692295     695144   5011.711     568839  0.000e+00
    -1.9508  27.193331    134.971 330.692297     695145   5011.691     568703  0.000e+00
    -1.9509  27.192573    134.563 330.692300     695147   5011.641     568569  0.000e+00
    -1.9509  27.193619    134.164 330.692303     695147   5011.711     568438  0.000e+00
    -1.9508  27.192571    133.753 330.692306     695146   5011.641     568303  0.000e+00
    -1.9510  27.192221    133.342 330.692309     695150   5011.617     568168  0.000e+00
    -1.9510  27.192278    132.930 330.692312     695149   5011.621     568033  0.000e+00
    -1.9511  27.192510    132.519 330.692315     695151   5011.637     567898  0.000e+00
    -1.9509  27.192043    132.093 330.692318     695148   5011.605     567758  0.000e+00
    -1.9510  27.191519    131.672 330.692321     695150   5011.570     567620  0.000e+00
    -1.9511  27.191401    131.246 330.692323     695151   5011.563     567480  0.000e+00
    -1.9511  27.191226    130.831 330.692326     695151   5011.551     567344  0.000e+00
    -1.9512  27.191399    130.423 330.692329     695154   5011.563     567210  0.000e+00
    -1.9511  27.191224    130.018 330.692332     695153   5011.551     567077  0.000e+00
    -1.9511  27.190001    129.604 330.692335     695153   5011.469     566941  0.000e+00
    -1.9511  27.190931    129.189 330.692338     695152   5011.531     566805  0.000e+00
    -1.9511  27.190930    128.763 330.692341     695153   5011.531     566665  0.000e+00
    -1.9511  27.190580    128.348 330.692344     695152   5011.508     566529  0.000e+00
    -1.9512  27.189125    127.940 330.692347     695154   5011.410     566395  0.000e+00
    -1.9511  27.189414    127.517 330.692350     695151   5011.430     566256  0.000e+00
    -1.9512  27.189355    127.102 330.692352     695154   5011.426     566120  0.000e+00
    -1.9512  27.189354    126.682 330.692355     695155   5011.426     565982  0.000e+00
    -1.9512  27.189120    126.262 330.692358     695155   5011.410     565844  0.000e+00
    -1.9514  27.188305    125.847 330.692361     695158   5011.355     565708  0.000e+00
    -1.9515  27.188013    125.442 330.692364     695161   5011.336     565575  0.000e+00
    -1.9513  27.188303    125.022 330.692367     695157   5011.355     565437  0.000e+00
    -1.9514  27.188592    124.620 330.692370     695158   5011.375     565305  0.000e+00
    -1.9515  27.188010    124.205 330.692373     695161   5011.336     565169  0.000e+00
    -1.9513  27.188300    123.794 330.692376     695157   5011.355     565034  0.000e+00
    -1.9513  27.188008    123.377 330.692378     695157   5011.336     564897  0.000e+00
    -1.9513  27.188007    122.980 330.692381     695156   5011.336     564767  0.000e+00
    -1.9512  27.187191    122.581 330.692384     695155   5011.281     564636  0.000e+00
    -1.9512  27.186958    122.188 330.692387     695155   5011.266     564507  0.000e+00
    -1.9512  27.186084    121.792 330.692390     695155   5011.207     564377  0.000e+00
    -1.9511  27.187770    121.396 330.692393     695153   5011.320     564247  0.000e+00
    -1.9511  27.186198    120.991 330.692396     695152   5011.215     564114  0.000e+00
    -1.9512  27.187186    120.583 330.692399     695154   5011.281     563980  0.000e+00
    -1.9512  27.185382    120.172 330.692402     695155   5011.160     563845  0.000e+00
    -1.9512  27.186079    119.769 330.692405     695155   5011.207     563713  0.000e+00
    -1.9512  27.185380    119.367 330.692407     695154   5011.160     563581  0.000e+00
    -1.9512  27.185786    118.962 330.692410     695155   5011.188     563448  0.000e+00
    -1.9513  27.185378    118.569 330.692413     695156   5011.160     563319  0.000e+00
