sbs/tests/resources/orca-test-data/SBE19plus/4794/4794_016_KiM.cnv
* Sea-Bird SBE19plus Data File:
* FileName = C:\Documents and Settings\stevens\Desktop\K131_2007\CTD\4794_016.hex
* Software Version 1.50
* Temperature SN =  4977
* Conductivity SN =  4977
* System UpLoad Time = Nov 26 2007 14:43:56
** K131 McMurdo SeaIce Work
** nov-dec 2007
** using chch plastic ctd
** times are local (NZ daylight savings)
# nquan = 8
# nvalues = 2569                                  
# units = specified
# name 0 = tv290C: Temperature [ITS-90, deg C]
# name 1 = c0mS/cm: Conductivity [mS/cm]
# name 2 = prdM: Pressure, Strain Gauge [db]
# name 3 = timeJ: Julian Days
# name 4 = f0: Frequency 0
# name 5 = f1: Frequency 1
# name 6 = f2: Frequency 2
# name 7 = flag:  0.000e+00
# span 0 =    -3.7953,    -1.9060                 
# span 1 =   0.043091,  27.380696                 
# span 2 =     -0.008,    362.828                 
# span 3 = 330.593993, 330.601424                 
# span 4 =     694152,     736895                 
# span 5 =   2607.609,   5024.219                 
# span 6 =     524407,     643513                 
# span 7 = 0.0000e+00, 0.0000e+00                 
# interval = seconds: 0.25
# start_time = Nov 26 2007 14:15:21 [Instrument's time stamp, header]
# bad_flag = -9.990e-29
*END*
[from data line 1439]
    -1.9073  27.347173    362.654 330.598157     694181   5021.973     643456  0.000e+00
    -1.9073  27.346881    362.651 330.598160     694181   5021.953     643455  0.000e+00
    -1.9077  27.346881    362.654 330.598163     694189   5021.953     643456  0.000e+00
    -1.9076  27.347464    362.651 330.598166     694187   5021.992     643455  0.000e+00
    -1.9076  27.347639    362.644 330.598168     694187   5022.004     643453  0.000e+00
    -1.9073  27.348572    362.654 330.598171     694181   5022.066     643456  0.000e+00
    -1.9074  27.348455    362.657 330.598174     694182   5022.059     643457  0.000e+00
    -1.9070  27.348746    362.657 330.598177     694174   5022.078     643457  0.000e+00
    -1.9068  27.348863    362.654 330.598180     694168   5022.086     643456  0.000e+00
    -1.9066  27.348163    362.654 330.598183     694164   5022.039     643456  0.000e+00
    -1.9065  27.348863    362.657 330.598186     694162   5022.086     643457  0.000e+00
    -1.9065  27.349271    362.654 330.598189     694163   5022.113     643456  0.000e+00
    -1.9065  27.349271    362.666 330.598192     694162   5022.113     643460  0.000e+00
    -1.9064  27.349446    362.663 330.598194     694160   5022.125     643459  0.000e+00
    -1.9066  27.348746    362.666 330.598197     694165   5022.078     643460  0.000e+00
    -1.9068  27.349271    362.657 330.598200     694169   5022.113     643457  0.000e+00
    -1.9068  27.349154    362.663 330.598203     694168   5022.105     643459  0.000e+00
    -1.9068  27.348746    362.657 330.598206     694169   5022.078     643457  0.000e+00
    -1.9074  27.349446    362.663 330.598209     694183   5022.125     643459  0.000e+00
    -1.9076  27.349271    362.666 330.598212     694187   5022.113     643460  0.000e+00
    -1.9080  27.348747    362.663 330.598215     694195   5022.078     643459  0.000e+00
    -1.9085  27.349971    362.666 330.598218     694206   5022.160     643460  0.000e+00
    -1.9082  27.350320    362.666 330.598220     694201   5022.184     643460  0.000e+00
    -1.9073  27.350029    362.666 330.598223     694179   5022.164     643460  0.000e+00
    -1.9069  27.349971    362.672 330.598226     694170   5022.160     643462  0.000e+00
    -1.9070  27.349796    362.666 330.598229     694173   5022.148     643460  0.000e+00
    -1.9071  27.349971    362.672 330.598232     694176   5022.160     643462  0.000e+00
    -1.9076  27.349796    362.672 330.598235     694186   5022.148     643462  0.000e+00
    -1.9077  27.350320    362.672 330.598238     694188   5022.184     643462  0.000e+00
    -1.9077  27.350845    362.669 330.598241     694189   5022.219     643461  0.000e+00
    -1.9073  27.350320    362.669 330.598244     694181   5022.184     643461  0.000e+00
    -1.9072  27.350262    362.675 330.598247     694178   5022.180     643463  0.000e+00
    -1.9078  27.351370    362.675 330.598249     694192   5022.254     643463  0.000e+00
    -1.9079  27.350845    362.672 330.598252     694194   5022.219     643462  0.000e+00
    -1.9080  27.350554    362.675 330.598255     694195   5022.199     643463  0.000e+00
    -1.9081  27.350845    362.678 330.598258     694197   5022.219     643464  0.000e+00
    -1.9080  27.351370    362.675 330.598261     694195   5022.254     643463  0.000e+00
    -1.9078  27.351661    362.675 330.598264     694190   5022.273     643463  0.000e+00
    -1.9078  27.351661    362.678 330.598267     694191   5022.273     643464  0.000e+00
    -1.9075  27.351370    362.681 330.598270     694184   5022.254     643465  0.000e+00
    -1.9076  27.351370    362.678 330.598273     694187   5022.254     643464  0.000e+00
    -1.9079  27.351136    362.681 330.598275     694193   5022.238     643465  0.000e+00
    -1.9082  27.351953    362.684 330.598278     694199   5022.293     643466  0.000e+00
    -1.9079  27.351894    362.681 330.598281     694193   5022.289     643465  0.000e+00
    -1.9078  27.352244    362.681 330.598284     694191   5022.313     643465  0.000e+00
    -1.9074  27.352710    362.684 330.598287     694182   5022.344     643466  0.000e+00
    -1.9069  27.352710    362.684 330.598290     694170   5022.344     643466  0.000e+00
    -1.9071  27.351952    362.690 330.598293     694176   5022.293     643468  0.000e+00
    -1.9073  27.353002    362.681 330.598296     694180   5022.363     643465  0.000e+00
    -1.9075  27.352419    362.684 330.598299     694184   5022.324     643466  0.000e+00
    -1.9073  27.352827    362.684 330.598302     694181   5022.352     643466  0.000e+00
    -1.9077  27.353235    362.690 330.598304     694188   5022.379     643468  0.000e+00
    -1.9078  27.353934    362.690 330.598307     694190   5022.426     643468  0.000e+00
    -1.9077  27.354051    362.684 330.598310     694188   5022.434     643466  0.000e+00
    -1.9074  27.354284    362.687 330.598313     694183   5022.449     643467  0.000e+00
    -1.9071  27.354750    362.687 330.598316     694176   5022.480     643467  0.000e+00
    -1.9067  27.354284    362.687 330.598319     694167   5022.449     643467  0.000e+00
    -1.9066  27.354576    362.690 330.598322     694165   5022.469     643468  0.000e+00
    -1.9067  27.354517    362.696 330.598325     694167   5022.465     643470  0.000e+00
    -1.9067  27.354576    362.687 330.598328     694167   5022.469     643467  0.000e+00
    -1.9073  27.355333    362.687 330.598330     694181   5022.520     643467  0.000e+00
    -1.9076  27.354284    362.693 330.598333     694187   5022.449     643469  0.000e+00
    -1.9073  27.354576    362.690 330.598336     694179   5022.469     643468  0.000e+00
    -1.9076  27.354751    362.693 330.598339     694186   5022.480     643469  0.000e+00
    -1.9072  27.354576    362.693 330.598342     694178   5022.469     643469  0.000e+00
    -1.9073  27.355042    362.699 330.598345     694180   5022.500     643471  0.000e+00
    -1.9069  27.355392    362.693 330.598348     694170   5022.523     643469  0.000e+00
    -1.9067  27.355392    362.693 330.598351     694166   5022.523     643469  0.000e+00
    -1.9069  27.355625    362.696 330.598354     694172   5022.539     643470  0.000e+00
    -1.9070  27.355916    362.690 330.598356     694174   5022.559     643468  0.000e+00
    -1.9071  27.355916    362.699 330.598359     694176   5022.559     643471  0.000e+00
    -1.9068  27.355916    362.696 330.598362     694168   5022.559     643470  0.000e+00
    -1.9069  27.355625    362.696 330.598365     694171   5022.539     643470  0.000e+00
    -1.9070  27.355916    362.699 330.598368     694174   5022.559     643471  0.000e+00
    -1.9070  27.355916    362.693 330.598371     694174   5022.559     643469  0.000e+00
    -1.9072  27.356441    362.693 330.598374     694178   5022.594     643469  0.000e+00
    -1.9072  27.356208    362.696 330.598377     694177   5022.578     643470  0.000e+00
    -1.9069  27.356966    362.693 330.598380     694172   5022.629     643469  0.000e+00
    -1.9068  27.356441    362.705 330.598383     694168   5022.594     643473  0.000e+00
    -1.9068  27.356441    362.702 330.598385     694168   5022.594     643472  0.000e+00
    -1.9068  27.356674    362.702 330.598388     694168   5022.609     643472  0.000e+00
    -1.9067  27.356732    362.699 330.598391     694167   5022.613     643471  0.000e+00
    -1.9069  27.357257    362.702 330.598394     694170   5022.648     643472  0.000e+00
    -1.9069  27.357782    362.699 330.598397     694172   5022.684     643471  0.000e+00
    -1.9066  27.357024    362.699 330.598400     694164   5022.633     643471  0.000e+00
    -1.9064  27.357490    362.699 330.598403     694161   5022.664     643471  0.000e+00
    -1.9067  27.357315    362.702 330.598406     694166   5022.652     643472  0.000e+00
    -1.9064  27.357257    362.702 330.598409     694161   5022.648     643472  0.000e+00
    -1.9065  27.358015    362.705 330.598411     694162   5022.699     643473  0.000e+00
    -1.9064  27.357898    362.702 330.598414     694161   5022.691     643472  0.000e+00
    -1.9064  27.357782    362.709 330.598417     694159   5022.684     643474  0.000e+00
    -1.9064  27.358015    362.712 330.598420     694161   5022.699     643475  0.000e+00
    -1.9067  27.357315    362.699 330.598423     694166   5022.652     643471  0.000e+00
    -1.9066  27.357782    362.702 330.598426     694164   5022.684     643472  0.000e+00
    -1.9068  27.357315    362.709 330.598429     694168   5022.652     643474  0.000e+00
    -1.9072  27.357490    362.709 330.598432     694178   5022.664     643474  0.000e+00
    -1.9072  27.357782    362.706 330.598435     694177   5022.684     643473  0.000e+00
    -1.9071  27.357607    362.706 330.598437     694175   5022.672     643473  0.000e+00
    -1.9072  27.357782    362.712 330.598440     694178   5022.684     643475  0.000e+00
    -1.9070  27.357257    362.705 330.598443     694174   5022.648     643473  0.000e+00
    -1.9069  27.358423    362.715 330.598446     694172   5022.727     643476  0.000e+00
    -1.9067  27.358015    362.712 330.598449     694167   5022.699     643475  0.000e+00
    -1.9069  27.357898    362.718 330.598452     694171   5022.691     643477  0.000e+00
    -1.9070  27.357782    362.712 330.598455     694173   5022.684     643475  0.000e+00
    -1.9073  27.357490    362.715 330.598458     694179   5022.664     643476  0.000e+00
    -1.9072  27.357898    362.718 330.598461     694177   5022.691     643477  0.000e+00
    -1.9070  27.358015    362.712 330.598464     694173   5022.699     643475  0.000e+00
    -1.9065  27.358015    362.721 330.598466     694163   5022.699     643478  0.000e+00
    -1.9067  27.358423    362.715 330.598469     694167   5022.727     643476  0.000e+00
    -1.9065  27.358540    362.718 330.598472     694163   5022.734     643477  0.000e+00
    -1.9065  27.358132    362.712 330.598475     694162   5022.707     643475  0.000e+00
    -1.9065  27.358015    362.712 330.598478     694163   5022.699     643475  0.000e+00
    -1.9073  27.358307    362.715 330.598481     694179   5022.719     643476  0.000e+00
    -1.9073  27.358423    362.718 330.598484     694181   5022.727     643477  0.000e+00
    -1.9072  27.358307    362.718 330.598487     694177   5022.719     643477  0.000e+00
    -1.9072  27.359298    362.712 330.598490     694177   5022.785     643475  0.000e+00
    -1.9072  27.358540    362.712 330.598492     694178   5022.734     643475  0.000e+00
    -1.9067  27.359064    362.718 330.598495     694167   5022.770     643477  0.000e+00
    -1.9062  27.358423    362.721 330.598498     694155   5022.727     643478  0.000e+00
    -1.9068  27.358540    362.718 330.598501     694168   5022.734     643477  0.000e+00
    -1.9064  27.359356    362.727 330.598504     694161   5022.789     643480  0.000e+00
    -1.9069  27.358715    362.724 330.598507     694172   5022.746     643479  0.000e+00
    -1.9076  27.358540    362.721 330.598510     694186   5022.734     643478  0.000e+00
    -1.9078  27.358715    362.727 330.598513     694190   5022.746     643480  0.000e+00
    -1.9074  27.358015    362.721 330.598516     694182   5022.699     643478  0.000e+00
    -1.9076  27.358015    362.721 330.598519     694187   5022.699     643478  0.000e+00
    -1.9070  27.358132    362.727 330.598521     694173   5022.707     643480  0.000e+00
    -1.9077  27.358307    362.724 330.598524     694188   5022.719     643479  0.000e+00
    -1.9082  27.359356    362.721 330.598527     694199   5022.789     643478  0.000e+00
    -1.9077  27.359006    362.730 330.598530     694189   5022.766     643481  0.000e+00
    -1.9072  27.359647    362.727 330.598533     694177   5022.809     643480  0.000e+00
    -1.9072  27.359006    362.721 330.598536     694177   5022.766     643478  0.000e+00
    -1.9073  27.359064    362.727 330.598539     694181   5022.770     643480  0.000e+00
    -1.9073  27.358540    362.724 330.598542     694181   5022.734     643479  0.000e+00
    -1.9078  27.357607    362.724 330.598545     694191   5022.672     643479  0.000e+00
    -1.9082  27.358831    362.730 330.598547     694199   5022.754     643481  0.000e+00
    -1.9080  27.359006    362.730 330.598550     694195   5022.766     643481  0.000e+00
    -1.9076  27.357490    362.727 330.598553     694186   5022.664     643480  0.000e+00
    -1.9077  27.358307    362.730 330.598556     694188   5022.719     643481  0.000e+00
    -1.9076  27.359006    362.724 330.598559     694186   5022.766     643479  0.000e+00
    -1.9078  27.358540    362.724 330.598562     694190   5022.734     643479  0.000e+00
    -1.9080  27.358831    362.727 330.598565     694196   5022.754     643480  0.000e+00
    -1.9081  27.359531    362.730 330.598568     694198   5022.801     643481  0.000e+00
    -1.9077  27.359356    362.718 330.598571     694189   5022.789     643477  0.000e+00
    -1.9078  27.359298    362.730 330.598573     694191   5022.785     643481  0.000e+00
    -1.9077  27.360697    362.727 330.598576     694189   5022.879     643480  0.000e+00
    -1.9077  27.360930    362.733 330.598579     694188   5022.895     643482  0.000e+00
    -1.9075  27.360697    362.730 330.598582     694184   5022.879     643481  0.000e+00
    -1.9077  27.360172    362.730 330.598585     694189   5022.844     643481  0.000e+00
    -1.9073  27.360405    362.724 330.598588     694180   5022.859     643479  0.000e+00
    -1.9076  27.359822    362.730 330.598591     694187   5022.820     643481  0.000e+00
    -1.9076  27.360930    362.730 330.598594     694186   5022.895     643481  0.000e+00
    -1.9072  27.361513    362.730 330.598597     694177   5022.934     643481  0.000e+00
    -1.9074  27.360405    362.727 330.598600     694183   5022.859     643480  0.000e+00
    -1.9073  27.360172    362.730 330.598602     694181   5022.844     643481  0.000e+00
    -1.9072  27.360114    362.733 330.598605     694177   5022.840     643482  0.000e+00
    -1.9075  27.360405    362.730 330.598608     694184   5022.859     643481  0.000e+00
    -1.9076  27.361221    362.730 330.598611     694186   5022.914     643481  0.000e+00
    -1.9073  27.360697    362.736 330.598614     694180   5022.879     643483  0.000e+00
    -1.9076  27.361513    362.736 330.598617     694187   5022.934     643483  0.000e+00
    -1.9074  27.360988    362.733 330.598620     694183   5022.898     643482  0.000e+00
    -1.9073  27.362038    362.733 330.598623     694181   5022.969     643482  0.000e+00
    -1.9073  27.361513    362.736 330.598626     694179   5022.934     643483  0.000e+00
    -1.9074  27.362912    362.730 330.598628     694182   5023.027     643481  0.000e+00
    -1.9071  27.363320    362.739 330.598631     694176   5023.055     643484  0.000e+00
    -1.9072  27.364078    362.736 330.598634     694177   5023.105     643483  0.000e+00
    -1.9072  27.363903    362.736 330.598637     694177   5023.094     643483  0.000e+00
    -1.9071  27.364428    362.733 330.598640     694175   5023.129     643482  0.000e+00
    -1.9069  27.364894    362.742 330.598643     694171   5023.160     643485  0.000e+00
    -1.9070  27.364428    362.742 330.598646     694173   5023.129     643485  0.000e+00
    -1.9073  27.366002    362.745 330.598649     694181   5023.234     643486  0.000e+00
    -1.9074  27.365769    362.739 330.598652     694182   5023.219     643484  0.000e+00
    -1.9072  27.366002    362.739 330.598655     694178   5023.234     643484  0.000e+00
    -1.9070  27.365769    362.742 330.598657     694173   5023.219     643485  0.000e+00
    -1.9074  27.364953    362.742 330.598660     694182   5023.164     643485  0.000e+00
    -1.9074  27.366294    362.736 330.598663     694182   5023.254     643483  0.000e+00
    -1.9075  27.366060    362.739 330.598666     694185   5023.238     643484  0.000e+00
    -1.9072  27.367052    362.745 330.598669     694178   5023.305     643486  0.000e+00
