sbs/tests/resources/orca-test-data/SBE19plus/4794/4794_040_KiM.cnv
* Sea-Bird SBE19plus Data File:
* FileName = C:\Documents and Settings\stevens\Desktop\K131_2007\CTD\4794_040.hex
* Software Version 1.50
* Temperature SN =  4977
* Conductivity SN =  4977
* System UpLoad Time = Nov 27 2007 13:06:00
** K131 McMurdo SeaIce Work
** nov-dec 2007
** using chch plastic ctd
** times are local (NZ daylight savings)
# nquan = 8
# nvalues = 3411                                  
# units = specified
# name 0 = tv290C: Temperature [ITS-90, deg C]
# name 1 = c0mS/cm: Conductivity [mS/cm]
# name 2 = prdM: Pressure, Strain Gauge [db]
# name 3 = timeJ: Julian Days
# name 4 = f0: Frequency 0
# name 5 = f1: Frequency 1
# name 6 = f2: Frequency 2
# name 7 = flag:  0.000e+00
# span 0 =    -1.9517,    -1.6080                 
# span 1 =  -0.000433,  27.770376                 
# span 2 =     -0.278,    356.163                 
# span 3 = 331.506829, 331.516696                 
# span 4 =     687560,     695166                 
# span 5 =   2601.965,   5050.316                 
# span 6 =     524312,     641324                 
# span 7 = 0.0000e+00, 0.0000e+00                 
# interval = seconds: 0.25
# start_time = Nov 27 2007 12:09:50 [Instrument's time stamp, header]
# bad_flag = -9.990e-29
*END*
[from data line 1259]
    -1.9509  27.242369    242.501 331.510472     695147   5014.965     604003  0.000e+00
    -1.9511  27.242545    242.687 331.510475     695151   5014.977     604064  0.000e+00
    -1.9509  27.242312    242.885 331.510477     695148   5014.961     604129  0.000e+00
    -1.9510  27.242662    243.110 331.510480     695149   5014.984     604203  0.000e+00
    -1.9511  27.242837    243.320 331.510483     695151   5014.996     604272  0.000e+00
    -1.9511  27.242954    243.506 331.510486     695151   5015.004     604333  0.000e+00
    -1.9510  27.242838    243.692 331.510489     695149   5014.996     604394  0.000e+00
    -1.9510  27.242839    243.884 331.510492     695150   5014.996     604457  0.000e+00
    -1.9510  27.242956    244.097 331.510495     695149   5015.004     604527  0.000e+00
    -1.9510  27.243073    244.295 331.510498     695150   5015.012     604592  0.000e+00
    -1.9511  27.243481    244.471 331.510501     695151   5015.039     604650  0.000e+00
    -1.9512  27.243074    244.657 331.510503     695154   5015.012     604711  0.000e+00
    -1.9510  27.243190    244.858 331.510506     695149   5015.020     604777  0.000e+00
    -1.9510  27.243366    245.075 331.510509     695149   5015.031     604848  0.000e+00
    -1.9511  27.243075    245.248 331.510512     695151   5015.012     604905  0.000e+00
    -1.9512  27.241795    245.413 331.510515     695154   5014.926     604959  0.000e+00
    -1.9514  27.242552    245.598 331.510518     695159   5014.977     605020  0.000e+00
    -1.9515  27.242960    245.806 331.510521     695160   5015.004     605088  0.000e+00
    -1.9515  27.243077    245.994 331.510524     695160   5015.012     605150  0.000e+00
    -1.9515  27.243077    246.147 331.510527     695162   5015.012     605200  0.000e+00
    -1.9514  27.243485    246.302 331.510530     695159   5015.039     605251  0.000e+00
    -1.9516  27.243602    246.473 331.510532     695164   5015.047     605307  0.000e+00
    -1.9517  27.243486    246.671 331.510535     695166   5015.039     605372  0.000e+00
    -1.9517  27.243079    246.838 331.510538     695165   5015.012     605427  0.000e+00
    -1.9516  27.243603    246.960 331.510541     695163   5015.047     605467  0.000e+00
    -1.9515  27.243196    247.088 331.510544     695160   5015.020     605509  0.000e+00
    -1.9516  27.242847    247.216 331.510547     695163   5014.996     605551  0.000e+00
    -1.9516  27.243488    247.350 331.510550     695163   5015.039     605595  0.000e+00
    -1.9515  27.243896    247.514 331.510553     695161   5015.066     605649  0.000e+00
    -1.9515  27.244420    247.660 331.510556     695161   5015.102     605697  0.000e+00
    -1.9514  27.243780    247.752 331.510558     695159   5015.059     605727  0.000e+00
    -1.9515  27.242849    247.816 331.510561     695161   5014.996     605748  0.000e+00
    -1.9516  27.243489    247.886 331.510564     695163   5015.039     605771  0.000e+00
    -1.9515  27.243606    247.950 331.510567     695161   5015.047     605792  0.000e+00
    -1.9516  27.243781    248.014 331.510570     695163   5015.059     605813  0.000e+00
    -1.9516  27.243897    248.084 331.510573     695164   5015.066     605836  0.000e+00
    -1.9516  27.243898    248.200 331.510576     695163   5015.066     605874  0.000e+00
    -1.9516  27.244364    248.379 331.510579     695163   5015.098     605933  0.000e+00
    -1.9515  27.244423    248.586 331.510582     695161   5015.102     606001  0.000e+00
    -1.9516  27.244656    248.803 331.510584     695163   5015.117     606072  0.000e+00
    -1.9516  27.244948    249.016 331.510587     695164   5015.137     606142  0.000e+00
    -1.9517  27.243900    249.229 331.510590     695166   5015.066     606212  0.000e+00
    -1.9517  27.244367    249.424 331.510593     695166   5015.098     606276  0.000e+00
    -1.9517  27.244716    249.570 331.510596     695165   5015.121     606324  0.000e+00
    -1.9516  27.245182    249.732 331.510599     695164   5015.152     606377  0.000e+00
    -1.9517  27.245241    249.933 331.510602     695165   5015.156     606443  0.000e+00
    -1.9514  27.244718    250.127 331.510605     695159   5015.121     606507  0.000e+00
    -1.9515  27.245475    250.265 331.510608     695161   5015.172     606552  0.000e+00
    -1.9514  27.245475    250.392 331.510611     695159   5015.172     606594  0.000e+00
    -1.9514  27.245475    250.536 331.510613     695158   5015.172     606641  0.000e+00
    -1.9515  27.244952    250.715 331.510616     695161   5015.137     606700  0.000e+00
    -1.9515  27.246291    250.938 331.510619     695161   5015.227     606773  0.000e+00
    -1.9516  27.246525    251.190 331.510622     695163   5015.242     606856  0.000e+00
    -1.9515  27.245245    251.471 331.510625     695161   5015.156     606948  0.000e+00
    -1.9515  27.246585    251.790 331.510628     695160   5015.246     607053  0.000e+00
    -1.9514  27.246818    252.101 331.510631     695158   5015.262     607155  0.000e+00
    -1.9513  27.247983    252.363 331.510634     695157   5015.340     607241  0.000e+00
    -1.9511  27.247867    252.589 331.510637     695152   5015.332     607315  0.000e+00
    -1.9511  27.247635    252.771 331.510639     695152   5015.316     607375  0.000e+00
    -1.9512  27.247984    252.908 331.510642     695154   5015.340     607420  0.000e+00
    -1.9511  27.247636    253.021 331.510645     695153   5015.316     607457  0.000e+00
    -1.9511  27.248567    253.122 331.510648     695152   5015.379     607490  0.000e+00
    -1.9509  27.248684    253.234 331.510651     695147   5015.387     607527  0.000e+00
    -1.9508  27.248684    253.362 331.510654     695145   5015.387     607569  0.000e+00
    -1.9509  27.249150    253.469 331.510657     695147   5015.418     607604  0.000e+00
    -1.9506  27.249208    253.524 331.510660     695142   5015.422     607622  0.000e+00
    -1.9508  27.248568    253.578 331.510663     695146   5015.379     607640  0.000e+00
    -1.9506  27.249209    253.612 331.510666     695141   5015.422     607651  0.000e+00
    -1.9506  27.248685    253.612 331.510668     695141   5015.387     607651  0.000e+00
    -1.9506  27.249150    253.594 331.510671     695142   5015.418     607645  0.000e+00
    -1.9505  27.249209    253.588 331.510674     695138   5015.422     607643  0.000e+00
    -1.9506  27.248859    253.633 331.510677     695142   5015.398     607658  0.000e+00
    -1.9507  27.249733    253.740 331.510680     695143   5015.457     607693  0.000e+00
    -1.9506  27.249151    253.926 331.510683     695141   5015.418     607754  0.000e+00
    -1.9505  27.249443    254.151 331.510686     695139   5015.438     607828  0.000e+00
    -1.9504  27.250026    254.425 331.510689     695137   5015.477     607918  0.000e+00
    -1.9503  27.249677    254.717 331.510692     695134   5015.453     608014  0.000e+00
    -1.9502  27.250260    255.043 331.510694     695132   5015.492     608121  0.000e+00
    -1.9501  27.251076    255.388 331.510697     695130   5015.547     608234  0.000e+00
    -1.9501  27.251310    255.707 331.510700     695130   5015.563     608339  0.000e+00
    -1.9502  27.251310    255.978 331.510703     695132   5015.563     608428  0.000e+00
    -1.9502  27.250554    256.204 331.510706     695132   5015.512     608502  0.000e+00
    -1.9501  27.252126    256.390 331.510709     695129   5015.617     608563  0.000e+00
    -1.9499  27.251079    256.536 331.510712     695126   5015.547     608611  0.000e+00
    -1.9499  27.252127    256.719 331.510715     695125   5015.617     608671  0.000e+00
    -1.9499  27.252128    256.971 331.510718     695126   5015.617     608754  0.000e+00
    -1.9498  27.252769    257.227 331.510720     695123   5015.660     608838  0.000e+00
    -1.9497  27.252129    257.520 331.510723     695120   5015.617     608934  0.000e+00
    -1.9496  27.253353    257.852 331.510726     695118   5015.699     609043  0.000e+00
    -1.9495  27.253179    258.153 331.510729     695116   5015.688     609142  0.000e+00
    -1.9495  27.253470    258.403 331.510732     695117   5015.707     609224  0.000e+00
    -1.9494  27.253064    258.683 331.510735     695115   5015.680     609316  0.000e+00
    -1.9494  27.253472    258.972 331.510738     695115   5015.707     609411  0.000e+00
    -1.9495  27.253356    259.192 331.510741     695116   5015.699     609483  0.000e+00
    -1.9494  27.253473    259.438 331.510744     695114   5015.707     609564  0.000e+00
    -1.9493  27.253707    259.716 331.510747     695113   5015.723     609655  0.000e+00
    -1.9494  27.253882    259.950 331.510749     695114   5015.734     609732  0.000e+00
    -1.9493  27.253999    260.172 331.510752     695113   5015.742     609805  0.000e+00
    -1.9496  27.254757    260.447 331.510755     695118   5015.793     609895  0.000e+00
    -1.9494  27.254757    260.708 331.510758     695114   5015.793     609981  0.000e+00
    -1.9492  27.254758    260.916 331.510761     695110   5015.793     610049  0.000e+00
    -1.9493  27.254002    261.147 331.510764     695113   5015.742     610125  0.000e+00
    -1.9494  27.254759    261.436 331.510767     695114   5015.793     610220  0.000e+00
    -1.9492  27.254760    261.686 331.510770     695111   5015.793     610302  0.000e+00
    -1.9491  27.255342    261.909 331.510773     695107   5015.832     610375  0.000e+00
    -1.9492  27.255576    262.180 331.510775     695109   5015.848     610464  0.000e+00
    -1.9490  27.254762    262.448 331.510778     695105   5015.793     610552  0.000e+00
    -1.9489  27.255868    262.652 331.510781     695104   5015.867     610619  0.000e+00
    -1.9489  27.255578    262.850 331.510784     695103   5015.848     610684  0.000e+00
    -1.9489  27.255869    263.081 331.510787     695104   5015.867     610760  0.000e+00
    -1.9487  27.256452    263.300 331.510790     695099   5015.906     610832  0.000e+00
    -1.9487  27.256103    263.492 331.510793     695098   5015.883     610895  0.000e+00
    -1.9485  27.257152    263.675 331.510796     695094   5015.953     610955  0.000e+00
    -1.9484  27.257269    263.861 331.510799     695092   5015.961     611016  0.000e+00
    -1.9483  27.257968    264.071 331.510802     695091   5016.008     611085  0.000e+00
    -1.9479  27.258434    264.287 331.510804     695082   5016.039     611156  0.000e+00
    -1.9476  27.258784    264.467 331.510807     695075   5016.063     611215  0.000e+00
    -1.9477  27.258260    264.644 331.510810     695077   5016.027     611273  0.000e+00
    -1.9475  27.259541    264.820 331.510813     695073   5016.113     611331  0.000e+00
    -1.9474  27.259542    265.040 331.510816     695071   5016.113     611403  0.000e+00
    -1.9474  27.258960    265.237 331.510819     695069   5016.074     611468  0.000e+00
    -1.9474  27.259543    265.405 331.510822     695069   5016.113     611523  0.000e+00
    -1.9474  27.259835    265.579 331.510825     695069   5016.133     611580  0.000e+00
    -1.9473  27.259835    265.749 331.510828     695067   5016.133     611636  0.000e+00
    -1.9473  27.260359    265.941 331.510830     695067   5016.168     611699  0.000e+00
    -1.9472  27.259545    266.130 331.510833     695066   5016.113     611761  0.000e+00
    -1.9472  27.260069    266.285 331.510836     695066   5016.148     611812  0.000e+00
    -1.9473  27.260070    266.444 331.510839     695067   5016.148     611864  0.000e+00
    -1.9474  27.259837    266.639 331.510842     695070   5016.133     611928  0.000e+00
    -1.9473  27.260362    266.879 331.510845     695067   5016.168     612007  0.000e+00
    -1.9473  27.260363    267.132 331.510848     695068   5016.168     612090  0.000e+00
    -1.9471  27.260363    267.360 331.510851     695064   5016.168     612165  0.000e+00
    -1.9473  27.261528    267.604 331.510854     695067   5016.246     612245  0.000e+00
    -1.9472  27.261180    267.884 331.510856     695065   5016.223     612337  0.000e+00
    -1.9471  27.261180    268.122 331.510859     695063   5016.223     612415  0.000e+00
    -1.9472  27.261530    268.329 331.510862     695066   5016.246     612483  0.000e+00
    -1.9470  27.261705    268.563 331.510865     695060   5016.258     612560  0.000e+00
    -1.9469  27.261764    268.804 331.510868     695058   5016.262     612639  0.000e+00
    -1.9470  27.261706    268.984 331.510871     695062   5016.258     612698  0.000e+00
    -1.9470  27.262464    269.145 331.510874     695061   5016.309     612751  0.000e+00
    -1.9468  27.262348    269.297 331.510877     695056   5016.301     612801  0.000e+00
    -1.9469  27.262756    269.447 331.510880     695059   5016.328     612850  0.000e+00
    -1.9467  27.263164    269.629 331.510883     695055   5016.355     612910  0.000e+00
    -1.9466  27.263804    269.815 331.510885     695053   5016.398     612971  0.000e+00
    -1.9462  27.264329    269.967 331.510888     695044   5016.434     613021  0.000e+00
    -1.9459  27.263747    270.126 331.510891     695037   5016.395     613073  0.000e+00
    -1.9461  27.264330    270.296 331.510894     695041   5016.434     613129  0.000e+00
    -1.9459  27.265145    270.488 331.510897     695036   5016.488     613192  0.000e+00
    -1.9459  27.264098    270.704 331.510900     695037   5016.418     613263  0.000e+00
    -1.9457  27.264331    270.902 331.510903     695033   5016.434     613328  0.000e+00
    -1.9459  27.264856    271.088 331.510906     695036   5016.469     613389  0.000e+00
    -1.9457  27.265380    271.292 331.510909     695033   5016.504     613456  0.000e+00
    -1.9458  27.265730    271.490 331.510911     695034   5016.527     613521  0.000e+00
    -1.9457  27.265381    271.676 331.510914     695032   5016.504     613582  0.000e+00
    -1.9455  27.266721    271.825 331.510917     695028   5016.594     613631  0.000e+00
    -1.9453  27.267711    271.984 331.510920     695024   5016.660     613683  0.000e+00
    -1.9449  27.267537    272.200 331.510923     695014   5016.648     613754  0.000e+00
    -1.9447  27.267130    272.480 331.510926     695009   5016.621     613846  0.000e+00
    -1.9446  27.267538    272.706 331.510929     695007   5016.648     613920  0.000e+00
    -1.9444  27.268063    272.949 331.510932     695003   5016.684     614000  0.000e+00
    -1.9444  27.267423    273.275 331.510935     695003   5016.641     614107  0.000e+00
    -1.9443  27.267540    273.519 331.510938     695002   5016.648     614187  0.000e+00
    -1.9442  27.268530    273.701 331.510940     694998   5016.715     614247  0.000e+00
    -1.9442  27.267774    273.887 331.510943     694999   5016.664     614308  0.000e+00
    -1.9443  27.268357    274.088 331.510946     695002   5016.703     614374  0.000e+00
    -1.9443  27.268823    274.286 331.510949     695000   5016.734     614439  0.000e+00
    -1.9442  27.267776    274.496 331.510952     694999   5016.664     614508  0.000e+00
    -1.9443  27.268824    274.716 331.510955     695001   5016.734     614580  0.000e+00
    -1.9443  27.269116    275.011 331.510958     695001   5016.754     614677  0.000e+00
    -1.9443  27.268593    275.316 331.510961     695001   5016.719     614777  0.000e+00
    -1.9442  27.269642    275.544 331.510964     694999   5016.789     614852  0.000e+00
    -1.9442  27.269642    275.712 331.510966     694999   5016.789     614907  0.000e+00
    -1.9443  27.269934    275.919 331.510969     695000   5016.809     614975  0.000e+00
    -1.9443  27.269410    276.138 331.510972     695000   5016.773     615047  0.000e+00
    -1.9441  27.269352    276.327 331.510975     694997   5016.770     615109  0.000e+00
    -1.9443  27.269411    276.543 331.510978     695000   5016.773     615180  0.000e+00
    -1.9441  27.270460    276.762 331.510981     694996   5016.844     615252  0.000e+00
    -1.9443  27.269936    276.960 331.510984     695001   5016.809     615317  0.000e+00
    -1.9442  27.270170    277.225 331.510987     694998   5016.824     615404  0.000e+00
