sbs/tests/resources/orca-test-data/SBE19plus/4794/4794_023_KiM.cnv
* Sea-Bird SBE19plus Data File:
* FileName = C:\Documents and Settings\stevens\Desktop\K131_2007\CTD\4794_023.hex
* Software Version 1.50
* Temperature SN =  4977
* Conductivity SN =  4977
* System UpLoad Time = Nov 26 2007 20:44:15
** K131 McMurdo SeaIce Work
** nov-dec 2007
** using chch plastic ctd
** times are local (NZ daylight savings)
# nquan = 8
# nvalues = 5846                                  
# units = specified
# name 0 = tv290C: Temperature [ITS-90, deg C]
# name 1 = c0mS/cm: Conductivity [mS/cm]
# name 2 = prdM: Pressure, Strain Gauge [db]
# name 3 = timeJ: Julian Days
# name 4 = f0: Frequency 0
# name 5 = f1: Frequency 1
# name 6 = f2: Frequency 2
# name 7 = flag:  0.000e+00
# span 0 =    -5.2214,    -1.9069                 
# span 1 =   3.550964,  27.378236                 
# span 2 =     -0.274,    358.629                 
# span 3 = 330.843507, 330.860420                 
# span 4 =     694170,     770230                 
# span 5 =   3028.129,   5024.055                 
# span 6 =     524314,     642134                 
# span 7 = 0.0000e+00, 0.0000e+00                 
# interval = seconds: 0.25
# start_time = Nov 26 2007 20:14:39 [Instrument's time stamp, header]
# bad_flag = -9.990e-29
*END*
[from data line 3776]
    -1.9312  27.260789    230.380 330.854433     694711   5016.203     600024  0.000e+00
    -1.9321  27.260266    230.654 330.854436     694730   5016.168     600114  0.000e+00
    -1.9329  27.261140    230.941 330.854439     694747   5016.227     600208  0.000e+00
    -1.9335  27.260792    231.251 330.854442     694762   5016.203     600310  0.000e+00
    -1.9340  27.261142    231.553 330.854444     694772   5016.227     600409  0.000e+00
    -1.9342  27.260793    231.842 330.854447     694776   5016.203     600504  0.000e+00
    -1.9342  27.260852    232.174 330.854450     694777   5016.207     600613  0.000e+00
    -1.9344  27.259980    232.461 330.854453     694781   5016.148     600707  0.000e+00
    -1.9343  27.261087    232.698 330.854456     694779   5016.223     600785  0.000e+00
    -1.9343  27.260272    232.987 330.854459     694778   5016.168     600880  0.000e+00
    -1.9343  27.261845    233.292 330.854462     694780   5016.273     600980  0.000e+00
    -1.9343  27.261438    233.530 330.854465     694780   5016.246     601058  0.000e+00
    -1.9345  27.261846    233.789 330.854468     694783   5016.273     601143  0.000e+00
    -1.9347  27.261614    234.118 330.854470     694787   5016.258     601251  0.000e+00
    -1.9346  27.263653    234.404 330.854473     694786   5016.395     601345  0.000e+00
    -1.9340  27.264527    234.657 330.854476     694773   5016.453     601428  0.000e+00
    -1.9333  27.265925    234.977 330.854479     694757   5016.547     601533  0.000e+00
    -1.9323  27.267672    235.296 330.854482     694735   5016.664     601638  0.000e+00
    -1.9308  27.270875    235.549 330.854485     694701   5016.879     601721  0.000e+00
    -1.9288  27.271225    235.848 330.854488     694657   5016.902     601819  0.000e+00
    -1.9269  27.271925    236.158 330.854491     694614   5016.949     601921  0.000e+00
    -1.9260  27.272333    236.341 330.854494     694594   5016.977     601981  0.000e+00
    -1.9255  27.272216    236.527 330.854497     694584   5016.969     602042  0.000e+00
    -1.9254  27.271693    236.801 330.854499     694581   5016.934     602132  0.000e+00
    -1.9253  27.271810    237.063 330.854502     694580   5016.941     602218  0.000e+00
    -1.9254  27.270879    237.261 330.854505     694581   5016.879     602283  0.000e+00
    -1.9254  27.271811    237.489 330.854508     694581   5016.941     602358  0.000e+00
    -1.9254  27.272220    237.785 330.854511     694581   5016.969     602455  0.000e+00
    -1.9257  27.272453    238.053 330.854514     694589   5016.984     602543  0.000e+00
    -1.9256  27.272629    238.321 330.854517     694586   5016.996     602631  0.000e+00
    -1.9253  27.272455    238.647 330.854520     694580   5016.984     602738  0.000e+00
    -1.9252  27.273504    238.954 330.854523     694577   5017.055     602839  0.000e+00
    -1.9251  27.272980    239.201 330.854525     694575   5017.020     602920  0.000e+00
    -1.9253  27.273563    239.475 330.854528     694579   5017.059     603010  0.000e+00
    -1.9249  27.274030    239.786 330.854531     694571   5017.090     603112  0.000e+00
    -1.9248  27.274846    240.042 330.854534     694569   5017.145     603196  0.000e+00
    -1.9244  27.274905    240.282 330.854537     694559   5017.148     603275  0.000e+00
    -1.9242  27.275138    240.575 330.854540     694556   5017.164     603371  0.000e+00
    -1.9239  27.275372    240.867 330.854543     694548   5017.180     603467  0.000e+00
    -1.9238  27.275489    241.108 330.854546     694545   5017.188     603546  0.000e+00
    -1.9237  27.275665    241.385 330.854549     694543   5017.199     603637  0.000e+00
    -1.9238  27.276597    241.708 330.854552     694546   5017.262     603743  0.000e+00
    -1.9236  27.276190    241.979 330.854554     694541   5017.234     603832  0.000e+00
    -1.9236  27.276482    242.256 330.854557     694541   5017.254     603923  0.000e+00
    -1.9235  27.277123    242.533 330.854560     694539   5017.297     604014  0.000e+00
    -1.9237  27.276716    242.743 330.854563     694543   5017.270     604083  0.000e+00
    -1.9237  27.276891    242.923 330.854566     694543   5017.281     604142  0.000e+00
    -1.9237  27.277241    243.149 330.854569     694544   5017.305     604216  0.000e+00
    -1.9237  27.276718    243.417 330.854572     694544   5017.270     604304  0.000e+00
    -1.9239  27.277417    243.636 330.854575     694549   5017.316     604376  0.000e+00
    -1.9240  27.277243    243.877 330.854578     694551   5017.305     604455  0.000e+00
    -1.9242  27.277128    244.178 330.854580     694556   5017.297     604554  0.000e+00
    -1.9241  27.277769    244.470 330.854583     694552   5017.340     604650  0.000e+00
    -1.9241  27.277537    244.751 330.854586     694553   5017.324     604742  0.000e+00
    -1.9243  27.277712    245.064 330.854589     694558   5017.336     604845  0.000e+00
    -1.9245  27.277247    245.378 330.854592     694562   5017.305     604948  0.000e+00
    -1.9247  27.277423    245.649 330.854595     694565   5017.316     605037  0.000e+00
    -1.9249  27.277773    245.923 330.854598     694571   5017.340     605127  0.000e+00
    -1.9251  27.278065    246.240 330.854601     694574   5017.359     605231  0.000e+00
    -1.9252  27.278823    246.517 330.854604     694578   5017.410     605322  0.000e+00
    -1.9254  27.277542    246.770 330.854606     694581   5017.324     605405  0.000e+00
    -1.9255  27.278300    247.053 330.854609     694583   5017.375     605498  0.000e+00
    -1.9256  27.278359    247.352 330.854612     694587   5017.379     605596  0.000e+00
    -1.9256  27.278360    247.595 330.854615     694587   5017.379     605676  0.000e+00
    -1.9256  27.278593    247.854 330.854618     694587   5017.395     605761  0.000e+00
    -1.9256  27.277255    248.171 330.854621     694585   5017.305     605865  0.000e+00
    -1.9263  27.277139    248.470 330.854624     694601   5017.297     605963  0.000e+00
    -1.9270  27.277023    248.750 330.854627     694617   5017.289     606055  0.000e+00
    -1.9277  27.277257    249.082 330.854630     694632   5017.305     606164  0.000e+00
    -1.9280  27.277433    249.411 330.854633     694639   5017.316     606272  0.000e+00
    -1.9280  27.276502    249.688 330.854635     694639   5017.254     606363  0.000e+00
    -1.9283  27.276619    249.965 330.854638     694645   5017.262     606454  0.000e+00
    -1.9284  27.277027    250.236 330.854641     694649   5017.289     606543  0.000e+00
    -1.9286  27.277028    250.468 330.854644     694652   5017.289     606619  0.000e+00
    -1.9287  27.276912    250.736 330.854647     694654   5017.281     606707  0.000e+00
    -1.9288  27.277029    251.016 330.854650     694656   5017.289     606799  0.000e+00
    -1.9289  27.277729    251.220 330.854653     694659   5017.336     606866  0.000e+00
    -1.9289  27.278079    251.445 330.854656     694659   5017.359     606940  0.000e+00
    -1.9288  27.278371    251.747 330.854659     694658   5017.379     607039  0.000e+00
    -1.9288  27.278313    251.997 330.854661     694657   5017.375     607121  0.000e+00
    -1.9289  27.278372    252.222 330.854664     694659   5017.379     607195  0.000e+00
    -1.9290  27.278023    252.524 330.854667     694661   5017.355     607294  0.000e+00
    -1.9288  27.277791    252.843 330.854670     694658   5017.340     607399  0.000e+00
    -1.9289  27.278607    253.096 330.854673     694660   5017.395     607482  0.000e+00
    -1.9291  27.278608    253.361 330.854676     694663   5017.395     607569  0.000e+00
    -1.9292  27.278376    253.678 330.854679     694667   5017.379     607673  0.000e+00
    -1.9292  27.278609    253.934 330.854682     694666   5017.395     607757  0.000e+00
    -1.9292  27.278901    254.181 330.854685     694667   5017.414     607838  0.000e+00
    -1.9292  27.278611    254.473 330.854688     694666   5017.395     607934  0.000e+00
    -1.9292  27.278844    254.774 330.854690     694665   5017.410     608033  0.000e+00
    -1.9291  27.279952    255.049 330.854693     694664   5017.484     608123  0.000e+00
    -1.9290  27.279719    255.344 330.854696     694662   5017.469     608220  0.000e+00
    -1.9293  27.278905    255.652 330.854699     694668   5017.414     608321  0.000e+00
    -1.9297  27.279954    255.889 330.854702     694678   5017.484     608399  0.000e+00
    -1.9301  27.278324    256.145 330.854705     694686   5017.375     608483  0.000e+00
    -1.9302  27.278907    256.440 330.854708     694687   5017.414     608580  0.000e+00
    -1.9307  27.278326    256.693 330.854711     694699   5017.375     608663  0.000e+00
    -1.9311  27.278617    256.916 330.854714     694708   5017.395     608736  0.000e+00
    -1.9315  27.278094    257.187 330.854716     694718   5017.359     608825  0.000e+00
    -1.9318  27.278037    257.479 330.854719     694723   5017.355     608921  0.000e+00
    -1.9320  27.278387    257.692 330.854722     694728   5017.379     608991  0.000e+00
    -1.9321  27.278038    257.878 330.854725     694730   5017.355     609052  0.000e+00
    -1.9323  27.277805    258.113 330.854728     694735   5017.340     609129  0.000e+00
    -1.9321  27.278621    258.271 330.854731     694730   5017.395     609181  0.000e+00
    -1.9322  27.278621    258.356 330.854734     694733   5017.395     609209  0.000e+00
    -1.9321  27.278622    258.490 330.854737     694731   5017.395     609253  0.000e+00
    -1.9321  27.278855    258.697 330.854740     694730   5017.410     609321  0.000e+00
    -1.9320  27.278390    258.908 330.854742     694729   5017.379     609390  0.000e+00
    -1.9321  27.279147    259.170 330.854745     694730   5017.430     609476  0.000e+00
    -1.9319  27.279672    259.465 330.854748     694725   5017.465     609573  0.000e+00
    -1.9318  27.279673    259.706 330.854751     694723   5017.465     609652  0.000e+00
    -1.9316  27.280256    259.943 330.854754     694719   5017.504     609730  0.000e+00
    -1.9315  27.281538    260.236 330.854757     694716   5017.590     609826  0.000e+00
    -1.9310  27.282237    260.482 330.854760     694705   5017.637     609907  0.000e+00
    -1.9304  27.281830    260.759 330.854763     694693   5017.609     609998  0.000e+00
    -1.9302  27.283112    261.101 330.854766     694689   5017.695     610110  0.000e+00
    -1.9301  27.284220    261.426 330.854769     694685   5017.770     610217  0.000e+00
    -1.9293  27.282357    261.746 330.854771     694669   5017.645     610322  0.000e+00
    -1.9288  27.285037    262.090 330.854774     694658   5017.824     610435  0.000e+00
    -1.9281  27.285794    262.410 330.854777     694641   5017.875     610540  0.000e+00
    -1.9274  27.286610    262.693 330.854780     694625   5017.930     610633  0.000e+00
    -1.9266  27.286495    262.989 330.854783     694608   5017.922     610730  0.000e+00
    -1.9260  27.287660    263.239 330.854786     694595   5018.000     610812  0.000e+00
    -1.9256  27.287894    263.491 330.854789     694585   5018.016     610895  0.000e+00
    -1.9251  27.288186    263.784 330.854792     694574   5018.035     610991  0.000e+00
    -1.9247  27.288477    264.058 330.854795     694567   5018.055     611081  0.000e+00
    -1.9245  27.289294    264.329 330.854797     694562   5018.109     611170  0.000e+00
    -1.9241  27.289527    264.631 330.854800     694552   5018.125     611269  0.000e+00
    -1.9239  27.289528    264.871 330.854803     694548   5018.125     611348  0.000e+00
    -1.9236  27.289820    265.063 330.854806     694542   5018.145     611411  0.000e+00
    -1.9236  27.290286    265.273 330.854809     694541   5018.176     611480  0.000e+00
    -1.9235  27.289821    265.489 330.854812     694539   5018.145     611551  0.000e+00
    -1.9235  27.290054    265.602 330.854815     694539   5018.160     611588  0.000e+00
    -1.9233  27.290578    265.639 330.854818     694536   5018.195     611600  0.000e+00
    -1.9233  27.290403    265.639 330.854821     694534   5018.184     611600  0.000e+00
    -1.9232  27.290869    265.639 330.854823     694532   5018.215     611600  0.000e+00
    -1.9232  27.290986    265.648 330.854826     694533   5018.223     611603  0.000e+00
    -1.9233  27.290054    265.687 330.854829     694534   5018.160     611616  0.000e+00
    -1.9234  27.290054    265.797 330.854832     694538   5018.160     611652  0.000e+00
    -1.9232  27.290987    265.995 330.854835     694532   5018.223     611717  0.000e+00
    -1.9232  27.291395    266.239 330.854838     694532   5018.250     611797  0.000e+00
    -1.9229  27.291512    266.507 330.854841     694526   5018.258     611885  0.000e+00
    -1.9227  27.292445    266.805 330.854844     694522   5018.320     611983  0.000e+00
    -1.9227  27.292446    267.104 330.854847     694521   5018.320     612081  0.000e+00
    -1.9226  27.291514    267.329 330.854850     694519   5018.258     612155  0.000e+00
    -1.9226  27.291923    267.487 330.854852     694519   5018.285     612207  0.000e+00
    -1.9225  27.292098    267.618 330.854855     694517   5018.297     612250  0.000e+00
    -1.9227  27.292156    267.774 330.854858     694521   5018.301     612301  0.000e+00
    -1.9225  27.292448    267.929 330.854861     694517   5018.320     612352  0.000e+00
    -1.9224  27.292681    268.145 330.854864     694515   5018.336     612423  0.000e+00
    -1.9223  27.292158    268.422 330.854867     694513   5018.301     612514  0.000e+00
    -1.9223  27.293207    268.694 330.854870     694512   5018.371     612603  0.000e+00
    -1.9223  27.293266    268.977 330.854873     694513   5018.375     612696  0.000e+00
    -1.9221  27.293267    269.257 330.854876     694508   5018.375     612788  0.000e+00
    -1.9220  27.294083    269.510 330.854878     694507   5018.430     612871  0.000e+00
    -1.9219  27.293792    269.784 330.854881     694503   5018.410     612961  0.000e+00
    -1.9218  27.294375    270.073 330.854884     694501   5018.449     613056  0.000e+00
    -1.9218  27.294551    270.317 330.854887     694501   5018.461     613136  0.000e+00
    -1.9217  27.294319    270.588 330.854890     694499   5018.445     613225  0.000e+00
    -1.9218  27.294902    270.880 330.854893     694501   5018.484     613321  0.000e+00
    -1.9217  27.294553    271.121 330.854896     694499   5018.461     613400  0.000e+00
    -1.9216  27.294903    271.337 330.854899     694498   5018.484     613471  0.000e+00
    -1.9216  27.295370    271.627 330.854902     694497   5018.516     613566  0.000e+00
    -1.9216  27.294846    271.904 330.854905     694497   5018.480     613657  0.000e+00
    -1.9217  27.295196    272.147 330.854907     694499   5018.504     613737  0.000e+00
    -1.9215  27.295372    272.421 330.854910     694495   5018.516     613827  0.000e+00
    -1.9214  27.295780    272.729 330.854913     694493   5018.543     613928  0.000e+00
    -1.9214  27.295897    272.994 330.854916     694493   5018.551     614015  0.000e+00
    -1.9214  27.295898    273.250 330.854919     694493   5018.551     614099  0.000e+00
    -1.9213  27.296015    273.545 330.854922     694491   5018.559     614196  0.000e+00
    -1.9213  27.296191    273.810 330.854925     694491   5018.570     614283  0.000e+00
    -1.9214  27.296599    274.066 330.854928     694493   5018.598     614367  0.000e+00
    -1.9215  27.296716    274.362 330.854931     694495   5018.605     614464  0.000e+00
    -1.9214  27.296193    274.624 330.854933     694492   5018.570     614550  0.000e+00
    -1.9212  27.297184    274.867 330.854936     694488   5018.637     614630  0.000e+00
    -1.9211  27.297243    275.169 330.854939     694487   5018.641     614729  0.000e+00
    -1.9210  27.297477    275.464 330.854942     694483   5018.656     614826  0.000e+00
    -1.9208  27.298060    275.732 330.854945     694480   5018.695     614914  0.000e+00
    -1.9207  27.298585    276.009 330.854948     694477   5018.730     615005  0.000e+00
