sbs/tests/resources/orca-test-data/SBE19plus/4794/4794_022_KiM.cnv
* Sea-Bird SBE19plus Data File:
* FileName = C:\Documents and Settings\stevens\Desktop\K131_2007\CTD\4794_022.hex
* Software Version 1.50
* Temperature SN =  4977
* Conductivity SN =  4977
* System UpLoad Time = Nov 26 2007 19:45:27
** K131 McMurdo SeaIce Work
** nov-dec 2007
** using chch plastic ctd
** times are local (NZ daylight savings)
# nquan = 8
# nvalues = 6570                                  
# units = specified
# name 0 = tv290C: Temperature [ITS-90, deg C]
# name 1 = c0mS/cm: Conductivity [mS/cm]
# name 2 = prdM: Pressure, Strain Gauge [db]
# name 3 = timeJ: Julian Days
# name 4 = f0: Frequency 0
# name 5 = f1: Frequency 1
# name 6 = f2: Frequency 2
# name 7 = flag:  0.000e+00
# span 0 =    -4.2181,    -1.9055                 
# span 1 =   0.048941,  27.377419                 
# span 2 =     -0.283,    362.336                 
# span 3 = 330.801655, 330.820663                 
# span 4 =     694139,     746682                 
# span 5 =   2608.367,   5024.000                 
# span 6 =     524311,     643352                 
# span 7 = 0.0000e+00, 0.0000e+00                 
# interval = seconds: 0.25
# start_time = Nov 26 2007 19:14:23 [Instrument's time stamp, header]
# bad_flag = -9.990e-29
*END*
[from data line 2158]
    -1.9065  27.376138    359.225 330.807899     694162   5023.914     642330  0.000e+00
    -1.9064  27.375322    359.222 330.807902     694160   5023.859     642329  0.000e+00
    -1.9064  27.376196    359.226 330.807905     694161   5023.918     642330  0.000e+00
    -1.9064  27.376138    359.222 330.807908     694161   5023.914     642329  0.000e+00
    -1.9064  27.376138    359.226 330.807911     694161   5023.914     642330  0.000e+00
    -1.9064  27.376196    359.222 330.807914     694159   5023.918     642329  0.000e+00
    -1.9064  27.376138    359.222 330.807917     694159   5023.914     642329  0.000e+00
    -1.9063  27.376196    359.226 330.807920     694158   5023.918     642330  0.000e+00
    -1.9062  27.375847    359.229 330.807922     694156   5023.895     642331  0.000e+00
    -1.9064  27.376138    359.226 330.807925     694159   5023.914     642330  0.000e+00
    -1.9063  27.376196    359.229 330.807928     694157   5023.918     642331  0.000e+00
    -1.9062  27.375847    359.232 330.807931     694156   5023.895     642332  0.000e+00
    -1.9064  27.376371    359.222 330.807934     694159   5023.930     642329  0.000e+00
    -1.9064  27.375905    359.226 330.807937     694160   5023.898     642330  0.000e+00
    -1.9064  27.376138    359.229 330.807940     694159   5023.914     642331  0.000e+00
    -1.9064  27.376196    359.226 330.807943     694159   5023.918     642330  0.000e+00
    -1.9062  27.376371    359.232 330.807946     694156   5023.930     642332  0.000e+00
    -1.9063  27.375555    359.235 330.807948     694158   5023.875     642333  0.000e+00
    -1.9061  27.376196    359.235 330.807951     694154   5023.918     642333  0.000e+00
    -1.9062  27.374797    359.235 330.807954     694155   5023.824     642333  0.000e+00
    -1.9063  27.375847    359.232 330.807957     694157   5023.895     642332  0.000e+00
    -1.9063  27.375322    359.226 330.807960     694157   5023.859     642330  0.000e+00
    -1.9062  27.376138    359.235 330.807963     694155   5023.914     642333  0.000e+00
    -1.9062  27.375555    359.229 330.807966     694156   5023.875     642331  0.000e+00
    -1.9062  27.375905    359.229 330.807969     694156   5023.898     642331  0.000e+00
    -1.9061  27.375555    359.226 330.807972     694154   5023.875     642330  0.000e+00
    -1.9063  27.375322    359.235 330.807975     694157   5023.859     642333  0.000e+00
    -1.9064  27.375847    359.232 330.807977     694160   5023.895     642332  0.000e+00
    -1.9063  27.375555    359.232 330.807980     694158   5023.875     642332  0.000e+00
    -1.9064  27.376197    359.235 330.807983     694160   5023.918     642333  0.000e+00
    -1.9064  27.376138    359.229 330.807986     694159   5023.914     642331  0.000e+00
    -1.9064  27.376196    359.226 330.807989     694160   5023.918     642330  0.000e+00
    -1.9062  27.376371    359.229 330.807992     694155   5023.930     642331  0.000e+00
    -1.9063  27.376371    359.232 330.807995     694157   5023.930     642332  0.000e+00
    -1.9062  27.375322    359.229 330.807998     694156   5023.859     642331  0.000e+00
    -1.9060  27.375847    359.232 330.808001     694152   5023.895     642332  0.000e+00
    -1.9060  27.376371    359.235 330.808003     694152   5023.930     642333  0.000e+00
    -1.9062  27.376721    359.232 330.808006     694155   5023.953     642332  0.000e+00
    -1.9061  27.376138    359.229 330.808009     694154   5023.914     642331  0.000e+00
    -1.9060  27.375613    359.241 330.808012     694152   5023.879     642335  0.000e+00
    -1.9060  27.375847    359.238 330.808015     694152   5023.895     642334  0.000e+00
    -1.9062  27.376138    359.232 330.808018     694155   5023.914     642332  0.000e+00
    -1.9060  27.375613    359.229 330.808021     694151   5023.879     642331  0.000e+00
    -1.9061  27.375555    359.229 330.808024     694153   5023.875     642331  0.000e+00
    -1.9062  27.375322    359.232 330.808027     694155   5023.859     642332  0.000e+00
    -1.9063  27.375905    359.229 330.808030     694157   5023.898     642331  0.000e+00
    -1.9064  27.376138    359.229 330.808032     694159   5023.914     642331  0.000e+00
    -1.9064  27.376430    359.232 330.808035     694160   5023.934     642332  0.000e+00
    -1.9063  27.376371    359.229 330.808038     694157   5023.930     642331  0.000e+00
    -1.9062  27.376371    359.222 330.808041     694155   5023.930     642329  0.000e+00
    -1.9061  27.375613    359.216 330.808044     694154   5023.879     642327  0.000e+00
    -1.9062  27.375847    359.213 330.808047     694156   5023.895     642326  0.000e+00
    -1.9062  27.375555    359.216 330.808050     694155   5023.875     642327  0.000e+00
    -1.9060  27.375905    359.213 330.808053     694150   5023.898     642326  0.000e+00
    -1.9060  27.376371    359.219 330.808056     694152   5023.930     642328  0.000e+00
    -1.9062  27.375905    359.210 330.808058     694156   5023.898     642325  0.000e+00
    -1.9062  27.376371    359.223 330.808061     694155   5023.930     642329  0.000e+00
    -1.9061  27.374797    359.223 330.808064     694153   5023.824     642329  0.000e+00
    -1.9062  27.375322    359.222 330.808067     694155   5023.859     642329  0.000e+00
    -1.9062  27.376138    359.222 330.808070     694155   5023.914     642329  0.000e+00
    -1.9063  27.375030    359.229 330.808073     694158   5023.840     642331  0.000e+00
    -1.9061  27.376430    359.213 330.808076     694154   5023.934     642326  0.000e+00
    -1.9060  27.376138    359.125 330.808079     694152   5023.914     642297  0.000e+00
    -1.9060  27.375613    358.991 330.808082     694152   5023.879     642253  0.000e+00
    -1.9062  27.375846    358.909 330.808084     694155   5023.895     642226  0.000e+00
    -1.9063  27.375029    358.860 330.808087     694158   5023.840     642210  0.000e+00
    -1.9061  27.375612    358.754 330.808090     694153   5023.879     642175  0.000e+00
    -1.9059  27.375553    358.489 330.808093     694149   5023.875     642088  0.000e+00
    -1.9058  27.375319    358.169 330.808096     694147   5023.859     641983  0.000e+00
    -1.9060  27.374210    357.834 330.808099     694150   5023.785     641873  0.000e+00
    -1.9060  27.375026    357.499 330.808102     694150   5023.840     641763  0.000e+00
    -1.9060  27.375025    357.173 330.808105     694152   5023.840     641656  0.000e+00
    -1.9060  27.375024    356.826 330.808108     694151   5023.840     641542  0.000e+00
    -1.9060  27.374790    356.479 330.808111     694151   5023.824     641428  0.000e+00
    -1.9061  27.374497    356.135 330.808113     694153   5023.805     641315  0.000e+00
    -1.9061  27.374263    355.778 330.808116     694153   5023.789     641198  0.000e+00
    -1.9064  27.373154    355.428 330.808119     694159   5023.715     641083  0.000e+00
    -1.9062  27.374495    355.072 330.808122     694155   5023.805     640966  0.000e+00
    -1.9062  27.373153    354.722 330.808125     694155   5023.715     640851  0.000e+00
    -1.9062  27.373327    354.368 330.808128     694156   5023.727     640735  0.000e+00
    -1.9062  27.373967    354.018 330.808131     694155   5023.770     640620  0.000e+00
    -1.9064  27.373441    353.665 330.808134     694160   5023.734     640504  0.000e+00
    -1.9063  27.372508    353.309 330.808137     694158   5023.672     640387  0.000e+00
    -1.9064  27.372623    352.958 330.808139     694159   5023.680     640272  0.000e+00
    -1.9065  27.372622    352.596 330.808142     694163   5023.680     640153  0.000e+00
    -1.9065  27.371922    352.249 330.808145     694163   5023.633     640039  0.000e+00
    -1.9066  27.372912    351.920 330.808148     694165   5023.699     639931  0.000e+00
    -1.9067  27.373028    351.576 330.808151     694167   5023.707     639818  0.000e+00
    -1.9067  27.371802    351.241 330.808154     694166   5023.625     639708  0.000e+00
    -1.9068  27.372093    350.891 330.808157     694169   5023.645     639593  0.000e+00
    -1.9068  27.371626    350.547 330.808160     694169   5023.613     639480  0.000e+00
    -1.9067  27.372091    350.215 330.808163     694167   5023.645     639371  0.000e+00
    -1.9068  27.370516    349.889 330.808166     694168   5023.539     639264  0.000e+00
    -1.9067  27.371098    349.560 330.808168     694167   5023.578     639156  0.000e+00
    -1.9069  27.370748    349.234 330.808171     694171   5023.555     639049  0.000e+00
    -1.9070  27.370514    348.893 330.808174     694173   5023.539     638937  0.000e+00
    -1.9069  27.369172    348.567 330.808177     694172   5023.449     638830  0.000e+00
    -1.9070  27.370220    348.232 330.808180     694173   5023.520     638720  0.000e+00
    -1.9069  27.369636    347.900 330.808183     694172   5023.480     638611  0.000e+00
    -1.9068  27.369694    347.562 330.808186     694169   5023.484     638500  0.000e+00
    -1.9068  27.369693    347.224 330.808189     694169   5023.484     638389  0.000e+00
    -1.9069  27.369634    346.886 330.808192     694171   5023.480     638278  0.000e+00
    -1.9068  27.369983    346.551 330.808194     694169   5023.504     638168  0.000e+00
    -1.9069  27.369107    346.210 330.808197     694171   5023.445     638056  0.000e+00
    -1.9071  27.368348    345.866 330.808200     694176   5023.395     637943  0.000e+00
    -1.9072  27.368872    345.525 330.808203     694178   5023.430     637831  0.000e+00
    -1.9074  27.368230    345.190 330.808206     694182   5023.387     637721  0.000e+00
    -1.9074  27.366772    344.852 330.808209     694182   5023.289     637610  0.000e+00
    -1.9075  27.367704    344.514 330.808212     694185   5023.352     637499  0.000e+00
    -1.9074  27.367528    344.170 330.808215     694183   5023.340     637386  0.000e+00
    -1.9077  27.366477    343.838 330.808218     694188   5023.270     637277  0.000e+00
    -1.9080  27.366826    343.494 330.808220     694195   5023.293     637164  0.000e+00
    -1.9080  27.366476    343.159 330.808223     694196   5023.270     637054  0.000e+00
    -1.9082  27.366242    342.824 330.808226     694199   5023.254     636944  0.000e+00
    -1.9086  27.365133    342.489 330.808229     694209   5023.180     636834  0.000e+00
    -1.9087  27.365424    342.142 330.808232     694211   5023.199     636720  0.000e+00
    -1.9091  27.365131    341.807 330.808235     694220   5023.180     636610  0.000e+00
    -1.9093  27.364372    341.472 330.808238     694224   5023.129     636500  0.000e+00
    -1.9096  27.363847    341.121 330.808241     694230   5023.094     636385  0.000e+00
    -1.9096  27.363438    340.780 330.808244     694231   5023.066     636273  0.000e+00
    -1.9097  27.362737    340.436 330.808247     694233   5023.020     636160  0.000e+00
    -1.9099  27.362736    340.092 330.808249     694237   5023.020     636047  0.000e+00
    -1.9101  27.362328    339.745 330.808252     694241   5022.992     635933  0.000e+00
    -1.9101  27.362502    339.401 330.808255     694243   5023.004     635820  0.000e+00
    -1.9101  27.361743    339.063 330.808258     694242   5022.953     635709  0.000e+00
    -1.9101  27.361684    338.713 330.808261     694243   5022.949     635594  0.000e+00
    -1.9104  27.361974    338.365 330.808264     694249   5022.969     635480  0.000e+00
    -1.9105  27.360341    338.009 330.808267     694250   5022.859     635363  0.000e+00
    -1.9106  27.360865    337.659 330.808270     694253   5022.895     635248  0.000e+00
    -1.9108  27.360106    337.306 330.808273     694257   5022.844     635132  0.000e+00
    -1.9110  27.359230    336.952 330.808275     694261   5022.785     635016  0.000e+00
    -1.9111  27.360104    336.602 330.808278     694264   5022.844     634901  0.000e+00
    -1.9113  27.358937    336.246 330.808281     694269   5022.766     634784  0.000e+00
    -1.9114  27.358237    335.893 330.808284     694272   5022.719     634668  0.000e+00
    -1.9118  27.357711    335.536 330.808287     694279   5022.684     634551  0.000e+00
    -1.9119  27.356952    335.183 330.808290     694283   5022.633     634435  0.000e+00
    -1.9124  27.355844    334.827 330.808293     694293   5022.559     634318  0.000e+00
    -1.9128  27.355260    334.470 330.808296     694301   5022.520     634201  0.000e+00
    -1.9133  27.355317    334.120 330.808299     694312   5022.523     634086  0.000e+00
    -1.9138  27.352344    333.767 330.808302     694325   5022.324     633970  0.000e+00
    -1.9145  27.351294    333.417 330.808304     694340   5022.254     633855  0.000e+00
    -1.9152  27.350768    333.064 330.808307     694356   5022.219     633739  0.000e+00
    -1.9160  27.350767    332.710 330.808310     694373   5022.219     633623  0.000e+00
    -1.9162  27.349601    332.354 330.808313     694377   5022.141     633506  0.000e+00
    -1.9166  27.349425    331.998 330.808316     694386   5022.129     633389  0.000e+00
    -1.9171  27.348783    331.638 330.808319     694398   5022.086     633271  0.000e+00
    -1.9173  27.348665    331.276 330.808322     694402   5022.078     633152  0.000e+00
    -1.9177  27.347557    330.907 330.808325     694410   5022.004     633031  0.000e+00
    -1.9180  27.346798    330.548 330.808328     694418   5021.953     632913  0.000e+00
    -1.9186  27.344932    330.195 330.808330     694431   5021.828     632797  0.000e+00
    -1.9191  27.344931    329.829 330.808333     694442   5021.828     632677  0.000e+00
    -1.9197  27.344289    329.467 330.808336     694455   5021.785     632558  0.000e+00
    -1.9202  27.342773    329.108 330.808339     694467   5021.684     632440  0.000e+00
    -1.9208  27.341198    328.742 330.808342     694480   5021.578     632320  0.000e+00
    -1.9214  27.340381    328.377 330.808345     694493   5021.523     632200  0.000e+00
    -1.9219  27.339565    327.999 330.808348     694505   5021.469     632076  0.000e+00
    -1.9224  27.339214    327.637 330.808351     694516   5021.445     631957  0.000e+00
    -1.9226  27.338281    327.271 330.808354     694520   5021.383     631837  0.000e+00
    -1.9230  27.338338    326.900 330.808356     694529   5021.387     631715  0.000e+00
    -1.9232  27.336647    326.534 330.808359     694533   5021.273     631595  0.000e+00
    -1.9236  27.337170    326.166 330.808362     694541   5021.309     631474  0.000e+00
    -1.9238  27.335538    325.800 330.808365     694547   5021.199     631354  0.000e+00
    -1.9242  27.333497    325.432 330.808368     694554   5021.063     631233  0.000e+00
    -1.9247  27.331340    325.069 330.808371     694566   5020.918     631114  0.000e+00
    -1.9254  27.330756    324.710 330.808374     694581   5020.879     630996  0.000e+00
    -1.9259  27.329998    324.348 330.808377     694592   5020.828     630877  0.000e+00
    -1.9264  27.328773    323.985 330.808380     694603   5020.746     630758  0.000e+00
    -1.9267  27.327607    323.626 330.808383     694610   5020.668     630640  0.000e+00
    -1.9269  27.327897    323.273 330.808385     694614   5020.688     630524  0.000e+00
    -1.9271  27.327663    322.910 330.808388     694620   5020.672     630405  0.000e+00
    -1.9274  27.326847    322.557 330.808391     694626   5020.617     630289  0.000e+00
    -1.9276  27.325972    322.188 330.808394     694631   5020.559     630168  0.000e+00
    -1.9279  27.324456    321.826 330.808397     694637   5020.457     630049  0.000e+00
    -1.9283  27.323872    321.467 330.808400     694645   5020.418     629931  0.000e+00
    -1.9284  27.323172    321.098 330.808403     694648   5020.371     629810  0.000e+00
    -1.9289  27.322064    320.730 330.808406     694660   5020.297     629689  0.000e+00
    -1.9292  27.320898    320.352 330.808409     694666   5020.219     629565  0.000e+00
    -1.9295  27.320430    319.978 330.808411     694672   5020.188     629442  0.000e+00
    -1.9298  27.320429    319.606 330.808414     694679   5020.188     629320  0.000e+00
