sbs/tests/resources/orca-test-data/SBE19plus/4794/4794_014_KiM.cnv
* Sea-Bird SBE19plus Data File:
* FileName = C:\Documents and Settings\stevens\Desktop\K131_2007\CTD\4794_014.hex
* Software Version 1.50
* Temperature SN =  4977
* Conductivity SN =  4977
* System UpLoad Time = Nov 26 2007 12:51:11
** K131 McMurdo SeaIce Work
** nov-dec 2007
** using chch plastic ctd
** times are local (NZ daylight savings)
# nquan = 8
# nvalues = 7409                                  
# units = specified
# name 0 = tv290C: Temperature [ITS-90, deg C]
# name 1 = c0mS/cm: Conductivity [mS/cm]
# name 2 = prdM: Pressure, Strain Gauge [db]
# name 3 = timeJ: Julian Days
# name 4 = f0: Frequency 0
# name 5 = f1: Frequency 1
# name 6 = f2: Frequency 2
# name 7 = flag:  0.000e+00
# span 0 =    -3.7916,    -1.8957                 
# span 1 =   0.043242,  27.386355                 
# span 2 =     -0.295,    363.690                 
# span 3 = 330.511088, 330.532523                 
# span 4 =     693923,     736808                 
# span 5 =   2607.629,   5024.598                 
# span 6 =     524307,     643796                 
# span 7 = 0.0000e+00, 0.0000e+00                 
# interval = seconds: 0.25
# start_time = Nov 26 2007 12:15:58 [Instrument's time stamp, header]
# bad_flag = -9.990e-29
*END*
[from data line 5394]
    -1.9473  27.277811    282.119 330.526696     695068   5017.336     617011  0.000e+00
    -1.9470  27.278452    282.390 330.526698     695061   5017.379     617100  0.000e+00
    -1.9472  27.279210    282.673 330.526701     695066   5017.430     617193  0.000e+00
    -1.9470  27.278920    282.917 330.526704     695062   5017.410     617273  0.000e+00
    -1.9468  27.278163    283.145 330.526707     695057   5017.359     617348  0.000e+00
    -1.9470  27.278688    283.414 330.526710     695061   5017.395     617436  0.000e+00
    -1.9469  27.278980    283.666 330.526713     695058   5017.414     617519  0.000e+00
    -1.9470  27.279213    283.901 330.526716     695060   5017.430     617596  0.000e+00
    -1.9468  27.279796    284.175 330.526719     695056   5017.469     617686  0.000e+00
    -1.9468  27.280030    284.510 330.526722     695056   5017.484     617796  0.000e+00
    -1.9468  27.279507    284.824 330.526725     695056   5017.449     617899  0.000e+00
    -1.9468  27.280032    285.143 330.526727     695056   5017.484     618004  0.000e+00
    -1.9470  27.280033    285.500 330.526730     695060   5017.484     618121  0.000e+00
    -1.9468  27.280907    285.835 330.526733     695056   5017.543     618231  0.000e+00
    -1.9467  27.281607    286.130 330.526736     695054   5017.590     618328  0.000e+00
    -1.9466  27.281491    286.398 330.526739     695052   5017.582     618416  0.000e+00
    -1.9462  27.281608    286.648 330.526742     695044   5017.590     618498  0.000e+00
    -1.9462  27.282133    286.898 330.526745     695044   5017.625     618580  0.000e+00
    -1.9461  27.282599    287.120 330.526748     695040   5017.656     618653  0.000e+00
    -1.9459  27.283182    287.324 330.526751     695036   5017.695     618720  0.000e+00
    -1.9458  27.283183    287.525 330.526753     695034   5017.695     618786  0.000e+00
    -1.9457  27.283474    287.754 330.526756     695032   5017.715     618861  0.000e+00
    -1.9456  27.283766    287.982 330.526759     695029   5017.734     618936  0.000e+00
    -1.9455  27.284582    288.198 330.526762     695028   5017.789     619007  0.000e+00
    -1.9457  27.284292    288.436 330.526765     695033   5017.770     619085  0.000e+00
    -1.9456  27.283710    288.704 330.526768     695029   5017.730     619173  0.000e+00
    -1.9452  27.285050    288.947 330.526771     695022   5017.820     619253  0.000e+00
    -1.9454  27.285342    289.179 330.526774     695026   5017.840     619329  0.000e+00
    -1.9451  27.285109    289.465 330.526777     695019   5017.824     619423  0.000e+00
    -1.9451  27.285343    289.739 330.526780     695019   5017.840     619513  0.000e+00
    -1.9453  27.285693    289.983 330.526782     695023   5017.863     619593  0.000e+00
    -1.9454  27.285577    290.245 330.526785     695025   5017.855     619679  0.000e+00
    -1.9452  27.285869    290.568 330.526788     695022   5017.875     619785  0.000e+00
    -1.9452  27.285987    290.860 330.526791     695020   5017.883     619881  0.000e+00
    -1.9452  27.286919    291.107 330.526794     695021   5017.945     619962  0.000e+00
    -1.9451  27.286804    291.420 330.526797     695018   5017.938     620065  0.000e+00
    -1.9449  27.286397    291.771 330.526800     695015   5017.910     620180  0.000e+00
    -1.9451  27.287737    292.078 330.526803     695019   5018.000     620281  0.000e+00
    -1.9452  27.287680    292.392 330.526806     695020   5017.996     620384  0.000e+00
    -1.9448  27.288263    292.748 330.526808     695013   5018.035     620501  0.000e+00
    -1.9447  27.288788    293.114 330.526811     695009   5018.070     620621  0.000e+00
    -1.9447  27.289080    293.427 330.526814     695009   5018.090     620724  0.000e+00
    -1.9442  27.289314    293.726 330.526817     694999   5018.105     620822  0.000e+00
    -1.9441  27.290771    294.006 330.526820     694997   5018.203     620914  0.000e+00
    -1.9437  27.290655    294.320 330.526823     694988   5018.195     621017  0.000e+00
    -1.9433  27.291063    294.618 330.526826     694979   5018.223     621115  0.000e+00
    -1.9436  27.291996    294.886 330.526829     694985   5018.285     621203  0.000e+00
    -1.9432  27.291473    295.218 330.526832     694977   5018.250     621312  0.000e+00
    -1.9433  27.291590    295.544 330.526834     694980   5018.258     621419  0.000e+00
    -1.9433  27.292231    295.836 330.526837     694978   5018.301     621515  0.000e+00
    -1.9431  27.292174    296.150 330.526840     694975   5018.297     621618  0.000e+00
    -1.9432  27.292524    296.510 330.526843     694976   5018.320     621736  0.000e+00
    -1.9426  27.292234    296.826 330.526846     694964   5018.301     621840  0.000e+00
    -1.9430  27.292759    297.140 330.526849     694972   5018.336     621943  0.000e+00
    -1.9429  27.293866    297.478 330.526852     694971   5018.410     622054  0.000e+00
    -1.9425  27.293285    297.776 330.526855     694962   5018.371     622152  0.000e+00
    -1.9426  27.294392    298.057 330.526858     694964   5018.445     622244  0.000e+00
    -1.9426  27.294626    298.325 330.526861     694963   5018.461     622332  0.000e+00
    -1.9423  27.294976    298.565 330.526863     694956   5018.484     622411  0.000e+00
    -1.9423  27.295443    298.833 330.526866     694956   5018.516     622499  0.000e+00
    -1.9422  27.295443    299.095 330.526869     694954   5018.516     622585  0.000e+00
    -1.9420  27.295560    299.339 330.526872     694949   5018.523     622665  0.000e+00
    -1.9420  27.296260    299.598 330.526875     694951   5018.570     622750  0.000e+00
    -1.9421  27.296377    299.875 330.526878     694952   5018.578     622841  0.000e+00
    -1.9418  27.295446    300.097 330.526881     694945   5018.516     622914  0.000e+00
    -1.9415  27.296495    300.313 330.526884     694939   5018.586     622985  0.000e+00
    -1.9415  27.296670    300.572 330.526887     694939   5018.598     623070  0.000e+00
    -1.9415  27.297312    300.846 330.526889     694940   5018.641     623160  0.000e+00
    -1.9415  27.297545    301.075 330.526892     694938   5018.656     623235  0.000e+00
    -1.9415  27.296789    301.291 330.526895     694938   5018.605     623306  0.000e+00
    -1.9415  27.297314    301.547 330.526898     694939   5018.641     623390  0.000e+00
    -1.9415  27.297256    301.778 330.526901     694940   5018.637     623466  0.000e+00
    -1.9413  27.298130    301.998 330.526904     694935   5018.695     623538  0.000e+00
    -1.9415  27.297781    302.260 330.526907     694938   5018.672     623624  0.000e+00
    -1.9414  27.298656    302.573 330.526910     694936   5018.730     623727  0.000e+00
    -1.9411  27.298365    302.896 330.526913     694929   5018.711     623833  0.000e+00
    -1.9412  27.298949    303.179 330.526916     694932   5018.750     623926  0.000e+00
    -1.9409  27.299415    303.399 330.526918     694926   5018.781     623998  0.000e+00
    -1.9410  27.299765    303.673 330.526921     694927   5018.805     624088  0.000e+00
    -1.9407  27.299708    303.992 330.526924     694921   5018.801     624193  0.000e+00
    -1.9403  27.300466    304.294 330.526927     694912   5018.852     624292  0.000e+00
    -1.9405  27.301166    304.580 330.526930     694917   5018.898     624386  0.000e+00
    -1.9402  27.300759    304.900 330.526933     694909   5018.871     624491  0.000e+00
    -1.9400  27.301750    305.217 330.526936     694905   5018.938     624595  0.000e+00
    -1.9398  27.302624    305.521 330.526939     694901   5018.996     624695  0.000e+00
    -1.9397  27.302334    305.856 330.526942     694900   5018.977     624805  0.000e+00
    -1.9394  27.302044    306.158 330.526944     694893   5018.957     624904  0.000e+00
    -1.9397  27.302335    306.353 330.526947     694898   5018.977     624968  0.000e+00
    -1.9397  27.302336    306.529 330.526950     694899   5018.977     625026  0.000e+00
    -1.9395  27.302861    306.761 330.526953     694894   5019.012     625102  0.000e+00
    -1.9394  27.302628    306.971 330.526956     694893   5018.996     625171  0.000e+00
    -1.9393  27.303444    307.199 330.526959     694890   5019.051     625246  0.000e+00
    -1.9393  27.304494    307.501 330.526962     694890   5019.121     625345  0.000e+00
    -1.9393  27.305135    307.815 330.526965     694891   5019.164     625448  0.000e+00
    -1.9390  27.305835    308.104 330.526968     694884   5019.211     625543  0.000e+00
    -1.9387  27.306593    308.375 330.526970     694876   5019.262     625632  0.000e+00
    -1.9385  27.306244    308.637 330.526973     694873   5019.238     625718  0.000e+00
    -1.9379  27.307410    308.902 330.526976     694859   5019.316     625805  0.000e+00
    -1.9375  27.307119    309.148 330.526979     694850   5019.297     625886  0.000e+00
    -1.9378  27.306829    309.368 330.526982     694857   5019.277     625958  0.000e+00
    -1.9376  27.307936    309.587 330.526985     694852   5019.352     626030  0.000e+00
    -1.9374  27.308519    309.837 330.526988     694848   5019.391     626112  0.000e+00
    -1.9374  27.308753    310.047 330.526991     694847   5019.406     626181  0.000e+00
    -1.9372  27.308753    310.236 330.526994     694844   5019.406     626243  0.000e+00
    -1.9370  27.309045    310.446 330.526997     694839   5019.426     626312  0.000e+00
    -1.9370  27.309803    310.689 330.526999     694839   5019.477     626392  0.000e+00
    -1.9368  27.311318    310.918 330.527002     694835   5019.578     626467  0.000e+00
    -1.9360  27.312193    311.131 330.527005     694817   5019.637     626537  0.000e+00
    -1.9357  27.312193    311.387 330.527008     694810   5019.637     626621  0.000e+00
    -1.9350  27.313592    311.685 330.527011     694795   5019.730     626719  0.000e+00
    -1.9350  27.313768    311.984 330.527014     694795   5019.742     626817  0.000e+00
    -1.9345  27.314701    312.297 330.527017     694784   5019.805     626920  0.000e+00
    -1.9346  27.314061    312.617 330.527020     694785   5019.762     627025  0.000e+00
    -1.9345  27.314877    312.864 330.527023     694783   5019.816     627106  0.000e+00
    -1.9343  27.313596    313.022 330.527025     694780   5019.730     627158  0.000e+00
    -1.9342  27.315927    313.199 330.527028     694777   5019.887     627216  0.000e+00
    -1.9344  27.317209    313.409 330.527031     694781   5019.973     627285  0.000e+00
    -1.9339  27.316685    313.574 330.527034     694770   5019.938     627339  0.000e+00
    -1.9333  27.318026    313.726 330.527037     694756   5020.027     627389  0.000e+00
    -1.9328  27.319483    313.927 330.527040     694745   5020.125     627455  0.000e+00
    -1.9319  27.319075    314.161 330.527043     694726   5020.098     627532  0.000e+00
    -1.9323  27.320066    314.359 330.527046     694734   5020.164     627597  0.000e+00
    -1.9320  27.319659    314.548 330.527049     694729   5020.137     627659  0.000e+00
    -1.9316  27.319660    314.770 330.527052     694719   5020.137     627732  0.000e+00
    -1.9315  27.320301    315.005 330.527054     694716   5020.180     627809  0.000e+00
    -1.9314  27.320710    315.227 330.527057     694714   5020.207     627882  0.000e+00
    -1.9317  27.320943    315.446 330.527060     694721   5020.223     627954  0.000e+00
    -1.9315  27.320594    315.681 330.527063     694718   5020.199     628031  0.000e+00
    -1.9315  27.320711    315.949 330.527066     694716   5020.207     628119  0.000e+00
    -1.9312  27.320887    316.187 330.527069     694711   5020.219     628197  0.000e+00
    -1.9313  27.321761    316.427 330.527072     694712   5020.277     628276  0.000e+00
    -1.9311  27.322053    316.677 330.527075     694708   5020.297     628358  0.000e+00
    -1.9312  27.321471    316.936 330.527078     694711   5020.258     628443  0.000e+00
    -1.9312  27.322055    317.158 330.527080     694710   5020.297     628516  0.000e+00
    -1.9312  27.321706    317.377 330.527083     694711   5020.273     628588  0.000e+00
    -1.9313  27.322289    317.615 330.527086     694712   5020.313     628666  0.000e+00
    -1.9312  27.322056    317.852 330.527089     694711   5020.297     628744  0.000e+00
    -1.9311  27.322873    318.059 330.527092     694709   5020.352     628812  0.000e+00
    -1.9311  27.322291    318.270 330.527095     694707   5020.313     628881  0.000e+00
    -1.9311  27.322291    318.495 330.527098     694708   5020.313     628955  0.000e+00
    -1.9308  27.322583    318.708 330.527101     694701   5020.332     629025  0.000e+00
    -1.9311  27.323632    318.897 330.527104     694708   5020.402     629087  0.000e+00
    -1.9311  27.322875    319.074 330.527106     694708   5020.352     629145  0.000e+00
    -1.9309  27.322818    319.265 330.527109     694704   5020.348     629208  0.000e+00
    -1.9311  27.322818    319.488 330.527112     694708   5020.348     629281  0.000e+00
    -1.9308  27.323693    319.686 330.527115     694701   5020.406     629346  0.000e+00
    -1.9310  27.323344    319.884 330.527118     694705   5020.383     629411  0.000e+00
    -1.9310  27.323694    320.097 330.527121     694705   5020.406     629481  0.000e+00
    -1.9310  27.324685    320.319 330.527124     694705   5020.473     629554  0.000e+00
    -1.9310  27.323637    320.523 330.527127     694705   5020.402     629621  0.000e+00
    -1.9310  27.323695    320.718 330.527130     694705   5020.406     629685  0.000e+00
    -1.9311  27.323638    320.931 330.527133     694709   5020.402     629755  0.000e+00
    -1.9307  27.324571    321.166 330.527135     694699   5020.465     629832  0.000e+00
    -1.9312  27.324455    321.361 330.527138     694710   5020.457     629896  0.000e+00
    -1.9308  27.324455    321.540 330.527141     694701   5020.457     629955  0.000e+00
    -1.9309  27.324863    321.720 330.527144     694704   5020.484     630014  0.000e+00
    -1.9308  27.325214    321.909 330.527147     694701   5020.508     630076  0.000e+00
    -1.9309  27.324864    322.085 330.527150     694703   5020.484     630134  0.000e+00
    -1.9311  27.325215    322.253 330.527153     694709   5020.508     630189  0.000e+00
    -1.9307  27.325215    322.436 330.527156     694700   5020.508     630249  0.000e+00
    -1.9309  27.325390    322.612 330.527159     694703   5020.520     630307  0.000e+00
    -1.9308  27.326323    322.832 330.527161     694702   5020.582     630379  0.000e+00
    -1.9305  27.328130    323.069 330.527164     694695   5020.703     630457  0.000e+00
    -1.9302  27.329646    323.343 330.527167     694687   5020.805     630547  0.000e+00
    -1.9297  27.330521    323.636 330.527170     694676   5020.863     630643  0.000e+00
    -1.9290  27.330755    323.907 330.527173     694662   5020.879     630732  0.000e+00
    -1.9289  27.332154    324.080 330.527176     694660   5020.973     630789  0.000e+00
    -1.9286  27.333727    324.229 330.527179     694652   5021.078     630838  0.000e+00
    -1.9282  27.334136    324.424 330.527182     694643   5021.105     630902  0.000e+00
    -1.9275  27.334253    324.607 330.527185     694628   5021.113     630962  0.000e+00
    -1.9273  27.334719    324.781 330.527188     694623   5021.145     631019  0.000e+00
    -1.9270  27.335361    324.969 330.527190     694617   5021.188     631081  0.000e+00
    -1.9271  27.335595    325.225 330.527193     694620   5021.203     631165  0.000e+00
    -1.9271  27.335537    325.490 330.527196     694620   5021.199     631252  0.000e+00
    -1.9265  27.334780    325.776 330.527199     694606   5021.148     631346  0.000e+00
    -1.9268  27.335364    326.072 330.527202     694612   5021.188     631443  0.000e+00
    -1.9270  27.334957    326.404 330.527205     694616   5021.160     631552  0.000e+00
    -1.9269  27.335365    326.696 330.527208     694615   5021.188     631648  0.000e+00
    -1.9269  27.336357    326.915 330.527211     694615   5021.254     631720  0.000e+00
