sbs/tests/resources/orca-test-data/SBE19plus/4794/4794_014_KiM.cnv
* Sea-Bird SBE19plus Data File:
* FileName = C:\Documents and Settings\stevens\Desktop\K131_2007\CTD\4794_014.hex
* Software Version 1.50
* Temperature SN =  4977
* Conductivity SN =  4977
* System UpLoad Time = Nov 26 2007 12:51:11
** K131 McMurdo SeaIce Work
** nov-dec 2007
** using chch plastic ctd
** times are local (NZ daylight savings)
# nquan = 8
# nvalues = 7409                                  
# units = specified
# name 0 = tv290C: Temperature [ITS-90, deg C]
# name 1 = c0mS/cm: Conductivity [mS/cm]
# name 2 = prdM: Pressure, Strain Gauge [db]
# name 3 = timeJ: Julian Days
# name 4 = f0: Frequency 0
# name 5 = f1: Frequency 1
# name 6 = f2: Frequency 2
# name 7 = flag:  0.000e+00
# span 0 =    -3.7916,    -1.8957                 
# span 1 =   0.043242,  27.386355                 
# span 2 =     -0.295,    363.690                 
# span 3 = 330.511088, 330.532523                 
# span 4 =     693923,     736808                 
# span 5 =   2607.629,   5024.598                 
# span 6 =     524307,     643796                 
# span 7 = 0.0000e+00, 0.0000e+00                 
# interval = seconds: 0.25
# start_time = Nov 26 2007 12:15:58 [Instrument's time stamp, header]
# bad_flag = -9.990e-29
*END*
[from data line 1439]
    -1.9066  27.384074    361.089 330.515252     694164   5024.445     642942  0.000e+00
    -1.9066  27.384658    361.411 330.515255     694164   5024.484     643048  0.000e+00
    -1.9065  27.384892    361.725 330.515258     694163   5024.500     643151  0.000e+00
    -1.9065  27.384893    362.036 330.515260     694163   5024.500     643253  0.000e+00
    -1.9066  27.384893    362.276 330.515263     694164   5024.500     643332  0.000e+00
    -1.9064  27.384894    362.398 330.515266     694161   5024.500     643372  0.000e+00
    -1.9066  27.384660    362.377 330.515269     694165   5024.484     643365  0.000e+00
    -1.9066  27.384893    362.304 330.515272     694164   5024.500     643341  0.000e+00
    -1.9065  27.384368    362.267 330.515275     694163   5024.465     643329  0.000e+00
    -1.9065  27.384368    362.276 330.515278     694162   5024.465     643332  0.000e+00
    -1.9065  27.385185    362.316 330.515281     694162   5024.520     643345  0.000e+00
    -1.9066  27.384893    362.328 330.515284     694165   5024.500     643349  0.000e+00
    -1.9065  27.385185    362.319 330.515286     694162   5024.520     643346  0.000e+00
    -1.9065  27.385418    362.301 330.515289     694163   5024.535     643340  0.000e+00
    -1.9065  27.385185    362.298 330.515292     694162   5024.520     643339  0.000e+00
    -1.9066  27.384369    362.316 330.515295     694164   5024.465     643345  0.000e+00
    -1.9065  27.384660    362.310 330.515298     694163   5024.484     643343  0.000e+00
    -1.9066  27.384077    362.301 330.515301     694164   5024.445     643340  0.000e+00
    -1.9068  27.384368    362.301 330.515304     694168   5024.465     643340  0.000e+00
    -1.9066  27.384893    362.298 330.515307     694165   5024.500     643339  0.000e+00
    -1.9068  27.384893    362.301 330.515310     694168   5024.500     643340  0.000e+00
    -1.9068  27.384660    362.301 330.515312     694168   5024.484     643340  0.000e+00
    -1.9067  27.384660    362.301 330.515315     694166   5024.484     643340  0.000e+00
    -1.9066  27.385185    362.295 330.515318     694165   5024.520     643338  0.000e+00
    -1.9067  27.384660    362.301 330.515321     694166   5024.484     643340  0.000e+00
    -1.9067  27.384893    362.304 330.515324     694166   5024.500     643341  0.000e+00
    -1.9066  27.385185    362.301 330.515327     694164   5024.520     643340  0.000e+00
    -1.9067  27.384893    362.298 330.515330     694167   5024.500     643339  0.000e+00
    -1.9066  27.385185    362.301 330.515333     694165   5024.520     643340  0.000e+00
    -1.9065  27.384660    362.294 330.515336     694163   5024.484     643338  0.000e+00
    -1.9066  27.384660    362.301 330.515339     694164   5024.484     643340  0.000e+00
    -1.9066  27.384893    362.298 330.515341     694165   5024.500     643339  0.000e+00
    -1.9066  27.384660    362.291 330.515344     694164   5024.484     643337  0.000e+00
    -1.9066  27.384660    362.295 330.515347     694165   5024.484     643338  0.000e+00
    -1.9066  27.384893    362.294 330.515350     694165   5024.500     643338  0.000e+00
    -1.9066  27.384893    362.291 330.515353     694164   5024.500     643337  0.000e+00
    -1.9067  27.384893    362.291 330.515356     694167   5024.500     643337  0.000e+00
    -1.9066  27.384077    362.291 330.515359     694165   5024.445     643337  0.000e+00
    -1.9066  27.384660    362.288 330.515362     694164   5024.484     643336  0.000e+00
    -1.9066  27.384660    362.285 330.515365     694165   5024.484     643335  0.000e+00
    -1.9067  27.384893    362.285 330.515367     694166   5024.500     643335  0.000e+00
    -1.9067  27.384368    362.285 330.515370     694166   5024.465     643335  0.000e+00
    -1.9066  27.384660    362.285 330.515373     694165   5024.484     643335  0.000e+00
    -1.9067  27.384368    362.285 330.515376     694166   5024.465     643335  0.000e+00
    -1.9067  27.384893    362.288 330.515379     694166   5024.500     643336  0.000e+00
    -1.9066  27.385418    362.282 330.515382     694165   5024.535     643334  0.000e+00
    -1.9066  27.384893    362.285 330.515385     694164   5024.500     643335  0.000e+00
    -1.9067  27.384660    362.282 330.515388     694167   5024.484     643334  0.000e+00
    -1.9067  27.384893    362.282 330.515391     694167   5024.500     643334  0.000e+00
    -1.9068  27.384368    362.276 330.515394     694168   5024.465     643332  0.000e+00
    -1.9068  27.384660    362.279 330.515396     694169   5024.484     643333  0.000e+00
    -1.9069  27.384368    362.273 330.515399     694170   5024.465     643331  0.000e+00
    -1.9067  27.384660    362.279 330.515402     694167   5024.484     643333  0.000e+00
    -1.9069  27.384660    362.273 330.515405     694170   5024.484     643331  0.000e+00
    -1.9068  27.384660    362.276 330.515408     694169   5024.484     643332  0.000e+00
    -1.9068  27.384368    362.276 330.515411     694169   5024.465     643332  0.000e+00
    -1.9068  27.384660    362.273 330.515414     694168   5024.484     643331  0.000e+00
    -1.9069  27.384660    362.270 330.515417     694170   5024.484     643330  0.000e+00
    -1.9068  27.384893    362.270 330.515420     694168   5024.500     643330  0.000e+00
    -1.9067  27.384893    362.270 330.515422     694167   5024.500     643330  0.000e+00
    -1.9068  27.384368    362.267 330.515425     694168   5024.465     643329  0.000e+00
    -1.9068  27.384893    362.264 330.515428     694169   5024.500     643328  0.000e+00
    -1.9067  27.384368    362.270 330.515431     694166   5024.465     643330  0.000e+00
    -1.9069  27.384368    362.261 330.515434     694172   5024.465     643327  0.000e+00
    -1.9069  27.384368    362.258 330.515437     694170   5024.465     643326  0.000e+00
    -1.9069  27.384368    362.261 330.515440     694172   5024.465     643327  0.000e+00
    -1.9070  27.384660    362.258 330.515443     694173   5024.484     643326  0.000e+00
    -1.9069  27.384077    362.258 330.515446     694171   5024.445     643326  0.000e+00
    -1.9069  27.383494    362.261 330.515448     694172   5024.406     643327  0.000e+00
    -1.9069  27.384368    362.258 330.515451     694171   5024.465     643326  0.000e+00
    -1.9068  27.384368    362.258 330.515454     694169   5024.465     643326  0.000e+00
    -1.9069  27.384368    362.249 330.515457     694170   5024.465     643323  0.000e+00
    -1.9068  27.383844    362.258 330.515460     694169   5024.430     643326  0.000e+00
    -1.9069  27.384077    362.252 330.515463     694170   5024.445     643324  0.000e+00
    -1.9069  27.384660    362.252 330.515466     694170   5024.484     643324  0.000e+00
    -1.9069  27.384660    362.258 330.515469     694171   5024.484     643326  0.000e+00
    -1.9067  27.384660    362.246 330.515472     694166   5024.484     643322  0.000e+00
    -1.9068  27.384368    362.246 330.515475     694169   5024.465     643322  0.000e+00
    -1.9068  27.384660    362.246 330.515477     694168   5024.484     643322  0.000e+00
    -1.9069  27.384893    362.243 330.515480     694172   5024.500     643321  0.000e+00
    -1.9068  27.384893    362.243 330.515483     694168   5024.500     643321  0.000e+00
    -1.9066  27.384893    362.243 330.515486     694165   5024.500     643321  0.000e+00
    -1.9069  27.384077    362.240 330.515489     694171   5024.445     643320  0.000e+00
    -1.9067  27.384660    362.237 330.515492     694166   5024.484     643319  0.000e+00
    -1.9066  27.384893    362.240 330.515495     694165   5024.500     643320  0.000e+00
    -1.9066  27.384368    362.231 330.515498     694165   5024.465     643317  0.000e+00
    -1.9067  27.384660    362.228 330.515501     694167   5024.484     643316  0.000e+00
    -1.9067  27.384368    362.237 330.515503     694167   5024.465     643319  0.000e+00
    -1.9067  27.384893    362.231 330.515506     694167   5024.500     643317  0.000e+00
    -1.9067  27.384660    362.231 330.515509     694166   5024.484     643317  0.000e+00
    -1.9066  27.384660    362.225 330.515512     694164   5024.484     643315  0.000e+00
    -1.9066  27.384660    362.231 330.515515     694165   5024.484     643317  0.000e+00
    -1.9066  27.384893    362.231 330.515518     694165   5024.500     643317  0.000e+00
    -1.9068  27.384368    362.225 330.515521     694168   5024.465     643315  0.000e+00
    -1.9067  27.383785    362.225 330.515524     694166   5024.426     643315  0.000e+00
    -1.9068  27.384893    362.221 330.515527     694169   5024.500     643314  0.000e+00
    -1.9068  27.384077    362.221 330.515530     694169   5024.445     643314  0.000e+00
    -1.9068  27.384368    362.218 330.515532     694169   5024.465     643313  0.000e+00
    -1.9069  27.384368    362.218 330.515535     694170   5024.465     643313  0.000e+00
    -1.9069  27.383843    362.225 330.515538     694170   5024.430     643315  0.000e+00
    -1.9069  27.384660    362.218 330.515541     694170   5024.484     643313  0.000e+00
    -1.9068  27.384368    362.221 330.515544     694169   5024.465     643314  0.000e+00
    -1.9067  27.384368    362.209 330.515547     694166   5024.465     643310  0.000e+00
    -1.9068  27.384368    362.209 330.515550     694168   5024.465     643310  0.000e+00
    -1.9068  27.384893    362.212 330.515553     694168   5024.500     643311  0.000e+00
    -1.9067  27.384893    362.209 330.515556     694167   5024.500     643310  0.000e+00
    -1.9067  27.384893    362.206 330.515558     694166   5024.500     643309  0.000e+00
    -1.9068  27.384660    362.206 330.515561     694168   5024.484     643309  0.000e+00
    -1.9068  27.384077    362.206 330.515564     694168   5024.445     643309  0.000e+00
    -1.9068  27.384368    362.206 330.515567     694169   5024.465     643309  0.000e+00
    -1.9067  27.384893    362.206 330.515570     694167   5024.500     643309  0.000e+00
    -1.9068  27.383552    362.200 330.515573     694169   5024.410     643307  0.000e+00
    -1.9067  27.384077    362.203 330.515576     694166   5024.445     643308  0.000e+00
    -1.9067  27.384893    362.194 330.515579     694167   5024.500     643305  0.000e+00
    -1.9068  27.385185    362.194 330.515582     694169   5024.520     643305  0.000e+00
    -1.9068  27.384660    362.194 330.515584     694169   5024.484     643305  0.000e+00
    -1.9068  27.384660    362.197 330.515587     694168   5024.484     643306  0.000e+00
    -1.9069  27.384368    362.194 330.515590     694171   5024.465     643305  0.000e+00
    -1.9066  27.384660    362.182 330.515593     694164   5024.484     643301  0.000e+00
    -1.9068  27.384368    362.194 330.515596     694168   5024.465     643305  0.000e+00
    -1.9067  27.384368    362.185 330.515599     694167   5024.465     643302  0.000e+00
    -1.9066  27.384893    362.191 330.515602     694164   5024.500     643304  0.000e+00
    -1.9065  27.385418    362.188 330.515605     694163   5024.535     643303  0.000e+00
    -1.9068  27.384077    362.188 330.515608     694169   5024.445     643303  0.000e+00
    -1.9067  27.384893    362.182 330.515611     694166   5024.500     643301  0.000e+00
    -1.9067  27.384660    362.179 330.515613     694166   5024.484     643300  0.000e+00
    -1.9067  27.385185    362.179 330.515616     694167   5024.520     643300  0.000e+00
    -1.9066  27.384368    362.176 330.515619     694165   5024.465     643299  0.000e+00
    -1.9068  27.384368    362.179 330.515622     694168   5024.465     643300  0.000e+00
    -1.9068  27.384660    362.179 330.515625     694169   5024.484     643300  0.000e+00
    -1.9067  27.384660    362.179 330.515628     694167   5024.484     643300  0.000e+00
    -1.9068  27.384893    362.176 330.515631     694169   5024.500     643299  0.000e+00
    -1.9068  27.384077    362.173 330.515634     694169   5024.445     643298  0.000e+00
    -1.9068  27.385185    362.167 330.515637     694168   5024.520     643296  0.000e+00
    -1.9068  27.384660    362.164 330.515639     694168   5024.484     643295  0.000e+00
    -1.9067  27.384660    362.161 330.515642     694167   5024.484     643294  0.000e+00
    -1.9068  27.385185    362.167 330.515645     694168   5024.520     643296  0.000e+00
    -1.9066  27.384660    362.164 330.515648     694165   5024.484     643295  0.000e+00
    -1.9069  27.384893    362.167 330.515651     694171   5024.500     643296  0.000e+00
    -1.9067  27.384368    362.164 330.515654     694167   5024.465     643295  0.000e+00
    -1.9067  27.384893    362.161 330.515657     694167   5024.500     643294  0.000e+00
    -1.9068  27.384893    362.161 330.515660     694168   5024.500     643294  0.000e+00
    -1.9068  27.384893    362.152 330.515663     694169   5024.500     643291  0.000e+00
    -1.9067  27.384660    362.155 330.515666     694167   5024.484     643292  0.000e+00
    -1.9067  27.384660    362.151 330.515668     694167   5024.484     643291  0.000e+00
    -1.9068  27.384077    362.151 330.515671     694168   5024.445     643291  0.000e+00
    -1.9068  27.384893    362.155 330.515674     694169   5024.500     643292  0.000e+00
    -1.9067  27.385185    362.148 330.515677     694167   5024.520     643290  0.000e+00
    -1.9067  27.384368    362.145 330.515680     694167   5024.465     643289  0.000e+00
    -1.9067  27.384893    362.145 330.515683     694167   5024.500     643289  0.000e+00
    -1.9069  27.384368    362.151 330.515686     694171   5024.465     643291  0.000e+00
    -1.9069  27.384368    362.151 330.515689     694172   5024.465     643291  0.000e+00
    -1.9069  27.384368    362.139 330.515692     694172   5024.465     643287  0.000e+00
    -1.9070  27.384893    362.142 330.515694     694174   5024.500     643288  0.000e+00
    -1.9069  27.384660    362.142 330.515697     694171   5024.484     643288  0.000e+00
    -1.9069  27.384893    362.136 330.515700     694171   5024.500     643286  0.000e+00
    -1.9069  27.384076    362.142 330.515703     694171   5024.445     643288  0.000e+00
    -1.9069  27.384660    362.133 330.515706     694172   5024.484     643285  0.000e+00
    -1.9069  27.384660    362.136 330.515709     694170   5024.484     643286  0.000e+00
    -1.9069  27.384368    362.133 330.515712     694171   5024.465     643285  0.000e+00
    -1.9068  27.384893    362.133 330.515715     694169   5024.500     643285  0.000e+00
    -1.9068  27.384076    362.133 330.515718     694168   5024.445     643285  0.000e+00
    -1.9069  27.384076    362.130 330.515720     694171   5024.445     643284  0.000e+00
    -1.9068  27.384076    362.130 330.515723     694168   5024.445     643284  0.000e+00
    -1.9070  27.384660    362.124 330.515726     694173   5024.484     643282  0.000e+00
    -1.9069  27.384076    362.127 330.515729     694170   5024.445     643283  0.000e+00
    -1.9069  27.384893    362.124 330.515732     694172   5024.500     643282  0.000e+00
    -1.9069  27.384368    362.121 330.515735     694171   5024.465     643281  0.000e+00
    -1.9068  27.384368    362.121 330.515738     694168   5024.465     643281  0.000e+00
    -1.9069  27.383785    362.115 330.515741     694171   5024.426     643279  0.000e+00
    -1.9069  27.384076    362.121 330.515744     694170   5024.445     643281  0.000e+00
    -1.9068  27.384076    362.115 330.515747     694168   5024.445     643279  0.000e+00
    -1.9069  27.384368    362.118 330.515749     694170   5024.465     643280  0.000e+00
    -1.9068  27.385418    362.109 330.515752     694169   5024.535     643277  0.000e+00
    -1.9069  27.384660    362.109 330.515755     694170   5024.484     643277  0.000e+00
    -1.9068  27.384076    362.103 330.515758     694168   5024.445     643275  0.000e+00
    -1.9068  27.383843    362.103 330.515761     694168   5024.430     643275  0.000e+00
    -1.9069  27.384368    362.103 330.515764     694170   5024.465     643275  0.000e+00
