sbs/tests/resources/orca-test-data/SBE19plus/4794/4794_019_KiM.cnv
* Sea-Bird SBE19plus Data File:
* FileName = C:\Documents and Settings\stevens\Desktop\K131_2007\CTD\4794_019.hex
* Software Version 1.50
* Temperature SN =  4977
* Conductivity SN =  4977
* System UpLoad Time = Nov 26 2007 16:43:29
** K131 McMurdo SeaIce Work
** nov-dec 2007
** using chch plastic ctd
** times are local (NZ daylight savings)
# nquan = 8
# nvalues = 7681                                  
# units = specified
# name 0 = tv290C: Temperature [ITS-90, deg C]
# name 1 = c0mS/cm: Conductivity [mS/cm]
# name 2 = prdM: Pressure, Strain Gauge [db]
# name 3 = timeJ: Julian Days
# name 4 = f0: Frequency 0
# name 5 = f1: Frequency 1
# name 6 = f2: Frequency 2
# name 7 = flag:  0.000e+00
# span 0 =    -2.9360,    -1.9048                 
# span 1 =   0.070337,  27.377604                 
# span 2 =     -0.295,    362.993                 
# span 3 = 330.672650, 330.694873                 
# span 4 =     694125,     717248                 
# span 5 =   2611.137,   5024.012                 
# span 6 =     524307,     643567                 
# span 7 = 0.0000e+00, 0.0000e+00                 
# interval = seconds: 0.25
# start_time = Nov 26 2007 16:08:37 [Instrument's time stamp, header]
# bad_flag = -9.990e-29
*END*
[from data line 7012]
    -1.9535  27.148784     43.089 330.692940     695205   5008.715     538545  0.000e+00
    -1.9533  27.148666     42.711 330.692943     695202   5008.707     538421  0.000e+00
    -1.9532  27.148491     42.315 330.692946     695199   5008.695     538291  0.000e+00
    -1.9530  27.149536     41.892 330.692948     695194   5008.766     538152  0.000e+00
    -1.9529  27.147966     41.468 330.692951     695193   5008.660     538013  0.000e+00
    -1.9528  27.148778     41.032 330.692954     695190   5008.715     537870  0.000e+00
    -1.9527  27.148661     40.594 330.692957     695187   5008.707     537726  0.000e+00
    -1.9526  27.147730     40.161 330.692960     695185   5008.645     537584  0.000e+00
    -1.9527  27.148135     39.716 330.692963     695188   5008.672     537438  0.000e+00
    -1.9528  27.147437     39.265 330.692966     695189   5008.625     537290  0.000e+00
    -1.9527  27.147029     38.823 330.692969     695188   5008.598     537145  0.000e+00
    -1.9529  27.147434     38.382 330.692972     695191   5008.625     537000  0.000e+00
    -1.9529  27.146387     37.949 330.692975     695193   5008.555     536858  0.000e+00
    -1.9530  27.146153     37.498 330.692977     695195   5008.539     536710  0.000e+00
    -1.9531  27.144815     37.065 330.692980     695197   5008.449     536568  0.000e+00
    -1.9533  27.145628     36.617 330.692983     695200   5008.504     536421  0.000e+00
    -1.9533  27.145045     36.175 330.692986     695201   5008.465     536276  0.000e+00
    -1.9534  27.145044     35.740 330.692989     695203   5008.465     536133  0.000e+00
    -1.9533  27.144520     35.304 330.692992     695201   5008.430     535990  0.000e+00
    -1.9534  27.145856     34.874 330.692995     695204   5008.520     535849  0.000e+00
    -1.9534  27.145564     34.448 330.692998     695203   5008.500     535709  0.000e+00
    -1.9534  27.144517     34.015 330.693001     695204   5008.430     535567  0.000e+00
    -1.9534  27.143644     33.586 330.693003     695203   5008.371     535426  0.000e+00
    -1.9535  27.143701     33.144 330.693006     695206   5008.375     535281  0.000e+00
    -1.9534  27.143641     32.705 330.693009     695204   5008.371     535137  0.000e+00
    -1.9536  27.142943     32.263 330.693012     695208   5008.324     534992  0.000e+00
    -1.9537  27.143349     31.821 330.693015     695210   5008.352     534847  0.000e+00
    -1.9538  27.143464     31.389 330.693018     695211   5008.359     534705  0.000e+00
    -1.9538  27.143463     30.953 330.693021     695213   5008.359     534562  0.000e+00
    -1.9538  27.143055     30.526 330.693024     695212   5008.332     534422  0.000e+00
    -1.9537  27.142123     30.106 330.693027     695209   5008.270     534284  0.000e+00
    -1.9538  27.143052     29.682 330.693030     695212   5008.332     534145  0.000e+00
    -1.9537  27.141889     29.271 330.693032     695209   5008.254     534010  0.000e+00
    -1.9537  27.142236     28.850 330.693035     695209   5008.277     533872  0.000e+00
    -1.9537  27.142642     28.424 330.693038     695210   5008.305     533732  0.000e+00
    -1.9537  27.141362     27.997 330.693041     695210   5008.219     533592  0.000e+00
    -1.9539  27.140257     27.571 330.693044     695214   5008.145     533452  0.000e+00
    -1.9538  27.141593     27.156 330.693047     695213   5008.234     533316  0.000e+00
    -1.9540  27.141127     26.748 330.693050     695216   5008.203     533182  0.000e+00
    -1.9539  27.141358     26.343 330.693053     695215   5008.219     533049  0.000e+00
    -1.9538  27.140253     25.931 330.693056     695213   5008.145     532914  0.000e+00
    -1.9539  27.140542     25.520 330.693058     695214   5008.164     532779  0.000e+00
    -1.9540  27.139437     25.106 330.693061     695217   5008.090     532643  0.000e+00
    -1.9540  27.139726     24.682 330.693064     695216   5008.109     532504  0.000e+00
    -1.9541  27.139493     24.262 330.693067     695218   5008.094     532366  0.000e+00
    -1.9540  27.138562     23.841 330.693070     695216   5008.031     532228  0.000e+00
    -1.9541  27.139491     23.433 330.693073     695218   5008.094     532094  0.000e+00
    -1.9540  27.138850     23.025 330.693076     695216   5008.051     531960  0.000e+00
    -1.9542  27.138965     22.622 330.693079     695220   5008.059     531828  0.000e+00
    -1.9541  27.137453     22.217 330.693082     695219   5007.957     531695  0.000e+00
    -1.9542  27.138150     21.809 330.693084     695220   5008.004     531561  0.000e+00
    -1.9542  27.138962     21.410 330.693087     695221   5008.059     531430  0.000e+00
    -1.9542  27.138031     20.998 330.693090     695220   5007.996     531295  0.000e+00
    -1.9541  27.137914     20.590 330.693093     695219   5007.988     531161  0.000e+00
    -1.9542  27.137448     20.179 330.693096     695220   5007.957     531026  0.000e+00
    -1.9542  27.136866     19.770 330.693099     695222   5007.918     530892  0.000e+00
    -1.9541  27.137155     19.365 330.693102     695219   5007.938     530759  0.000e+00
    -1.9541  27.135527     18.944 330.693105     695219   5007.828     530621  0.000e+00
    -1.9541  27.136921     18.530 330.693108     695219   5007.922     530485  0.000e+00
    -1.9542  27.136861     18.116 330.693111     695221   5007.918     530349  0.000e+00
    -1.9541  27.135756     17.692 330.693113     695219   5007.844     530210  0.000e+00
    -1.9539  27.135755     17.275 330.693116     695215   5007.844     530073  0.000e+00
    -1.9540  27.136277     16.851 330.693119     695216   5007.879     529934  0.000e+00
    -1.9538  27.136043     16.464 330.693122     695212   5007.863     529807  0.000e+00
    -1.9538  27.135229     16.165 330.693125     695212   5007.809     529709  0.000e+00
    -1.9538  27.136333     15.961 330.693128     695211   5007.883     529642  0.000e+00
    -1.9538  27.135228     15.839 330.693131     695213   5007.809     529602  0.000e+00
    -1.9539  27.135228     15.794 330.693134     695214   5007.809     529587  0.000e+00
    -1.9540  27.136042     15.781 330.693137     695217   5007.863     529583  0.000e+00
    -1.9540  27.135751     15.788 330.693139     695217   5007.844     529585  0.000e+00
    -1.9542  27.135519     15.782 330.693142     695221   5007.828     529583  0.000e+00
    -1.9543  27.134996     15.778 330.693145     695224   5007.793     529582  0.000e+00
    -1.9544  27.135228     15.782 330.693148     695226   5007.809     529583  0.000e+00
    -1.9544  27.135519     15.781 330.693151     695226   5007.828     529583  0.000e+00
    -1.9544  27.134647     15.782 330.693154     695225   5007.770     529583  0.000e+00
    -1.9543  27.134705     15.781 330.693157     695224   5007.773     529583  0.000e+00
    -1.9545  27.134705     15.785 330.693160     695228   5007.773     529584  0.000e+00
    -1.9545  27.134937     15.785 330.693163     695227   5007.789     529584  0.000e+00
    -1.9544  27.135519     15.788 330.693166     695225   5007.828     529585  0.000e+00
    -1.9544  27.134647     15.788 330.693168     695226   5007.770     529585  0.000e+00
    -1.9544  27.134705     15.788 330.693171     695226   5007.773     529585  0.000e+00
    -1.9545  27.134356     15.788 330.693174     695228   5007.750     529585  0.000e+00
    -1.9547  27.134996     15.794 330.693177     695231   5007.793     529587  0.000e+00
    -1.9546  27.135228     15.791 330.693180     695229   5007.809     529586  0.000e+00
    -1.9545  27.134472     15.788 330.693183     695228   5007.758     529585  0.000e+00
    -1.9546  27.134996     15.782 330.693186     695229   5007.793     529583  0.000e+00
    -1.9546  27.134937     15.785 330.693189     695229   5007.789     529584  0.000e+00
    -1.9545  27.135228     15.785 330.693192     695228   5007.809     529584  0.000e+00
    -1.9545  27.134937     15.785 330.693194     695227   5007.789     529584  0.000e+00
    -1.9544  27.134996     15.785 330.693197     695225   5007.793     529584  0.000e+00
    -1.9544  27.135228     15.779 330.693200     695225   5007.809     529582  0.000e+00
    -1.9543  27.134705     15.772 330.693203     695224   5007.773     529580  0.000e+00
    -1.9544  27.135519     15.775 330.693206     695225   5007.828     529581  0.000e+00
    -1.9544  27.136042     15.775 330.693209     695226   5007.863     529581  0.000e+00
    -1.9543  27.134182     15.772 330.693212     695224   5007.738     529580  0.000e+00
    -1.9544  27.134356     15.769 330.693215     695225   5007.750     529579  0.000e+00
    -1.9545  27.134472     15.772 330.693218     695227   5007.758     529580  0.000e+00
    -1.9544  27.134647     15.772 330.693220     695226   5007.770     529580  0.000e+00
    -1.9545  27.135228     15.775 330.693223     695227   5007.809     529581  0.000e+00
    -1.9544  27.135228     15.776 330.693226     695225   5007.809     529581  0.000e+00
    -1.9544  27.135228     15.776 330.693229     695226   5007.809     529581  0.000e+00
    -1.9544  27.135751     15.772 330.693232     695226   5007.844     529580  0.000e+00
    -1.9544  27.134356     15.766 330.693235     695226   5007.750     529578  0.000e+00
    -1.9545  27.134705     15.769 330.693238     695227   5007.773     529579  0.000e+00
    -1.9545  27.134647     15.769 330.693241     695227   5007.770     529579  0.000e+00
    -1.9544  27.134472     15.766 330.693244     695225   5007.758     529578  0.000e+00
    -1.9544  27.134937     15.766 330.693247     695226   5007.789     529578  0.000e+00
    -1.9544  27.134995     15.766 330.693249     695226   5007.793     529578  0.000e+00
    -1.9545  27.135228     15.760 330.693252     695228   5007.809     529576  0.000e+00
    -1.9545  27.135228     15.745 330.693255     695227   5007.809     529571  0.000e+00
    -1.9544  27.135751     15.736 330.693258     695225   5007.844     529568  0.000e+00
    -1.9545  27.134937     15.739 330.693261     695228   5007.789     529569  0.000e+00
    -1.9544  27.135518     15.733 330.693264     695226   5007.828     529567  0.000e+00
    -1.9546  27.134647     15.730 330.693267     695229   5007.770     529566  0.000e+00
    -1.9545  27.134995     15.727 330.693270     695227   5007.793     529565  0.000e+00
    -1.9546  27.135518     15.727 330.693273     695229   5007.828     529565  0.000e+00
    -1.9546  27.134995     15.721 330.693275     695229   5007.793     529563  0.000e+00
    -1.9544  27.135751     15.724 330.693278     695226   5007.844     529564  0.000e+00
    -1.9545  27.135228     15.727 330.693281     695227   5007.809     529565  0.000e+00
    -1.9544  27.135518     15.727 330.693284     695226   5007.828     529565  0.000e+00
    -1.9545  27.134937     15.727 330.693287     695228   5007.789     529565  0.000e+00
    -1.9545  27.134995     15.727 330.693290     695228   5007.793     529565  0.000e+00
    -1.9545  27.135751     15.733 330.693293     695227   5007.844     529567  0.000e+00
    -1.9546  27.135228     15.739 330.693296     695229   5007.809     529569  0.000e+00
    -1.9546  27.135751     15.748 330.693299     695230   5007.844     529572  0.000e+00
    -1.9545  27.134937     15.748 330.693302     695228   5007.789     529572  0.000e+00
    -1.9544  27.134995     15.745 330.693304     695226   5007.793     529571  0.000e+00
    -1.9545  27.135519     15.745 330.693307     695228   5007.828     529571  0.000e+00
    -1.9545  27.135228     15.748 330.693310     695228   5007.809     529572  0.000e+00
    -1.9545  27.134937     15.748 330.693313     695228   5007.789     529572  0.000e+00
    -1.9544  27.134995     15.748 330.693316     695225   5007.793     529572  0.000e+00
    -1.9544  27.134647     15.748 330.693319     695226   5007.770     529572  0.000e+00
    -1.9545  27.135751     15.748 330.693322     695228   5007.844     529572  0.000e+00
    -1.9545  27.134995     15.751 330.693325     695227   5007.793     529573  0.000e+00
    -1.9545  27.134647     15.754 330.693328     695228   5007.770     529574  0.000e+00
    -1.9544  27.134705     15.751 330.693330     695226   5007.773     529573  0.000e+00
    -1.9544  27.135519     15.748 330.693333     695226   5007.828     529572  0.000e+00
    -1.9546  27.135519     15.751 330.693336     695230   5007.828     529573  0.000e+00
    -1.9545  27.135228     15.751 330.693339     695228   5007.809     529573  0.000e+00
    -1.9546  27.135751     15.751 330.693342     695230   5007.844     529573  0.000e+00
    -1.9546  27.134647     15.751 330.693345     695229   5007.770     529573  0.000e+00
    -1.9546  27.134995     15.754 330.693348     695230   5007.793     529574  0.000e+00
    -1.9546  27.135519     15.757 330.693351     695229   5007.828     529575  0.000e+00
    -1.9546  27.134647     15.757 330.693354     695229   5007.770     529575  0.000e+00
    -1.9545  27.134995     15.754 330.693356     695228   5007.793     529574  0.000e+00
    -1.9545  27.135751     15.760 330.693359     695228   5007.844     529576  0.000e+00
    -1.9546  27.134472     15.754 330.693362     695229   5007.758     529574  0.000e+00
    -1.9545  27.135228     15.757 330.693365     695227   5007.809     529575  0.000e+00
    -1.9545  27.135519     15.757 330.693368     695228   5007.828     529575  0.000e+00
    -1.9546  27.134472     15.754 330.693371     695229   5007.758     529574  0.000e+00
    -1.9545  27.134647     15.751 330.693374     695227   5007.770     529573  0.000e+00
    -1.9546  27.134705     15.757 330.693377     695229   5007.773     529575  0.000e+00
    -1.9545  27.135751     15.760 330.693380     695228   5007.844     529576  0.000e+00
    -1.9546  27.134995     15.754 330.693383     695229   5007.793     529574  0.000e+00
    -1.9546  27.134647     15.760 330.693385     695229   5007.770     529576  0.000e+00
    -1.9545  27.134995     15.754 330.693388     695228   5007.793     529574  0.000e+00
    -1.9545  27.134356     15.757 330.693391     695227   5007.750     529575  0.000e+00
    -1.9545  27.134995     15.757 330.693394     695228   5007.793     529575  0.000e+00
    -1.9545  27.133949     15.757 330.693397     695227   5007.723     529575  0.000e+00
    -1.9545  27.135751     15.757 330.693400     695228   5007.844     529575  0.000e+00
    -1.9544  27.135228     15.760 330.693403     695226   5007.809     529576  0.000e+00
    -1.9546  27.134647     15.757 330.693406     695230   5007.770     529575  0.000e+00
    -1.9545  27.135751     15.754 330.693409     695227   5007.844     529574  0.000e+00
    -1.9545  27.135228     15.751 330.693411     695228   5007.809     529573  0.000e+00
    -1.9546  27.134472     15.757 330.693414     695229   5007.758     529575  0.000e+00
    -1.9545  27.135751     15.754 330.693417     695228   5007.844     529574  0.000e+00
    -1.9545  27.135751     15.757 330.693420     695227   5007.844     529575  0.000e+00
    -1.9545  27.135228     15.760 330.693423     695228   5007.809     529576  0.000e+00
    -1.9545  27.135751     15.766 330.693426     695228   5007.844     529578  0.000e+00
    -1.9544  27.135228     15.760 330.693429     695225   5007.809     529576  0.000e+00
    -1.9544  27.134937     15.754 330.693432     695226   5007.789     529574  0.000e+00
    -1.9545  27.135519     15.760 330.693435     695227   5007.828     529576  0.000e+00
    -1.9544  27.134937     15.757 330.693438     695226   5007.789     529575  0.000e+00
    -1.9544  27.135519     15.757 330.693440     695225   5007.828     529575  0.000e+00
    -1.9546  27.135519     15.763 330.693443     695229   5007.828     529577  0.000e+00
    -1.9545  27.135519     15.754 330.693446     695228   5007.828     529574  0.000e+00
    -1.9545  27.134995     15.757 330.693449     695227   5007.793     529575  0.000e+00
    -1.9544  27.135228     15.760 330.693452     695225   5007.809     529576  0.000e+00
    -1.9545  27.134995     15.757 330.693455     695228   5007.793     529575  0.000e+00
