sbs/tests/resources/orca-test-data/SBE19plus/4794/4794_028_KiM.cnv
* Sea-Bird SBE19plus Data File:
* FileName = C:\Documents and Settings\stevens\Desktop\K131_2007\CTD\4794_028.hex
* Software Version 1.50
* Temperature SN =  4977
* Conductivity SN =  4977
* System UpLoad Time = Nov 27 2007 01:43:10
** K131 McMurdo SeaIce Work
** nov-dec 2007
** using chch plastic ctd
** times are local (NZ daylight savings)
# nquan = 8
# nvalues = 2902                                  
# units = specified
# name 0 = tv290C: Temperature [ITS-90, deg C]
# name 1 = c0mS/cm: Conductivity [mS/cm]
# name 2 = prdM: Pressure, Strain Gauge [db]
# name 3 = timeJ: Julian Days
# name 4 = f0: Frequency 0
# name 5 = f1: Frequency 1
# name 6 = f2: Frequency 2
# name 7 = flag:  0.000e+00
# span 0 =    -3.4782,    -1.9044                 
# span 1 =  -0.000734,  27.378624                 
# span 2 =      3.259,    357.087                 
# span 3 = 331.048403, 331.056797                 
# span 4 =     694116,     729605                 
# span 5 =   2601.926,   5024.105                 
# span 6 =     525478,     641628                 
# span 7 = 0.0000e+00, 0.0000e+00                 
# interval = seconds: 0.25
# start_time = Nov 27 2007 01:09:42 [Instrument's time stamp, header]
# bad_flag = -9.990e-29
*END*
[from data line 1978]
    -1.9087  27.376956    226.352 331.054126     694212   5023.992     598702  0.000e+00
    -1.9086  27.377364    226.270 331.054129     694209   5024.020     598675  0.000e+00
    -1.9087  27.377364    226.182 331.054132     694211   5024.020     598646  0.000e+00
    -1.9087  27.376956    226.099 331.054135     694210   5023.992     598619  0.000e+00
    -1.9087  27.377597    226.020 331.054138     694211   5024.035     598593  0.000e+00
    -1.9087  27.376547    225.935 331.054141     694211   5023.965     598565  0.000e+00
    -1.9087  27.376664    225.847 331.054144     694212   5023.973     598536  0.000e+00
    -1.9086  27.377596    225.755 331.054146     694209   5024.035     598506  0.000e+00
    -1.9087  27.377538    225.667 331.054149     694211   5024.031     598477  0.000e+00
    -1.9087  27.376546    225.582 331.054152     694210   5023.965     598449  0.000e+00
    -1.9087  27.377304    225.493 331.054155     694210   5024.016     598420  0.000e+00
    -1.9087  27.376837    225.402 331.054158     694212   5023.984     598390  0.000e+00
    -1.9087  27.377537    225.314 331.054161     694211   5024.031     598361  0.000e+00
    -1.9086  27.377886    225.234 331.054164     694208   5024.055     598335  0.000e+00
    -1.9085  27.377595    225.155 331.054167     694206   5024.035     598309  0.000e+00
    -1.9085  27.377070    225.067 331.054170     694207   5024.000     598280  0.000e+00
    -1.9086  27.377070    225.000 331.054172     694208   5024.000     598258  0.000e+00
    -1.9085  27.376370    224.927 331.054175     694207   5023.953     598234  0.000e+00
    -1.9087  27.376719    224.854 331.054178     694212   5023.977     598210  0.000e+00
    -1.9087  27.376836    224.778 331.054181     694210   5023.984     598185  0.000e+00
    -1.9090  27.376661    224.701 331.054184     694217   5023.973     598160  0.000e+00
    -1.9095  27.377360    224.631 331.054187     694229   5024.020     598137  0.000e+00
    -1.9097  27.376369    224.555 331.054190     694233   5023.953     598112  0.000e+00
    -1.9096  27.376543    224.476 331.054193     694231   5023.965     598086  0.000e+00
    -1.9096  27.376310    224.394 331.054196     694230   5023.949     598059  0.000e+00
    -1.9094  27.376368    224.318 331.054198     694226   5023.953     598034  0.000e+00
    -1.9093  27.376310    224.235 331.054201     694225   5023.949     598007  0.000e+00
    -1.9096  27.377067    224.159 331.054204     694230   5024.000     597982  0.000e+00
    -1.9095  27.376951    224.083 331.054207     694228   5023.992     597957  0.000e+00
    -1.9092  27.376834    223.995 331.054210     694223   5023.984     597928  0.000e+00
    -1.9093  27.376950    224.031 331.054213     694225   5023.992     597940  0.000e+00
    -1.9096  27.376835    224.522 331.054216     694230   5023.984     598101  0.000e+00
    -1.9097  27.376311    224.960 331.054219     694234   5023.949     598245  0.000e+00
    -1.9097  27.376079    225.155 331.054222     694234   5023.934     598309  0.000e+00
    -1.9101  27.376021    225.180 331.054225     694241   5023.930     598317  0.000e+00
    -1.9103  27.376020    225.122 331.054227     694246   5023.930     598298  0.000e+00
    -1.9105  27.375845    225.049 331.054230     694251   5023.918     598274  0.000e+00
    -1.9105  27.374679    224.957 331.054233     694250   5023.840     598244  0.000e+00
    -1.9112  27.375553    224.875 331.054236     694267   5023.898     598217  0.000e+00
    -1.9112  27.376020    224.793 331.054239     694266   5023.930     598190  0.000e+00
    -1.9107  27.376311    224.711 331.054242     694255   5023.949     598163  0.000e+00
    -1.9103  27.376369    224.625 331.054245     694247   5023.953     598135  0.000e+00
    -1.9099  27.376310    224.546 331.054248     694237   5023.949     598109  0.000e+00
    -1.9095  27.377593    224.455 331.054251     694228   5024.035     598079  0.000e+00
    -1.9092  27.377243    224.379 331.054253     694221   5024.012     598054  0.000e+00
    -1.9090  27.377359    224.302 331.054256     694217   5024.020     598029  0.000e+00
    -1.9087  27.377534    224.220 331.054259     694211   5024.031     598002  0.000e+00
    -1.9087  27.376834    224.135 331.054262     694210   5023.984     597974  0.000e+00
    -1.9086  27.377067    224.047 331.054265     694208   5024.000     597945  0.000e+00
    -1.9085  27.376659    223.970 331.054268     694206   5023.973     597920  0.000e+00
    -1.9086  27.376542    223.891 331.054271     694208   5023.965     597894  0.000e+00
    -1.9086  27.377066    223.809 331.054274     694209   5024.000     597867  0.000e+00
    -1.9086  27.376950    223.727 331.054277     694209   5023.992     597840  0.000e+00
    -1.9087  27.377066    223.651 331.054280     694211   5024.000     597815  0.000e+00
    -1.9087  27.376833    223.568 331.054282     694211   5023.984     597788  0.000e+00
    -1.9087  27.376949    223.486 331.054285     694211   5023.992     597761  0.000e+00
    -1.9085  27.376832    223.416 331.054288     694207   5023.984     597738  0.000e+00
    -1.9087  27.377240    223.331 331.054291     694210   5024.012     597710  0.000e+00
    -1.9086  27.377065    223.255 331.054294     694208   5024.000     597685  0.000e+00
    -1.9086  27.376657    223.172 331.054297     694209   5023.973     597658  0.000e+00
    -1.9087  27.377589    223.093 331.054300     694211   5024.035     597632  0.000e+00
    -1.9087  27.376540    223.011 331.054303     694212   5023.965     597605  0.000e+00
    -1.9087  27.376656    222.932 331.054306     694212   5023.973     597579  0.000e+00
    -1.9087  27.376539    222.846 331.054308     694212   5023.965     597551  0.000e+00
    -1.9088  27.377064    222.770 331.054311     694214   5024.000     597526  0.000e+00
    -1.9088  27.376714    222.685 331.054314     694214   5023.977     597498  0.000e+00
    -1.9088  27.377238    222.606 331.054317     694213   5024.012     597472  0.000e+00
    -1.9090  27.377063    222.530 331.054320     694217   5024.000     597447  0.000e+00
    -1.9088  27.377296    222.454 331.054323     694213   5024.016     597422  0.000e+00
    -1.9088  27.377063    222.368 331.054326     694214   5024.000     597394  0.000e+00
    -1.9088  27.376304    222.286 331.054329     694213   5023.949     597367  0.000e+00
    -1.9088  27.376654    222.216 331.054332     694214   5023.973     597344  0.000e+00
    -1.9089  27.376829    222.140 331.054334     694215   5023.984     597319  0.000e+00
    -1.9088  27.376537    222.061 331.054337     694213   5023.965     597293  0.000e+00
    -1.9088  27.376362    221.988 331.054340     694214   5023.953     597269  0.000e+00
    -1.9090  27.377061    221.911 331.054343     694218   5024.000     597244  0.000e+00
    -1.9089  27.376536    221.838 331.054346     694215   5023.965     597220  0.000e+00
    -1.9088  27.376944    221.759 331.054349     694213   5023.992     597194  0.000e+00
    -1.9089  27.376828    221.689 331.054352     694215   5023.984     597171  0.000e+00
    -1.9090  27.377527    221.613 331.054355     694218   5024.031     597146  0.000e+00
    -1.9090  27.376536    221.537 331.054358     694218   5023.965     597121  0.000e+00
    -1.9090  27.377585    221.467 331.054361     694217   5024.035     597098  0.000e+00
    -1.9087  27.376943    221.384 331.054363     694211   5023.992     597071  0.000e+00
    -1.9089  27.377351    221.311 331.054366     694216   5024.020     597047  0.000e+00
    -1.9088  27.377351    221.244 331.054369     694214   5024.020     597025  0.000e+00
    -1.9089  27.376943    221.162 331.054372     694215   5023.992     596998  0.000e+00
    -1.9089  27.377059    221.092 331.054375     694216   5024.000     596975  0.000e+00
    -1.9091  27.376943    221.016 331.054378     694220   5023.992     596950  0.000e+00
    -1.9090  27.376534    220.937 331.054381     694218   5023.965     596924  0.000e+00
    -1.9089  27.376825    220.873 331.054384     694215   5023.984     596903  0.000e+00
    -1.9089  27.378050    220.794 331.054387     694215   5024.066     596877  0.000e+00
    -1.9087  27.377583    220.723 331.054389     694212   5024.035     596854  0.000e+00
    -1.9088  27.377058    220.650 331.054392     694213   5024.000     596830  0.000e+00
    -1.9088  27.377233    220.580 331.054395     694214   5024.012     596807  0.000e+00
    -1.9088  27.377058    220.501 331.054398     694213   5024.000     596781  0.000e+00
    -1.9088  27.376941    220.431 331.054401     694214   5023.992     596758  0.000e+00
    -1.9087  27.377349    220.364 331.054404     694211   5024.020     596736  0.000e+00
    -1.9087  27.377349    220.291 331.054407     694212   5024.020     596712  0.000e+00
    -1.9087  27.377232    220.215 331.054410     694212   5024.012     596687  0.000e+00
    -1.9087  27.377348    220.145 331.054413     694210   5024.020     596664  0.000e+00
    -1.9087  27.377348    220.072 331.054416     694210   5024.020     596640  0.000e+00
    -1.9085  27.376648    220.002 331.054418     694207   5023.973     596617  0.000e+00
    -1.9087  27.376531    219.941 331.054421     694210   5023.965     596597  0.000e+00
    -1.9087  27.376939    219.868 331.054424     694211   5023.992     596573  0.000e+00
    -1.9087  27.376706    219.788 331.054427     694212   5023.977     596547  0.000e+00
    -1.9087  27.376298    219.712 331.054430     694212   5023.949     596522  0.000e+00
    -1.9088  27.376647    219.642 331.054433     694213   5023.973     596499  0.000e+00
    -1.9089  27.377055    219.575 331.054436     694215   5024.000     596477  0.000e+00
    -1.9089  27.376530    219.502 331.054439     694216   5023.965     596453  0.000e+00
    -1.9089  27.376938    219.432 331.054442     694216   5023.992     596430  0.000e+00
    -1.9088  27.376822    219.368 331.054444     694214   5023.984     596409  0.000e+00
    -1.9088  27.376472    219.301 331.054447     694213   5023.961     596387  0.000e+00
    -1.9087  27.376530    219.225 331.054450     694212   5023.965     596362  0.000e+00
    -1.9087  27.376938    219.164 331.054453     694211   5023.992     596342  0.000e+00
    -1.9087  27.377579    219.094 331.054456     694211   5024.035     596319  0.000e+00
    -1.9086  27.376937    219.024 331.054459     694208   5023.992     596296  0.000e+00
    -1.9086  27.377054    218.951 331.054462     694208   5024.000     596272  0.000e+00
    -1.9087  27.376820    218.884 331.054465     694211   5023.984     596250  0.000e+00
    -1.9087  27.376937    218.817 331.054468     694210   5023.992     596228  0.000e+00
    -1.9085  27.377345    218.750 331.054470     694207   5024.020     596206  0.000e+00
    -1.9087  27.377053    218.680 331.054473     694211   5024.000     596183  0.000e+00
    -1.9087  27.376936    218.610 331.054476     694210   5023.992     596160  0.000e+00
    -1.9086  27.376819    218.552 331.054479     694208   5023.984     596141  0.000e+00
    -1.9085  27.377227    218.485 331.054482     694207   5024.012     596119  0.000e+00
    -1.9087  27.377052    218.418 331.054485     694211   5024.000     596097  0.000e+00
    -1.9087  27.376819    218.351 331.054488     694211   5023.984     596075  0.000e+00
    -1.9087  27.377752    218.281 331.054491     694211   5024.047     596052  0.000e+00
    -1.9087  27.377052    218.217 331.054494     694212   5024.000     596031  0.000e+00
    -1.9088  27.376643    218.156 331.054497     694213   5023.973     596011  0.000e+00
    -1.9089  27.376527    218.089 331.054499     694216   5023.965     595989  0.000e+00
    -1.9090  27.377343    218.022 331.054502     694217   5024.020     595967  0.000e+00
    -1.9089  27.376934    217.964 331.054505     694215   5023.992     595948  0.000e+00
    -1.9090  27.376526    217.903 331.054508     694218   5023.965     595928  0.000e+00
    -1.9090  27.376293    217.827 331.054511     694217   5023.949     595903  0.000e+00
    -1.9089  27.376642    217.769 331.054514     694215   5023.973     595884  0.000e+00
    -1.9090  27.377342    217.699 331.054517     694217   5024.020     595861  0.000e+00
    -1.9089  27.376817    217.635 331.054520     694215   5023.984     595840  0.000e+00
    -1.9088  27.377225    217.568 331.054523     694213   5024.012     595818  0.000e+00
    -1.9087  27.377341    217.498 331.054525     694211   5024.020     595795  0.000e+00
    -1.9088  27.376933    217.434 331.054528     694213   5023.992     595774  0.000e+00
    -1.9087  27.378157    217.376 331.054531     694210   5024.074     595755  0.000e+00
    -1.9086  27.377574    217.309 331.054534     694208   5024.035     595733  0.000e+00
    -1.9086  27.378624    217.236 331.054537     694208   5024.105     595709  0.000e+00
    -1.9086  27.377574    217.172 331.054540     694208   5024.035     595688  0.000e+00
    -1.9085  27.377574    217.102 331.054543     694206   5024.035     595665  0.000e+00
    -1.9083  27.377515    217.041 331.054546     694203   5024.031     595645  0.000e+00
    -1.9086  27.377340    216.977 331.054549     694209   5024.020     595624  0.000e+00
    -1.9085  27.378040    216.913 331.054552     694206   5024.066     595603  0.000e+00
    -1.9085  27.377048    216.846 331.054554     694207   5024.000     595581  0.000e+00
    -1.9085  27.377573    216.785 331.054557     694207   5024.035     595561  0.000e+00
    -1.9085  27.377223    216.718 331.054560     694206   5024.012     595539  0.000e+00
    -1.9085  27.376814    216.654 331.054563     694206   5023.984     595518  0.000e+00
    -1.9084  27.377339    216.587 331.054566     694204   5024.020     595496  0.000e+00
    -1.9085  27.377747    216.526 331.054569     694206   5024.047     595476  0.000e+00
    -1.9083  27.376814    216.471 331.054572     694203   5023.984     595458  0.000e+00
    -1.9084  27.378330    216.404 331.054575     694205   5024.086     595436  0.000e+00
    -1.9082  27.377338    216.337 331.054578     694200   5024.020     595414  0.000e+00
    -1.9083  27.377571    216.279 331.054580     694203   5024.035     595395  0.000e+00
    -1.9084  27.377163    216.219 331.054583     694204   5024.008     595375  0.000e+00
    -1.9086  27.377046    216.148 331.054586     694208   5024.000     595352  0.000e+00
    -1.9085  27.377221    216.085 331.054589     694206   5024.012     595331  0.000e+00
    -1.9083  27.377046    216.033 331.054592     694203   5024.000     595314  0.000e+00
    -1.9085  27.376813    215.969 331.054595     694207   5023.984     595293  0.000e+00
    -1.9084  27.377221    215.911 331.054598     694205   5024.012     595274  0.000e+00
    -1.9086  27.377046    215.853 331.054601     694209   5024.000     595255  0.000e+00
    -1.9086  27.377045    215.792 331.054604     694209   5024.000     595235  0.000e+00
    -1.9086  27.377220    215.731 331.054606     694208   5024.012     595215  0.000e+00
    -1.9087  27.377337    215.673 331.054609     694210   5024.020     595196  0.000e+00
    -1.9087  27.376637    215.615 331.054612     694210   5023.973     595177  0.000e+00
    -1.9086  27.376812    215.558 331.054615     694209   5023.984     595158  0.000e+00
    -1.9088  27.377045    215.506 331.054618     694213   5024.000     595141  0.000e+00
    -1.9087  27.376928    215.448 331.054621     694212   5023.992     595122  0.000e+00
    -1.9088  27.377336    215.393 331.054624     694213   5024.020     595104  0.000e+00
    -1.9087  27.377569    215.335 331.054627     694210   5024.035     595085  0.000e+00
    -1.9086  27.376636    215.280 331.054630     694208   5023.973     595067  0.000e+00
    -1.9085  27.377335    215.226 331.054633     694207   5024.020     595049  0.000e+00
    -1.9087  27.377510    215.171 331.054635     694210   5024.031     595031  0.000e+00
    -1.9088  27.377568    215.110 331.054638     694214   5024.035     595011  0.000e+00
    -1.9087  27.377335    215.052 331.054641     694212   5024.020     594992  0.000e+00
