sbs/tests/resources/orca-test-data/SBE19plus/4794/4794_025_KiM.cnv
* Sea-Bird SBE19plus Data File:
* FileName = C:\Documents and Settings\stevens\Desktop\K131_2007\CTD\4794_025.hex
* Software Version 1.50
* Temperature SN =  4977
* Conductivity SN =  4977
* System UpLoad Time = Nov 26 2007 23:07:53
** K131 McMurdo SeaIce Work
** nov-dec 2007
** using chch plastic ctd
** times are local (NZ daylight savings)
# nquan = 8
# nvalues = 10387                                 
# units = specified
# name 0 = tv290C: Temperature [ITS-90, deg C]
# name 1 = c0mS/cm: Conductivity [mS/cm]
# name 2 = prdM: Pressure, Strain Gauge [db]
# name 3 = timeJ: Julian Days
# name 4 = f0: Frequency 0
# name 5 = f1: Frequency 1
# name 6 = f2: Frequency 2
# name 7 = flag:  0.000e+00
# span 0 =    -6.3292,    -1.9071                 
# span 1 =   0.000169,  27.379575                 
# span 2 =     -0.271,    357.841                 
# span 3 = 330.929444, 330.959497                 
# span 4 =     694176,     796739                 
# span 5 =   2602.043,   5024.145                 
# span 6 =     524315,     641875                 
# span 7 = 0.0000e+00, 0.0000e+00                 
# interval = seconds: 0.25
# start_time = Nov 26 2007 22:18:24 [Instrument's time stamp, header]
# bad_flag = -9.990e-29
*END*
[from data line 7371]
    -1.9267  27.261046    217.377 330.950773     694610   5016.223     595755  0.000e+00
    -1.9265  27.261104    217.463 330.950775     694607   5016.227     595783  0.000e+00
    -1.9266  27.261046    217.557 330.950778     694608   5016.223     595814  0.000e+00
    -1.9266  27.261105    217.636 330.950781     694608   5016.227     595840  0.000e+00
    -1.9266  27.261280    217.722 330.950784     694608   5016.238     595868  0.000e+00
    -1.9263  27.261571    217.798 330.950787     694602   5016.258     595893  0.000e+00
    -1.9262  27.261921    217.895 330.950790     694600   5016.281     595925  0.000e+00
    -1.9258  27.262328    218.032 330.950793     694591   5016.309     595970  0.000e+00
    -1.9257  27.261921    218.154 330.950796     694588   5016.281     596010  0.000e+00
    -1.9258  27.262329    218.252 330.950799     694590   5016.309     596042  0.000e+00
    -1.9258  27.262329    218.322 330.950802     694590   5016.309     596065  0.000e+00
    -1.9256  27.262504    218.383 330.950804     694585   5016.320     596085  0.000e+00
    -1.9256  27.261805    218.422 330.950807     694585   5016.273     596098  0.000e+00
    -1.9254  27.261922    218.474 330.950810     694581   5016.281     596115  0.000e+00
    -1.9256  27.262330    218.511 330.950813     694585   5016.309     596127  0.000e+00
    -1.9257  27.261398    218.568 330.950816     694589   5016.246     596146  0.000e+00
    -1.9257  27.262330    218.709 330.950819     694589   5016.309     596192  0.000e+00
    -1.9258  27.262331    218.870 330.950822     694591   5016.309     596245  0.000e+00
    -1.9259  27.261924    219.059 330.950825     694593   5016.281     596307  0.000e+00
    -1.9260  27.260760    219.236 330.950828     694595   5016.203     596365  0.000e+00
    -1.9267  27.260236    219.376 330.950830     694611   5016.168     596411  0.000e+00
    -1.9277  27.257850    219.519 330.950833     694632   5016.008     596458  0.000e+00
    -1.9294  27.257617    219.668 330.950836     694671   5015.992     596507  0.000e+00
    -1.9304  27.258316    219.836 330.950839     694692   5016.039     596562  0.000e+00
    -1.9313  27.258899    219.994 330.950842     694712   5016.078     596614  0.000e+00
    -1.9312  27.257444    220.094 330.950845     694711   5015.980     596647  0.000e+00
    -1.9316  27.257037    220.183 330.950848     694720   5015.953     596676  0.000e+00
    -1.9320  27.257328    220.277 330.950851     694729   5015.973     596707  0.000e+00
    -1.9322  27.256863    220.344 330.950854     694732   5015.941     596729  0.000e+00
    -1.9324  27.257620    220.433 330.950856     694737   5015.992     596758  0.000e+00
    -1.9323  27.257154    220.542 330.950859     694735   5015.961     596794  0.000e+00
    -1.9325  27.257329    220.688 330.950862     694739   5015.973     596842  0.000e+00
    -1.9326  27.254943    220.847 330.950865     694742   5015.813     596894  0.000e+00
    -1.9336  27.257446    220.981 330.950868     694764   5015.980     596938  0.000e+00
    -1.9334  27.254944    221.124 330.950871     694760   5015.813     596985  0.000e+00
    -1.9338  27.256865    221.279 330.950874     694769   5015.941     597036  0.000e+00
    -1.9337  27.255235    221.435 330.950877     694765   5015.832     597087  0.000e+00
    -1.9343  27.255236    221.642 330.950880     694780   5015.832     597155  0.000e+00
    -1.9351  27.254946    221.849 330.950883     694796   5015.813     597223  0.000e+00
    -1.9355  27.254655    222.032 330.950885     694806   5015.793     597283  0.000e+00
    -1.9363  27.253550    222.257 330.950888     694823   5015.719     597357  0.000e+00
    -1.9372  27.253085    222.510 330.950891     694843   5015.688     597440  0.000e+00
    -1.9381  27.253085    222.708 330.950894     694864   5015.688     597505  0.000e+00
    -1.9389  27.251863    222.878 330.950897     694882   5015.605     597561  0.000e+00
    -1.9395  27.252330    223.064 330.950900     694894   5015.637     597622  0.000e+00
    -1.9395  27.252388    223.250 330.950903     694894   5015.641     597683  0.000e+00
    -1.9395  27.252855    223.457 330.950906     694895   5015.672     597751  0.000e+00
    -1.9395  27.252389    223.652 330.950909     694894   5015.641     597815  0.000e+00
    -1.9395  27.253088    223.820 330.950911     694895   5015.688     597870  0.000e+00
    -1.9397  27.253380    224.012 330.950914     694898   5015.707     597933  0.000e+00
    -1.9397  27.254079    224.234 330.950917     694899   5015.754     598006  0.000e+00
    -1.9394  27.254138    224.456 330.950920     694892   5015.758     598079  0.000e+00
    -1.9389  27.255477    224.651 330.950923     694881   5015.848     598143  0.000e+00
    -1.9386  27.253615    224.816 330.950926     694875   5015.723     598197  0.000e+00
    -1.9388  27.253615    224.992 330.950929     694878   5015.723     598255  0.000e+00
    -1.9392  27.252684    225.190 330.950932     694888   5015.660     598320  0.000e+00
    -1.9398  27.253384    225.391 330.950935     694902   5015.707     598386  0.000e+00
    -1.9402  27.251288    225.547 330.950938     694909   5015.566     598437  0.000e+00
    -1.9407  27.253093    225.687 330.950940     694922   5015.688     598483  0.000e+00
    -1.9408  27.253094    225.815 330.950943     694924   5015.688     598525  0.000e+00
    -1.9407  27.252978    225.943 330.950946     694922   5015.680     598567  0.000e+00
    -1.9409  27.252570    226.104 330.950949     694925   5015.652     598620  0.000e+00
    -1.9409  27.253269    226.260 330.950952     694926   5015.699     598671  0.000e+00
    -1.9411  27.253386    226.369 330.950955     694930   5015.707     598707  0.000e+00
    -1.9412  27.253386    226.454 330.950958     694933   5015.707     598735  0.000e+00
    -1.9411  27.252688    226.546 330.950961     694930   5015.660     598765  0.000e+00
    -1.9411  27.253096    226.607 330.950964     694931   5015.688     598785  0.000e+00
    -1.9412  27.253794    226.668 330.950966     694932   5015.734     598805  0.000e+00
    -1.9412  27.252572    226.738 330.950969     694933   5015.652     598828  0.000e+00
    -1.9414  27.252689    226.823 330.950972     694936   5015.660     598856  0.000e+00
    -1.9415  27.252573    226.930 330.950975     694939   5015.652     598891  0.000e+00
    -1.9417  27.252340    227.067 330.950978     694943   5015.637     598936  0.000e+00
    -1.9418  27.252399    227.179 330.950981     694946   5015.641     598973  0.000e+00
    -1.9420  27.252574    227.271 330.950984     694951   5015.652     599003  0.000e+00
    -1.9419  27.252690    227.374 330.950987     694947   5015.660     599037  0.000e+00
    -1.9420  27.253389    227.563 330.950990     694949   5015.707     599099  0.000e+00
    -1.9419  27.253099    227.807 330.950992     694947   5015.688     599179  0.000e+00
    -1.9418  27.252983    228.044 330.950995     694946   5015.680     599257  0.000e+00
    -1.9417  27.252867    228.273 330.950998     694944   5015.672     599332  0.000e+00
    -1.9416  27.253275    228.465 330.951001     694942   5015.699     599395  0.000e+00
    -1.9415  27.254440    228.626 330.951004     694938   5015.777     599448  0.000e+00
    -1.9416  27.253625    228.812 330.951007     694941   5015.723     599509  0.000e+00
    -1.9416  27.254092    228.986 330.951010     694941   5015.754     599566  0.000e+00
    -1.9417  27.253626    229.129 330.951013     694943   5015.723     599613  0.000e+00
    -1.9417  27.253277    229.238 330.951016     694944   5015.699     599649  0.000e+00
    -1.9419  27.253627    229.336 330.951019     694947   5015.723     599681  0.000e+00
    -1.9418  27.254442    229.397 330.951021     694946   5015.777     599701  0.000e+00
    -1.9419  27.253278    229.458 330.951024     694947   5015.699     599721  0.000e+00
    -1.9420  27.253627    229.516 330.951027     694950   5015.723     599740  0.000e+00
    -1.9420  27.254093    229.586 330.951030     694950   5015.754     599763  0.000e+00
    -1.9421  27.253395    229.674 330.951033     694952   5015.707     599792  0.000e+00
    -1.9420  27.254152    229.802 330.951036     694950   5015.758     599834  0.000e+00
    -1.9418  27.254385    229.921 330.951039     694946   5015.773     599873  0.000e+00
    -1.9419  27.253629    230.012 330.951042     694948   5015.723     599903  0.000e+00
    -1.9419  27.254386    230.113 330.951045     694948   5015.773     599936  0.000e+00
    -1.9420  27.253629    230.195 330.951047     694950   5015.723     599963  0.000e+00
    -1.9420  27.253804    230.219 330.951050     694951   5015.734     599971  0.000e+00
    -1.9422  27.253920    230.234 330.951053     694954   5015.742     599976  0.000e+00
    -1.9422  27.254153    230.238 330.951056     694955   5015.758     599977  0.000e+00
    -1.9422  27.254095    230.234 330.951059     694955   5015.754     599976  0.000e+00
    -1.9424  27.252872    230.241 330.951062     694958   5015.672     599978  0.000e+00
    -1.9422  27.254386    230.304 330.951065     694955   5015.773     599999  0.000e+00
    -1.9420  27.253397    230.451 330.951068     694951   5015.707     600047  0.000e+00
    -1.9420  27.255493    230.643 330.951071     694949   5015.848     600110  0.000e+00
    -1.9417  27.255261    230.880 330.951073     694944   5015.832     600188  0.000e+00
    -1.9415  27.254970    231.103 330.951076     694939   5015.813     600261  0.000e+00
    -1.9415  27.254680    231.310 330.951079     694938   5015.793     600329  0.000e+00
    -1.9414  27.255495    231.553 330.951082     694936   5015.848     600409  0.000e+00
    -1.9411  27.256544    231.818 330.951085     694931   5015.918     600496  0.000e+00
    -1.9408  27.257476    232.022 330.951088     694924   5015.980     600563  0.000e+00
    -1.9405  27.257360    232.223 330.951091     694917   5015.973     600629  0.000e+00
    -1.9402  27.256895    232.449 330.951094     694910   5015.941     600703  0.000e+00
    -1.9400  27.258409    232.680 330.951097     694905   5016.043     600779  0.000e+00
    -1.9398  27.257886    232.915 330.951100     694901   5016.008     600856  0.000e+00
    -1.9397  27.258061    233.128 330.951102     694898   5016.020     600926  0.000e+00
    -1.9396  27.258411    233.372 330.951105     694896   5016.043     601006  0.000e+00
    -1.9392  27.258877    233.646 330.951108     694887   5016.074     601096  0.000e+00
    -1.9391  27.258703    233.902 330.951111     694886   5016.063     601180  0.000e+00
    -1.9390  27.259752    234.142 330.951114     694883   5016.133     601259  0.000e+00
    -1.9387  27.259461    234.410 330.951117     694877   5016.113     601347  0.000e+00
    -1.9385  27.259986    234.706 330.951120     694872   5016.148     601444  0.000e+00
    -1.9383  27.259463    234.962 330.951123     694869   5016.113     601528  0.000e+00
    -1.9385  27.258940    235.245 330.951126     694873   5016.078     601621  0.000e+00
    -1.9391  27.259231    235.547 330.951128     694886   5016.098     601720  0.000e+00
    -1.9395  27.258592    235.818 330.951131     694895   5016.055     601809  0.000e+00
    -1.9399  27.260572    236.043 330.951134     694904   5016.188     601883  0.000e+00
    -1.9397  27.259757    236.268 330.951137     694900   5016.133     601957  0.000e+00
    -1.9395  27.259758    236.527 330.951140     694894   5016.133     602042  0.000e+00
    -1.9393  27.260574    236.759 330.951143     694891   5016.188     602118  0.000e+00
    -1.9393  27.260574    236.948 330.951146     694891   5016.188     602180  0.000e+00
    -1.9392  27.261623    237.140 330.951149     694887   5016.258     602243  0.000e+00
    -1.9388  27.261448    237.344 330.951152     694879   5016.246     602310  0.000e+00
    -1.9384  27.261856    237.554 330.951155     694871   5016.273     602379  0.000e+00
    -1.9382  27.261449    237.743 330.951157     694866   5016.246     602441  0.000e+00
    -1.9383  27.262148    237.898 330.951160     694868   5016.293     602492  0.000e+00
    -1.9382  27.262149    238.072 330.951163     694865   5016.293     602549  0.000e+00
    -1.9381  27.261684    238.236 330.951166     694863   5016.262     602603  0.000e+00
    -1.9383  27.261859    238.437 330.951169     694868   5016.273     602669  0.000e+00
    -1.9384  27.261685    238.620 330.951172     694870   5016.262     602729  0.000e+00
    -1.9387  27.263490    238.778 330.951175     694877   5016.383     602781  0.000e+00
    -1.9384  27.262384    238.937 330.951178     694870   5016.309     602833  0.000e+00
    -1.9383  27.261977    239.083 330.951181     694867   5016.281     602881  0.000e+00
    -1.9385  27.260289    239.259 330.951183     694872   5016.168     602939  0.000e+00
    -1.9393  27.259998    239.442 330.951186     694889   5016.148     602999  0.000e+00
    -1.9402  27.259766    239.567 330.951189     694909   5016.133     603040  0.000e+00
    -1.9406  27.259999    239.686 330.951192     694920   5016.148     603079  0.000e+00
    -1.9410  27.260873    239.780 330.951195     694927   5016.207     603110  0.000e+00
    -1.9410  27.260291    239.838 330.951198     694928   5016.168     603129  0.000e+00
    -1.9409  27.259767    239.887 330.951201     694926   5016.133     603145  0.000e+00
    -1.9411  27.259767    239.939 330.951204     694931   5016.133     603162  0.000e+00
    -1.9416  27.259476    240.045 330.951207     694941   5016.113     603197  0.000e+00
    -1.9420  27.260001    240.219 330.951209     694950   5016.148     603254  0.000e+00
    -1.9420  27.260001    240.386 330.951212     694950   5016.148     603309  0.000e+00
    -1.9420  27.259769    240.551 330.951215     694951   5016.133     603363  0.000e+00
    -1.9420  27.261108    240.731 330.951218     694950   5016.223     603422  0.000e+00
    -1.9420  27.260585    240.889 330.951221     694950   5016.188     603474  0.000e+00
    -1.9418  27.262273    241.060 330.951224     694946   5016.301     603530  0.000e+00
    -1.9412  27.263497    241.267 330.951227     694933   5016.383     603598  0.000e+00
    -1.9401  27.265069    241.428 330.951230     694907   5016.488     603651  0.000e+00
    -1.9386  27.265302    241.547 330.951233     694874   5016.504     603690  0.000e+00
    -1.9376  27.265302    241.669 330.951236     694852   5016.504     603730  0.000e+00
    -1.9373  27.263963    241.757 330.951238     694846   5016.414     603759  0.000e+00
    -1.9373  27.264022    241.839 330.951241     694846   5016.418     603786  0.000e+00
    -1.9377  27.264255    241.940 330.951244     694855   5016.434     603819  0.000e+00
    -1.9376  27.263731    242.059 330.951247     694853   5016.398     603858  0.000e+00
    -1.9380  27.265071    242.208 330.951250     694861   5016.488     603907  0.000e+00
    -1.9377  27.265071    242.314 330.951253     694854   5016.488     603942  0.000e+00
    -1.9377  27.265071    242.418 330.951256     694855   5016.488     603976  0.000e+00
    -1.9377  27.262568    242.537 330.951259     694855   5016.320     604015  0.000e+00
    -1.9381  27.262394    242.643 330.951262     694864   5016.309     604050  0.000e+00
    -1.9392  27.263384    242.762 330.951264     694888   5016.375     604089  0.000e+00
    -1.9394  27.264025    242.942 330.951267     694893   5016.418     604148  0.000e+00
    -1.9392  27.264782    243.128 330.951270     694888   5016.469     604209  0.000e+00
    -1.9388  27.265074    243.237 330.951273     694880   5016.488     604245  0.000e+00
    -1.9386  27.264783    243.289 330.951276     694875   5016.469     604262  0.000e+00
    -1.9385  27.264783    243.353 330.951279     694872   5016.469     604283  0.000e+00
    -1.9383  27.265074    243.414 330.951282     694867   5016.488     604303  0.000e+00
    -1.9382  27.264783    243.463 330.951285     694865   5016.469     604319  0.000e+00
    -1.9380  27.264550    243.496 330.951288     694862   5016.453     604330  0.000e+00
