sbs/tests/resources/orca-test-data/SBE19plus/4794/4794_031_KiM.cnv
* Sea-Bird SBE19plus Data File:
* FileName = C:\Documents and Settings\stevens\Desktop\K131_2007\CTD\4794_031.hex
* Software Version 1.50
* Temperature SN =  4977
* Conductivity SN =  4977
* System UpLoad Time = Nov 27 2007 03:47:52
** K131 McMurdo SeaIce Work
** nov-dec 2007
** using chch plastic ctd
** times are local (NZ daylight savings)
# nquan = 8
# nvalues = 8223                                  
# units = specified
# name 0 = tv290C: Temperature [ITS-90, deg C]
# name 1 = c0mS/cm: Conductivity [mS/cm]
# name 2 = prdM: Pressure, Strain Gauge [db]
# name 3 = timeJ: Julian Days
# name 4 = f0: Frequency 0
# name 5 = f1: Frequency 1
# name 6 = f2: Frequency 2
# name 7 = flag:  0.000e+00
# span 0 =    -5.9646,    -1.9083                 
# span 1 =   0.001493,  27.377888                 
# span 2 =     -0.259,    359.561                 
# span 3 = 331.131424, 331.155214                 
# span 4 =     694202,     787957                 
# span 5 =   2602.215,   5024.031                 
# span 6 =     524319,     642440                 
# span 7 = 0.0000e+00, 0.0000e+00                 
# interval = seconds: 0.25
# start_time = Nov 27 2007 03:09:15 [Instrument's time stamp, header]
# bad_flag = -9.990e-29
*END*
[from data line 4854]
    -1.9926  19.034909    124.220 331.145469     696075   4429.539     565174  0.000e+00
    -1.9928  19.015510    124.464 331.145472     696078   4428.063     565254  0.000e+00
    -1.9928  19.007815    124.713 331.145475     696079   4427.477     565336  0.000e+00
    -1.9929  19.017666    125.003 331.145477     696081   4428.227     565431  0.000e+00
    -1.9929  19.043997    125.289 331.145480     696081   4430.230     565525  0.000e+00
    -1.9931  19.024646    125.548 331.145483     696085   4428.758     565610  0.000e+00
    -1.9930  19.013050    125.838 331.145486     696084   4427.875     565705  0.000e+00
    -1.9931  19.045795    126.142 331.145489     696085   4430.367     565805  0.000e+00
    -1.9931  19.025059    126.413 331.145492     696085   4428.789     565894  0.000e+00
    -1.9931  19.012385    126.685 331.145495     696086   4427.824     565983  0.000e+00
    -1.9933  19.037737    126.986 331.145498     696090   4429.754     566082  0.000e+00
    -1.9931  19.042563    127.263 331.145501     696086   4430.121     566173  0.000e+00
    -1.9932  19.019416    127.519 331.145503     696088   4428.359     566257  0.000e+00
    -1.9932  19.017210    127.787 331.145506     696088   4428.191     566345  0.000e+00
    -1.9933  19.050727    128.074 331.145509     696090   4430.742     566439  0.000e+00
    -1.9935  19.033582    128.320 331.145512     696095   4429.438     566520  0.000e+00
    -1.9937  19.023112    128.582 331.145515     696098   4428.641     566606  0.000e+00
    -1.9935  19.041539    128.860 331.145518     696094   4430.043     566697  0.000e+00
    -1.9940  19.041488    129.128 331.145521     696105   4430.039     566785  0.000e+00
    -1.9941  19.032916    129.378 331.145524     696108   4429.387     566867  0.000e+00
    -1.9940  19.025065    129.637 331.145527     696106   4428.789     566952  0.000e+00
    -1.9943  19.040104    129.914 331.145530     696111   4429.934     567043  0.000e+00
    -1.9944  19.044108    130.161 331.145532     696114   4430.238     567124  0.000e+00
    -1.9946  19.035125    130.404 331.145535     696118   4429.555     567204  0.000e+00
    -1.9945  19.029634    130.663 331.145538     696117   4429.137     567289  0.000e+00
    -1.9951  19.054789    130.928 331.145541     696129   4431.051     567376  0.000e+00
    -1.9950  19.047139    131.169 331.145544     696128   4430.469     567455  0.000e+00
    -1.9951  19.039696    131.403 331.145547     696129   4429.902     567532  0.000e+00
    -1.9951  19.036206    131.665 331.145550     696130   4429.637     567618  0.000e+00
    -1.9954  19.060490    131.915 331.145553     696136   4431.484     567700  0.000e+00
    -1.9956  19.050427    132.156 331.145556     696141   4430.719     567779  0.000e+00
    -1.9959  19.046628    132.388 331.145558     696147   4430.430     567855  0.000e+00
    -1.9960  19.038209    132.650 331.145561     696150   4429.789     567941  0.000e+00
    -1.9960  19.067938    132.896 331.145564     696150   4432.051     568022  0.000e+00
    -1.9961  19.043395    133.128 331.145567     696152   4430.184     568098  0.000e+00
    -1.9965  19.052842    133.372 331.145570     696160   4430.902     568178  0.000e+00
    -1.9967  19.039700    133.627 331.145573     696165   4429.902     568262  0.000e+00
    -1.9968  19.066348    133.880 331.145576     696168   4431.930     568345  0.000e+00
    -1.9971  19.055667    134.103 331.145579     696175   4431.117     568418  0.000e+00
    -1.9973  19.050893    134.334 331.145582     696178   4430.754     568494  0.000e+00
    -1.9973  19.041755    134.581 331.145584     696179   4430.059     568575  0.000e+00
    -1.9975  19.074311    134.831 331.145587     696182   4432.535     568657  0.000e+00
    -1.9977  19.055053    135.068 331.145590     696188   4431.070     568735  0.000e+00
    -1.9978  19.056337    135.300 331.145593     696189   4431.168     568811  0.000e+00
    -1.9980  19.041141    135.556 331.145596     696195   4430.012     568895  0.000e+00
    -1.9982  19.071899    135.833 331.145599     696198   4432.352     568986  0.000e+00
    -1.9983  19.052180    136.065 331.145602     696201   4430.852     569062  0.000e+00
    -1.9984  19.057931    136.317 331.145605     696203   4431.289     569145  0.000e+00
    -1.9984  19.046533    136.586 331.145608     696204   4430.422     569233  0.000e+00
    -1.9986  19.075855    136.860 331.145611     696207   4432.652     569323  0.000e+00
    -1.9988  19.064094    137.094 331.145613     696211   4431.758     569400  0.000e+00
    -1.9990  19.059833    137.338 331.145616     696217   4431.434     569480  0.000e+00
    -1.9989  19.051772    137.600 331.145619     696213   4430.820     569566  0.000e+00
    -1.9991  19.080326    137.850 331.145622     696218   4432.992     569648  0.000e+00
    -1.9992  19.064250    138.090 331.145625     696221   4431.770     569727  0.000e+00
    -1.9993  19.072314    138.319 331.145628     696224   4432.383     569802  0.000e+00
    -1.9994  19.051774    138.578 331.145631     696226   4430.820     569887  0.000e+00
    -1.9996  19.087674    138.825 331.145634     696229   4433.551     569968  0.000e+00
    -2.0000  19.065125    139.062 331.145637     696238   4431.836     570046  0.000e+00
    -2.0000  19.073857    139.297 331.145639     696239   4432.500     570123  0.000e+00
    -2.0002  19.052802    139.547 331.145642     696243   4430.898     570205  0.000e+00
    -2.0002  19.089012    139.815 331.145645     696244   4433.652     570293  0.000e+00
    -2.0005  19.077813    140.037 331.145648     696249   4432.801     570366  0.000e+00
    -2.0006  19.079920    140.260 331.145651     696252   4432.961     570439  0.000e+00
    -2.0006  19.057476    140.500 331.145654     696251   4431.254     570518  0.000e+00
    -2.0008  19.099958    140.750 331.145657     696257   4434.484     570600  0.000e+00
    -2.0010  19.076428    140.966 331.145660     696261   4432.695     570671  0.000e+00
    -2.0012  19.097544    141.186 331.145663     696266   4434.301     570743  0.000e+00
    -2.0012  19.062511    141.399 331.145666     696266   4431.637     570813  0.000e+00
    -2.0016  19.092252    141.658 331.145668     696273   4433.898     570898  0.000e+00
    -2.0018  19.087012    141.862 331.145671     696279   4433.500     570965  0.000e+00
    -2.0019  19.091379    142.072 331.145674     696280   4433.832     571034  0.000e+00
    -2.0021  19.084033    142.273 331.145677     696285   4433.273     571100  0.000e+00
    -2.0020  19.064002    142.514 331.145680     696283   4431.750     571179  0.000e+00
    -2.0023  19.113118    142.742 331.145683     696290   4435.484     571254  0.000e+00
    -2.0026  19.072939    142.950 331.145686     696297   4432.430     571322  0.000e+00
    -2.0029  19.109367    143.169 331.145689     696303   4435.199     571394  0.000e+00
    -2.0029  19.062052    143.373 331.145692     696304   4431.602     571461  0.000e+00
    -2.0032  19.091177    143.635 331.145694     696309   4433.816     571547  0.000e+00
    -2.0034  19.097600    143.851 331.145697     696315   4434.305     571618  0.000e+00
    -2.0034  19.090510    144.074 331.145700     696313   4433.766     571691  0.000e+00
    -2.0038  19.094672    144.275 331.145703     696322   4434.082     571757  0.000e+00
    -2.0038  19.068217    144.518 331.145706     696324   4432.070     571837  0.000e+00
    -2.0040  19.119701    144.750 331.145709     696328   4435.984     571913  0.000e+00
    -2.0040  19.080442    144.963 331.145712     696328   4433.000     571983  0.000e+00
    -2.0043  19.106236    145.182 331.145715     696334   4434.961     572055  0.000e+00
    -2.0044  19.069708    145.402 331.145718     696336   4432.184     572127  0.000e+00
    -2.0046  19.103050    145.649 331.145720     696341   4434.719     572208  0.000e+00
    -2.0046  19.101303    145.856 331.145723     696341   4434.586     572276  0.000e+00
    -2.0050  19.098426    146.069 331.145726     696349   4434.367     572346  0.000e+00
    -2.0052  19.104131    146.279 331.145729     696354   4434.801     572415  0.000e+00
    -2.0054  19.073357    146.508 331.145732     696358   4432.461     572490  0.000e+00
    -2.0054  19.126079    146.736 331.145735     696358   4436.469     572565  0.000e+00
    -2.0056  19.085069    146.934 331.145738     696363   4433.352     572630  0.000e+00
    -2.0057  19.121453    147.144 331.145741     696366   4436.117     572699  0.000e+00
    -2.0058  19.081988    147.345 331.145744     696367   4433.117     572765  0.000e+00
    -2.0063  19.098635    147.598 331.145747     696378   4434.383     572848  0.000e+00
    -2.0061  19.120221    147.812 331.145749     696375   4436.023     572918  0.000e+00
    -2.0064  19.094936    148.010 331.145752     696381   4434.102     572983  0.000e+00
    -2.0065  19.127830    148.208 331.145755     696382   4436.602     573048  0.000e+00
    -2.0069  19.070895    148.409 331.145758     696391   4432.273     573114  0.000e+00
    -2.0069  19.121919    148.649 331.145761     696391   4436.152     573193  0.000e+00
    -2.0069  19.105677    148.847 331.145764     696391   4434.918     573258  0.000e+00
    -2.0072  19.111793    149.048 331.145767     696399   4435.383     573324  0.000e+00
    -2.0074  19.115957    149.249 331.145770     696404   4435.699     573390  0.000e+00
    -2.0074  19.074081    149.460 331.145773     696403   4432.516     573459  0.000e+00
    -2.0078  19.137293    149.691 331.145775     696412   4437.320     573535  0.000e+00
    -2.0078  19.095556    149.889 331.145778     696413   4434.148     573600  0.000e+00
    -2.0079  19.125006    150.093 331.145781     696414   4436.387     573667  0.000e+00
    -2.0081  19.105680    150.285 331.145784     696419   4434.918     573730  0.000e+00
    -2.0083  19.078501    150.529 331.145787     696424   4432.852     573810  0.000e+00
    -2.0082  19.135290    150.773 331.145790     696421   4437.168     573890  0.000e+00
    -2.0086  19.089444    150.992 331.145793     696429   4433.684     573962  0.000e+00
    -2.0088  19.110564    151.233 331.145796     696434   4435.289     574041  0.000e+00
    -2.0088  19.077372    151.489 331.145799     696435   4432.766     574125  0.000e+00
    -2.0089  19.114214    151.763 331.145802     696436   4435.566     574215  0.000e+00
    -2.0088  19.094943    152.000 331.145804     696435   4434.102     574293  0.000e+00
    -2.0091  19.087699    152.262 331.145807     696441   4433.551     574379  0.000e+00
    -2.0092  19.086364    152.546 331.145810     696442   4433.449     574472  0.000e+00
    -2.0092  19.105633    152.817 331.145813     696442   4434.914     574561  0.000e+00
    -2.0090  19.094072    153.076 331.145816     696438   4434.035     574646  0.000e+00
    -2.0089  19.088112    153.344 331.145819     696437   4433.582     574734  0.000e+00
    -2.0090  19.094124    153.636 331.145822     696438   4434.039     574830  0.000e+00
    -2.0090  19.113807    153.907 331.145825     696439   4435.535     574919  0.000e+00
    -2.0091  19.096900    154.160 331.145828     696440   4434.250     575002  0.000e+00
    -2.0089  19.091043    154.431 331.145830     696436   4433.805     575091  0.000e+00
    -2.0087  19.113140    154.721 331.145833     696431   4435.484     575186  0.000e+00
    -2.0092  19.113552    154.964 331.145836     696444   4435.516     575266  0.000e+00
    -2.0092  19.108927    155.208 331.145839     696442   4435.164     575346  0.000e+00
    -2.0091  19.084623    155.464 331.145842     696440   4433.316     575430  0.000e+00
    -2.0092  19.127638    155.735 331.145845     696442   4436.586     575519  0.000e+00
    -2.0096  19.112834    155.976 331.145848     696452   4435.461     575598  0.000e+00
    -2.0093  19.111601    156.223 331.145851     696445   4435.367     575679  0.000e+00
    -2.0095  19.093616    156.475 331.145854     696450   4434.000     575762  0.000e+00
    -2.0097  19.124967    156.750 331.145856     696454   4436.383     575852  0.000e+00
    -2.0100  19.115971    156.990 331.145859     696460   4435.699     575931  0.000e+00
    -2.0100  19.118388    157.243 331.145862     696461   4435.883     576014  0.000e+00
    -2.0103  19.095364    157.505 331.145865     696467   4434.133     576100  0.000e+00
    -2.0102  19.131806    157.779 331.145868     696465   4436.902     576190  0.000e+00
    -2.0103  19.119314    158.008 331.145871     696467   4435.953     576265  0.000e+00
    -2.0105  19.112479    158.248 331.145874     696473   4435.434     576344  0.000e+00
    -2.0106  19.098655    158.516 331.145877     696475   4434.383     576432  0.000e+00
    -2.0108  19.133762    158.784 331.145880     696479   4437.051     576520  0.000e+00
    -2.0110  19.122812    159.022 331.145883     696483   4436.219     576598  0.000e+00
    -2.0109  19.117569    159.263 331.145885     696480   4435.820     576677  0.000e+00
    -2.0111  19.100866    159.537 331.145888     696486   4434.551     576767  0.000e+00
    -2.0111  19.136643    159.811 331.145891     696485   4437.270     576857  0.000e+00
    -2.0114  19.122505    160.046 331.145894     696491   4436.195     576934  0.000e+00
    -2.0114  19.117520    160.302 331.145897     696493   4435.816     577018  0.000e+00
    -2.0116  19.109862    160.576 331.145900     696496   4435.234     577108  0.000e+00
    -2.0118  19.140399    160.832 331.145903     696501   4437.555     577192  0.000e+00
    -2.0117  19.124564    161.069 331.145906     696499   4436.352     577270  0.000e+00
    -2.0120  19.123227    161.313 331.145909     696505   4436.250     577350  0.000e+00
    -2.0120  19.115517    161.569 331.145911     696506   4435.664     577434  0.000e+00
    -2.0123  19.151149    161.822 331.145914     696512   4438.371     577517  0.000e+00
    -2.0125  19.132277    162.050 331.145917     696517   4436.938     577592  0.000e+00
    -2.0126  19.124977    162.294 331.145920     696518   4436.383     577672  0.000e+00
    -2.0128  19.115365    162.562 331.145923     696522   4435.652     577760  0.000e+00
    -2.0129  19.159535    162.812 331.145926     696525   4439.008     577842  0.000e+00
    -2.0130  19.131971    163.046 331.145929     696528   4436.914     577919  0.000e+00
    -2.0132  19.127447    163.296 331.145932     696532   4436.570     578001  0.000e+00
    -2.0131  19.123232    163.558 331.145935     696530   4436.250     578087  0.000e+00
    -2.0133  19.154445    163.802 331.145938     696534   4438.621     578167  0.000e+00
    -2.0135  19.133155    164.039 331.145940     696539   4437.004     578245  0.000e+00
    -2.0136  19.133361    164.295 331.145943     696541   4437.020     578329  0.000e+00
    -2.0137  19.128683    164.557 331.145946     696542   4436.664     578415  0.000e+00
    -2.0136  19.161699    164.798 331.145949     696540   4439.172     578494  0.000e+00
    -2.0138  19.142155    165.036 331.145952     696545   4437.688     578572  0.000e+00
    -2.0138  19.134443    165.285 331.145955     696545   4437.102     578654  0.000e+00
    -2.0143  19.135780    165.544 331.145958     696556   4437.203     578739  0.000e+00
    -2.0142  19.169212    165.794 331.145961     696555   4439.742     578821  0.000e+00
    -2.0145  19.145397    166.019 331.145964     696560   4437.934     578895  0.000e+00
    -2.0145  19.139535    166.269 331.145966     696561   4437.488     578977  0.000e+00
    -2.0145  19.145655    166.525 331.145969     696561   4437.953     579061  0.000e+00
    -2.0148  19.175285    166.763 331.145972     696568   4440.203     579139  0.000e+00
    -2.0150  19.146530    166.985 331.145975     696571   4438.020     579212  0.000e+00
    -2.0150  19.145245    167.220 331.145978     696571   4437.922     579289  0.000e+00
    -2.0153  19.150954    167.473 331.145981     696578   4438.355     579372  0.000e+00
    -2.0153  19.185270    167.701 331.145984     696579   4440.961     579447  0.000e+00
