sbs/tests/resources/orca-test-data/SBE19plus/4794/4794_040_KiM.cnv
* Sea-Bird SBE19plus Data File:
* FileName = C:\Documents and Settings\stevens\Desktop\K131_2007\CTD\4794_040.hex
* Software Version 1.50
* Temperature SN =  4977
* Conductivity SN =  4977
* System UpLoad Time = Nov 27 2007 13:06:00
** K131 McMurdo SeaIce Work
** nov-dec 2007
** using chch plastic ctd
** times are local (NZ daylight savings)
# nquan = 8
# nvalues = 3411                                  
# units = specified
# name 0 = tv290C: Temperature [ITS-90, deg C]
# name 1 = c0mS/cm: Conductivity [mS/cm]
# name 2 = prdM: Pressure, Strain Gauge [db]
# name 3 = timeJ: Julian Days
# name 4 = f0: Frequency 0
# name 5 = f1: Frequency 1
# name 6 = f2: Frequency 2
# name 7 = flag:  0.000e+00
# span 0 =    -1.9517,    -1.6080                 
# span 1 =  -0.000433,  27.770376                 
# span 2 =     -0.278,    356.163                 
# span 3 = 331.506829, 331.516696                 
# span 4 =     687560,     695166                 
# span 5 =   2601.965,   5050.316                 
# span 6 =     524312,     641324                 
# span 7 = 0.0000e+00, 0.0000e+00                 
# interval = seconds: 0.25
# start_time = Nov 27 2007 12:09:50 [Instrument's time stamp, header]
# bad_flag = -9.990e-29
*END*
[from data line 3236]
    -1.9149  27.348509    338.656 331.516192     694349   5022.066     635575  0.000e+00
    -1.9151  27.347051    338.308 331.516195     694354   5021.969     635461  0.000e+00
    -1.9156  27.346234    337.952 331.516198     694365   5021.914     635344  0.000e+00
    -1.9160  27.344835    337.602 331.516201     694374   5021.820     635229  0.000e+00
    -1.9165  27.343843    337.249 331.516204     694384   5021.754     635113  0.000e+00
    -1.9171  27.342035    336.895 331.516207     694397   5021.633     634997  0.000e+00
    -1.9175  27.341743    336.545 331.516209     694406   5021.613     634882  0.000e+00
    -1.9182  27.339236    336.189 331.516212     694422   5021.445     634765  0.000e+00
    -1.9188  27.338303    335.833 331.516215     694434   5021.383     634648  0.000e+00
    -1.9192  27.337486    335.473 331.516218     694443   5021.328     634530  0.000e+00
    -1.9196  27.336960    335.114 331.516221     694453   5021.293     634412  0.000e+00
    -1.9201  27.335852    334.773 331.516224     694463   5021.219     634300  0.000e+00
    -1.9205  27.335385    334.453 331.516227     694472   5021.188     634195  0.000e+00
    -1.9206  27.334452    334.106 331.516230     694475   5021.125     634081  0.000e+00
    -1.9207  27.335092    333.768 331.516233     694477   5021.168     633970  0.000e+00
    -1.9210  27.334042    333.424 331.516236     694483   5021.098     633857  0.000e+00
    -1.9211  27.333866    333.076 331.516238     694487   5021.086     633743  0.000e+00
    -1.9211  27.333749    332.735 331.516241     694487   5021.078     633631  0.000e+00
    -1.9212  27.333865    332.385 331.516244     694489   5021.086     633516  0.000e+00
    -1.9213  27.334039    332.041 331.516247     694491   5021.098     633403  0.000e+00
    -1.9215  27.333571    331.688 331.516250     694495   5021.066     633287  0.000e+00
    -1.9216  27.333512    331.341 331.516253     694497   5021.063     633173  0.000e+00
    -1.9214  27.333511    330.981 331.516256     694493   5021.063     633055  0.000e+00
    -1.9215  27.332928    330.628 331.516259     694494   5021.023     632939  0.000e+00
    -1.9215  27.332635    330.272 331.516262     694494   5021.004     632822  0.000e+00
    -1.9217  27.331877    329.915 331.516264     694499   5020.953     632705  0.000e+00
    -1.9218  27.331876    329.568 331.516267     694502   5020.953     632591  0.000e+00
    -1.9219  27.331059    329.224 331.516270     694504   5020.898     632478  0.000e+00
    -1.9220  27.331117    328.877 331.516273     694506   5020.902     632364  0.000e+00
    -1.9219  27.330766    328.530 331.516276     694504   5020.879     632250  0.000e+00
    -1.9218  27.330823    328.180 331.516279     694502   5020.883     632135  0.000e+00
    -1.9219  27.330531    327.829 331.516282     694505   5020.863     632020  0.000e+00
    -1.9220  27.329889    327.482 331.516285     694507   5020.820     631906  0.000e+00
    -1.9223  27.329772    327.156 331.516288     694512   5020.813     631799  0.000e+00
    -1.9221  27.329479    326.812 331.516291     694509   5020.793     631686  0.000e+00
    -1.9223  27.329362    326.465 331.516293     694512   5020.785     631572  0.000e+00
    -1.9224  27.329769    326.130 331.516296     694514   5020.813     631462  0.000e+00
    -1.9223  27.328778    325.792 331.516299     694512   5020.746     631351  0.000e+00
    -1.9224  27.327903    325.451 331.516302     694515   5020.688     631239  0.000e+00
    -1.9225  27.328484    325.119 331.516305     694518   5020.727     631130  0.000e+00
    -1.9223  27.327901    324.781 331.516308     694513   5020.688     631019  0.000e+00
    -1.9225  27.327609    324.443 331.516311     694517   5020.668     630908  0.000e+00
    -1.9225  27.327957    324.123 331.516314     694518   5020.691     630803  0.000e+00
    -1.9225  27.327374    323.782 331.516317     694517   5020.652     630691  0.000e+00
    -1.9226  27.327082    323.441 331.516319     694519   5020.633     630579  0.000e+00
    -1.9227  27.326556    323.109 331.516322     694522   5020.598     630470  0.000e+00
    -1.9227  27.326847    322.774 331.516325     694521   5020.617     630360  0.000e+00
    -1.9228  27.325739    322.433 331.516328     694524   5020.543     630248  0.000e+00
    -1.9229  27.326262    322.104 331.516331     694527   5020.578     630140  0.000e+00
    -1.9229  27.325504    321.778 331.516334     694526   5020.527     630033  0.000e+00
    -1.9231  27.325386    321.437 331.516337     694531   5020.520     629921  0.000e+00
    -1.9232  27.325502    321.096 331.516340     694532   5020.527     629809  0.000e+00
    -1.9233  27.324685    320.758 331.516343     694535   5020.473     629698  0.000e+00
    -1.9234  27.323985    320.429 331.516345     694537   5020.426     629590  0.000e+00
    -1.9235  27.323635    320.094 331.516348     694539   5020.402     629480  0.000e+00
    -1.9236  27.324158    319.753 331.516351     694542   5020.438     629368  0.000e+00
    -1.9238  27.323691    319.424 331.516354     694547   5020.406     629260  0.000e+00
    -1.9236  27.322583    319.086 331.516357     694542   5020.332     629149  0.000e+00
    -1.9239  27.322291    318.751 331.516360     694548   5020.313     629039  0.000e+00
    -1.9242  27.322057    318.413 331.516363     694556   5020.297     628928  0.000e+00
    -1.9243  27.320716    318.087 331.516366     694557   5020.207     628821  0.000e+00
    -1.9247  27.320599    317.743 331.516369     694565   5020.199     628708  0.000e+00
    -1.9248  27.319899    317.399 331.516372     694569   5020.152     628595  0.000e+00
    -1.9252  27.319490    317.049 331.516374     694577   5020.125     628480  0.000e+00
    -1.9255  27.319081    316.714 331.516377     694584   5020.098     628370  0.000e+00
    -1.9258  27.317507    316.376 331.516380     694591   5019.992     628259  0.000e+00
    -1.9261  27.317798    316.028 331.516383     694596   5020.012     628145  0.000e+00
    -1.9262  27.316981    315.687 331.516386     694599   5019.957     628033  0.000e+00
    -1.9264  27.315524    315.343 331.516389     694604   5019.859     627920  0.000e+00
    -1.9268  27.315406    315.005 331.516392     694613   5019.852     627809  0.000e+00
    -1.9270  27.314881    314.640 331.516395     694618   5019.816     627689  0.000e+00
    -1.9273  27.314472    314.250 331.516398     694623   5019.789     627561  0.000e+00
    -1.9275  27.314064    313.887 331.516400     694629   5019.762     627442  0.000e+00
    -1.9276  27.313538    313.540 331.516403     694631   5019.727     627328  0.000e+00
    -1.9276  27.313596    313.193 331.516406     694631   5019.730     627214  0.000e+00
    -1.9280  27.312721    312.840 331.516409     694639   5019.672     627098  0.000e+00
    -1.9280  27.312196    312.490 331.516412     694640   5019.637     626983  0.000e+00
    -1.9279  27.312719    312.139 331.516415     694638   5019.672     626868  0.000e+00
    -1.9280  27.312718    311.783 331.516418     694640   5019.672     626751  0.000e+00
    -1.9282  27.311610    311.436 331.516421     694644   5019.598     626637  0.000e+00
    -1.9284  27.311376    311.092 331.516424     694649   5019.582     626524  0.000e+00
    -1.9285  27.310618    310.751 331.516427     694650   5019.531     626412  0.000e+00
    -1.9286  27.309627    310.413 331.516429     694653   5019.465     626301  0.000e+00
    -1.9289  27.309276    310.068 331.516432     694659   5019.441     626188  0.000e+00
    -1.9289  27.309276    309.715 331.516435     694659   5019.441     626072  0.000e+00
    -1.9289  27.309042    309.365 331.516438     694660   5019.426     625957  0.000e+00
    -1.9293  27.309274    309.021 331.516441     694669   5019.441     625844  0.000e+00
    -1.9293  27.308515    308.661 331.516444     694668   5019.391     625726  0.000e+00
    -1.9293  27.307932    308.311 331.516447     694668   5019.352     625611  0.000e+00
    -1.9295  27.306882    307.946 331.516450     694672   5019.281     625491  0.000e+00
    -1.9294  27.307930    307.605 331.516453     694671   5019.352     625379  0.000e+00
    -1.9297  27.307405    307.251 331.516455     694676   5019.316     625263  0.000e+00
    -1.9296  27.307113    306.889 331.516458     694675   5019.297     625144  0.000e+00
    -1.9297  27.306354    306.536 331.516461     694678   5019.246     625028  0.000e+00
    -1.9299  27.306587    306.182 331.516464     694681   5019.262     624912  0.000e+00
    -1.9299  27.305421    305.814 331.516467     694681   5019.184     624791  0.000e+00
    -1.9298  27.306060    305.458 331.516470     694679   5019.227     624674  0.000e+00
    -1.9301  27.305127    305.101 331.516473     694685   5019.164     624557  0.000e+00
    -1.9300  27.305534    304.730 331.516476     694684   5019.191     624435  0.000e+00
    -1.9300  27.305941    304.373 331.516479     694683   5019.219     624318  0.000e+00
    -1.9302  27.305241    304.011 331.516481     694688   5019.172     624199  0.000e+00
    -1.9302  27.303959    303.645 331.516484     694688   5019.086     624079  0.000e+00
    -1.9302  27.304016    303.292 331.516487     694687   5019.090     623963  0.000e+00
    -1.9306  27.303665    302.939 331.516490     694696   5019.066     623847  0.000e+00
    -1.9306  27.302849    302.580 331.516493     694696   5019.012     623729  0.000e+00
    -1.9306  27.303139    302.223 331.516496     694698   5019.031     623612  0.000e+00
    -1.9309  27.302090    301.873 331.516499     694703   5018.961     623497  0.000e+00
    -1.9310  27.302322    301.517 331.516502     694705   5018.977     623380  0.000e+00
    -1.9311  27.301447    301.154 331.516505     694707   5018.918     623261  0.000e+00
    -1.9313  27.301039    300.798 331.516508     694713   5018.891     623144  0.000e+00
    -1.9315  27.300863    300.429 331.516510     694717   5018.879     623023  0.000e+00
    -1.9316  27.300221    300.070 331.516513     694719   5018.836     622905  0.000e+00
    -1.9317  27.299405    299.714 331.516516     694722   5018.781     622788  0.000e+00
    -1.9319  27.300045    299.333 331.516519     694725   5018.824     622663  0.000e+00
    -1.9320  27.299694    298.968 331.516522     694727   5018.801     622543  0.000e+00
    -1.9321  27.298936    298.599 331.516525     694730   5018.750     622422  0.000e+00
    -1.9321  27.298353    298.243 331.516528     694731   5018.711     622305  0.000e+00
    -1.9324  27.298876    297.874 331.516531     694737   5018.746     622184  0.000e+00
    -1.9326  27.298351    297.478 331.516534     694742   5018.711     622054  0.000e+00
    -1.9325  27.296952    297.095 331.516536     694740   5018.617     621928  0.000e+00
    -1.9327  27.297417    296.726 331.516539     694743   5018.648     621807  0.000e+00
    -1.9326  27.296775    296.321 331.516542     694741   5018.605     621674  0.000e+00
    -1.9329  27.296949    295.943 331.516545     694748   5018.617     621550  0.000e+00
    -1.9332  27.296482    295.578 331.516548     694754   5018.586     621430  0.000e+00
    -1.9332  27.296073    295.212 331.516551     694754   5018.559     621310  0.000e+00
    -1.9333  27.295490    294.832 331.516554     694756   5018.520     621185  0.000e+00
    -1.9334  27.295023    294.418 331.516557     694760   5018.488     621049  0.000e+00
    -1.9335  27.295138    294.037 331.516560     694762   5018.496     620924  0.000e+00
    -1.9335  27.294555    293.653 331.516563     694761   5018.457     620798  0.000e+00
    -1.9335  27.294961    293.285 331.516565     694761   5018.484     620677  0.000e+00
    -1.9336  27.294320    292.916 331.516568     694763   5018.441     620556  0.000e+00
    -1.9336  27.293562    292.544 331.516571     694764   5018.391     620434  0.000e+00
    -1.9337  27.293561    292.173 331.516574     694766   5018.391     620312  0.000e+00
    -1.9339  27.293560    291.810 331.516577     694771   5018.391     620193  0.000e+00
    -1.9340  27.292569    291.442 331.516580     694773   5018.324     620072  0.000e+00
    -1.9341  27.292218    291.076 331.516583     694775   5018.301     619952  0.000e+00
    -1.9343  27.292159    290.726 331.516586     694779   5018.297     619837  0.000e+00
    -1.9342  27.292507    290.370 331.516589     694777   5018.320     619720  0.000e+00
    -1.9343  27.291808    290.004 331.516591     694779   5018.273     619600  0.000e+00
    -1.9342  27.291457    289.642 331.516594     694777   5018.250     619481  0.000e+00
    -1.9345  27.290466    289.280 331.516597     694783   5018.184     619362  0.000e+00
    -1.9348  27.289592    288.926 331.516600     694790   5018.125     619246  0.000e+00
    -1.9350  27.288775    288.564 331.516603     694794   5018.070     619127  0.000e+00
    -1.9353  27.287726    288.195 331.516606     694801   5018.000     619006  0.000e+00
    -1.9356  27.287201    287.845 331.516609     694807   5017.965     618891  0.000e+00
    -1.9361  27.286559    287.474 331.516612     694820   5017.922     618769  0.000e+00
    -1.9367  27.285860    287.111 331.516615     694832   5017.875     618650  0.000e+00
    -1.9370  27.285393    286.743 331.516617     694840   5017.844     618529  0.000e+00
    -1.9374  27.284518    286.371 331.516620     694849   5017.785     618407  0.000e+00
    -1.9377  27.283469    286.012 331.516623     694855   5017.715     618289  0.000e+00
    -1.9381  27.282304    285.652 331.516626     694863   5017.637     618171  0.000e+00
    -1.9386  27.281895    285.296 331.516629     694874   5017.609     618054  0.000e+00
    -1.9389  27.281195    284.940 331.516632     694881   5017.563     617937  0.000e+00
    -1.9393  27.280787    284.577 331.516635     694890   5017.535     617818  0.000e+00
    -1.9396  27.280786    284.215 331.516638     694896   5017.535     617699  0.000e+00
    -1.9398  27.279212    283.843 331.516641     694902   5017.430     617577  0.000e+00
    -1.9402  27.278455    283.478 331.516644     694911   5017.379     617457  0.000e+00
    -1.9405  27.277813    283.109 331.516646     694916   5017.336     617336  0.000e+00
    -1.9410  27.277346    282.744 331.516649     694927   5017.305     617216  0.000e+00
    -1.9411  27.276821    282.372 331.516652     694929   5017.270     617094  0.000e+00
    -1.9414  27.275830    282.001 331.516655     694936   5017.203     616972  0.000e+00
    -1.9417  27.274723    281.626 331.516658     694943   5017.129     616849  0.000e+00
    -1.9421  27.274140    281.264 331.516661     694953   5017.090     616730  0.000e+00
    -1.9423  27.274430    280.892 331.516664     694957   5017.109     616608  0.000e+00
    -1.9427  27.272857    280.530 331.516667     694965   5017.004     616489  0.000e+00
    -1.9429  27.272740    280.164 331.516670     694970   5016.996     616369  0.000e+00
    -1.9430  27.272855    279.805 331.516672     694972   5017.004     616251  0.000e+00
    -1.9431  27.272446    279.436 331.516675     694974   5016.977     616130  0.000e+00
    -1.9432  27.272329    279.071 331.516678     694976   5016.969     616010  0.000e+00
    -1.9433  27.272037    278.708 331.516681     694979   5016.949     615891  0.000e+00
    -1.9433  27.271628    278.343 331.516684     694978   5016.922     615771  0.000e+00
    -1.9433  27.271278    277.977 331.516687     694978   5016.898     615651  0.000e+00
    -1.9434  27.271627    277.603 331.516690     694981   5016.922     615528  0.000e+00
    -1.9434  27.270170    277.240 331.516693     694981   5016.824     615409  0.000e+00
    -1.9435  27.270169    276.869 331.516696     694984   5016.824     615287  0.000e+00
