sbs/tests/resources/orca-test-data/SBE19plus/4794/4794_039_KiM.cnv
* Sea-Bird SBE19plus Data File:
* FileName = C:\Documents and Settings\stevens\Desktop\K131_2007\CTD\4794_039.hex
* Software Version 1.50
* Temperature SN =  4977
* Conductivity SN =  4977
* System UpLoad Time = Nov 27 2007 11:53:27
** K131 McMurdo SeaIce Work
** nov-dec 2007
** using chch plastic ctd
** times are local (NZ daylight savings)
# nquan = 8
# nvalues = 8534                                  
# units = specified
# name 0 = tv290C: Temperature [ITS-90, deg C]
# name 1 = c0mS/cm: Conductivity [mS/cm]
# name 2 = prdM: Pressure, Strain Gauge [db]
# name 3 = timeJ: Julian Days
# name 4 = f0: Frequency 0
# name 5 = f1: Frequency 1
# name 6 = f2: Frequency 2
# name 7 = flag:  0.000e+00
# span 0 =    -1.9528,    -1.8501                 
# span 1 =  -0.000914,  27.446921                 
# span 2 =     -0.277,    354.403                 
# span 3 = 331.467870, 331.492561                 
# span 4 =     692911,     695189                 
# span 5 =   2601.902,   5028.715                 
# span 6 =     524313,     640746                 
# span 7 = 0.0000e+00, 0.0000e+00                 
# interval = seconds: 0.25
# start_time = Nov 27 2007 11:13:44 [Instrument's time stamp, header]
# bad_flag = -9.990e-29
*END*
[from data line 3236]
    -1.9154  27.356405    348.738 331.477234     694360   5022.594     638886  0.000e+00
    -1.9153  27.356930    348.732 331.477237     694358   5022.629     638884  0.000e+00
    -1.9151  27.356988    348.729 331.477240     694353   5022.633     638883  0.000e+00
    -1.9151  27.356638    348.726 331.477242     694353   5022.609     638882  0.000e+00
    -1.9150  27.357221    348.717 331.477245     694351   5022.648     638879  0.000e+00
    -1.9151  27.356405    348.717 331.477248     694353   5022.594     638879  0.000e+00
    -1.9151  27.356930    348.705 331.477251     694352   5022.629     638875  0.000e+00
    -1.9151  27.356930    348.705 331.477254     694354   5022.629     638875  0.000e+00
    -1.9150  27.356697    348.699 331.477257     694350   5022.613     638873  0.000e+00
    -1.9150  27.356930    348.702 331.477260     694351   5022.629     638874  0.000e+00
    -1.9150  27.356988    348.690 331.477263     694350   5022.633     638870  0.000e+00
    -1.9150  27.357221    348.687 331.477266     694351   5022.648     638869  0.000e+00
    -1.9149  27.357454    348.681 331.477269     694349   5022.664     638867  0.000e+00
    -1.9149  27.357571    348.684 331.477271     694348   5022.672     638868  0.000e+00
    -1.9148  27.357746    348.671 331.477274     694346   5022.684     638864  0.000e+00
    -1.9148  27.357746    348.674 331.477277     694346   5022.684     638865  0.000e+00
    -1.9147  27.358096    348.662 331.477280     694344   5022.707     638861  0.000e+00
    -1.9146  27.357221    348.659 331.477283     694342   5022.648     638860  0.000e+00
    -1.9146  27.358096    348.659 331.477286     694341   5022.707     638860  0.000e+00
    -1.9144  27.357454    348.650 331.477289     694338   5022.664     638857  0.000e+00
    -1.9146  27.357746    348.647 331.477292     694341   5022.684     638856  0.000e+00
    -1.9147  27.357862    348.647 331.477295     694344   5022.691     638856  0.000e+00
    -1.9146  27.357454    348.638 331.477297     694343   5022.664     638853  0.000e+00
    -1.9145  27.357979    348.635 331.477300     694339   5022.699     638852  0.000e+00
    -1.9146  27.357571    348.635 331.477303     694341   5022.672     638852  0.000e+00
    -1.9145  27.357746    348.632 331.477306     694340   5022.684     638851  0.000e+00
    -1.9144  27.357862    348.623 331.477309     694338   5022.691     638848  0.000e+00
    -1.9145  27.357454    348.614 331.477312     694339   5022.664     638845  0.000e+00
    -1.9146  27.357746    348.614 331.477315     694341   5022.684     638845  0.000e+00
    -1.9146  27.357571    348.607 331.477318     694341   5022.672     638843  0.000e+00
    -1.9146  27.357746    348.607 331.477321     694341   5022.684     638843  0.000e+00
    -1.9146  27.357862    348.604 331.477323     694342   5022.691     638842  0.000e+00
    -1.9145  27.357746    348.595 331.477326     694340   5022.684     638839  0.000e+00
    -1.9146  27.357979    348.595 331.477329     694342   5022.699     638839  0.000e+00
    -1.9146  27.357279    348.583 331.477332     694341   5022.652     638835  0.000e+00
    -1.9145  27.357454    348.583 331.477335     694339   5022.664     638835  0.000e+00
    -1.9146  27.357454    348.580 331.477338     694341   5022.664     638834  0.000e+00
    -1.9146  27.357571    348.574 331.477341     694342   5022.672     638832  0.000e+00
    -1.9146  27.357454    348.565 331.477344     694343   5022.664     638829  0.000e+00
    -1.9147  27.357571    348.565 331.477347     694345   5022.672     638829  0.000e+00
    -1.9146  27.357454    348.562 331.477350     694342   5022.664     638828  0.000e+00
    -1.9146  27.356113    348.556 331.477352     694341   5022.574     638826  0.000e+00
    -1.9147  27.355880    348.556 331.477355     694345   5022.559     638826  0.000e+00
    -1.9151  27.357221    348.550 331.477358     694352   5022.648     638824  0.000e+00
    -1.9151  27.357745    348.547 331.477361     694352   5022.684     638823  0.000e+00
    -1.9151  27.357862    348.540 331.477364     694352   5022.691     638821  0.000e+00
    -1.9150  27.356929    348.537 331.477367     694350   5022.629     638820  0.000e+00
    -1.9148  27.356988    348.534 331.477370     694346   5022.633     638819  0.000e+00
    -1.9149  27.356929    348.528 331.477373     694349   5022.629     638817  0.000e+00
    -1.9149  27.356929    348.522 331.477376     694349   5022.629     638815  0.000e+00
    -1.9151  27.356171    348.522 331.477378     694352   5022.578     638815  0.000e+00
    -1.9150  27.356929    348.516 331.477381     694351   5022.629     638813  0.000e+00
    -1.9150  27.356405    348.510 331.477384     694351   5022.594     638811  0.000e+00
    -1.9150  27.356405    348.507 331.477387     694351   5022.594     638810  0.000e+00
    -1.9151  27.355588    348.501 331.477390     694354   5022.539     638808  0.000e+00
    -1.9151  27.355880    348.504 331.477393     694354   5022.559     638809  0.000e+00
    -1.9151  27.355880    348.495 331.477396     694353   5022.559     638806  0.000e+00
    -1.9152  27.355880    348.495 331.477399     694355   5022.559     638806  0.000e+00
    -1.9153  27.356171    348.489 331.477402     694357   5022.578     638804  0.000e+00
    -1.9154  27.355880    348.483 331.477405     694359   5022.559     638802  0.000e+00
    -1.9154  27.355297    348.480 331.477407     694360   5022.520     638801  0.000e+00
    -1.9155  27.355588    348.470 331.477410     694362   5022.539     638798  0.000e+00
    -1.9157  27.355588    348.467 331.477413     694366   5022.539     638797  0.000e+00
    -1.9157  27.355005    348.461 331.477416     694367   5022.500     638795  0.000e+00
    -1.9157  27.354772    348.458 331.477419     694366   5022.484     638794  0.000e+00
    -1.9158  27.355355    348.458 331.477422     694368   5022.523     638794  0.000e+00
    -1.9159  27.356171    348.449 331.477425     694370   5022.578     638791  0.000e+00
    -1.9157  27.355880    348.449 331.477428     694366   5022.559     638791  0.000e+00
    -1.9157  27.355588    348.443 331.477431     694366   5022.539     638789  0.000e+00
    -1.9156  27.355355    348.440 331.477433     694364   5022.523     638788  0.000e+00
    -1.9156  27.354772    348.431 331.477436     694364   5022.484     638785  0.000e+00
    -1.9155  27.355588    348.425 331.477439     694362   5022.539     638783  0.000e+00
    -1.9156  27.355880    348.428 331.477442     694365   5022.559     638784  0.000e+00
    -1.9157  27.356171    348.422 331.477445     694367   5022.578     638782  0.000e+00
    -1.9156  27.355588    348.416 331.477448     694364   5022.539     638780  0.000e+00
    -1.9156  27.355064    348.410 331.477451     694363   5022.504     638778  0.000e+00
    -1.9157  27.355880    348.406 331.477454     694366   5022.559     638777  0.000e+00
    -1.9157  27.355880    348.406 331.477457     694366   5022.559     638777  0.000e+00
    -1.9156  27.355880    348.397 331.477459     694363   5022.559     638774  0.000e+00
    -1.9156  27.355005    348.394 331.477462     694364   5022.500     638773  0.000e+00
    -1.9157  27.355064    348.391 331.477465     694367   5022.504     638772  0.000e+00
    -1.9156  27.355297    348.388 331.477468     694363   5022.520     638771  0.000e+00
    -1.9156  27.355355    348.382 331.477471     694365   5022.523     638769  0.000e+00
    -1.9157  27.356113    348.373 331.477474     694367   5022.574     638766  0.000e+00
    -1.9157  27.356696    348.373 331.477477     694366   5022.613     638766  0.000e+00
    -1.9156  27.356113    348.364 331.477480     694363   5022.574     638763  0.000e+00
    -1.9155  27.356404    348.367 331.477483     694362   5022.594     638764  0.000e+00
    -1.9154  27.356696    348.367 331.477486     694359   5022.613     638764  0.000e+00
    -1.9155  27.355880    348.358 331.477488     694362   5022.559     638761  0.000e+00
    -1.9155  27.355297    348.355 331.477491     694362   5022.520     638760  0.000e+00
    -1.9157  27.356404    348.355 331.477494     694367   5022.594     638760  0.000e+00
    -1.9156  27.355880    348.349 331.477497     694364   5022.559     638758  0.000e+00
    -1.9157  27.356404    348.343 331.477500     694366   5022.594     638756  0.000e+00
    -1.9156  27.355880    348.336 331.477503     694365   5022.559     638754  0.000e+00
    -1.9154  27.356171    348.330 331.477506     694360   5022.578     638752  0.000e+00
    -1.9154  27.355880    348.333 331.477509     694360   5022.559     638753  0.000e+00
    -1.9153  27.356929    348.324 331.477512     694358   5022.629     638750  0.000e+00
    -1.9153  27.356171    348.324 331.477514     694358   5022.578     638750  0.000e+00
    -1.9152  27.356637    348.318 331.477517     694356   5022.609     638748  0.000e+00
    -1.9151  27.356113    348.312 331.477520     694353   5022.574     638746  0.000e+00
    -1.9152  27.356696    348.309 331.477523     694356   5022.613     638745  0.000e+00
    -1.9153  27.356929    348.306 331.477526     694357   5022.629     638744  0.000e+00
    -1.9151  27.355879    348.297 331.477529     694353   5022.559     638741  0.000e+00
    -1.9151  27.356637    348.297 331.477532     694352   5022.609     638741  0.000e+00
    -1.9152  27.357220    348.291 331.477535     694355   5022.648     638739  0.000e+00
    -1.9150  27.357278    348.288 331.477538     694350   5022.652     638738  0.000e+00
    -1.9150  27.357978    348.282 331.477541     694351   5022.699     638736  0.000e+00
    -1.9150  27.357220    348.276 331.477543     694350   5022.648     638734  0.000e+00
    -1.9149  27.356987    348.272 331.477546     694349   5022.633     638733  0.000e+00
    -1.9149  27.356637    348.266 331.477549     694349   5022.609     638731  0.000e+00
    -1.9150  27.356171    348.269 331.477552     694350   5022.578     638732  0.000e+00
    -1.9153  27.356404    348.260 331.477555     694358   5022.594     638729  0.000e+00
    -1.9153  27.356404    348.257 331.477558     694357   5022.594     638728  0.000e+00
    -1.9153  27.355879    348.257 331.477561     694357   5022.559     638728  0.000e+00
    -1.9153  27.355355    348.251 331.477564     694358   5022.523     638726  0.000e+00
    -1.9155  27.354713    348.242 331.477567     694362   5022.480     638723  0.000e+00
    -1.9158  27.354247    348.245 331.477569     694368   5022.449     638724  0.000e+00
    -1.9160  27.353722    348.236 331.477572     694372   5022.414     638721  0.000e+00
    -1.9160  27.354480    348.230 331.477575     694374   5022.465     638719  0.000e+00
    -1.9161  27.353722    348.230 331.477578     694376   5022.414     638719  0.000e+00
    -1.9162  27.354014    348.224 331.477581     694378   5022.434     638717  0.000e+00
    -1.9163  27.353606    348.215 331.477584     694379   5022.406     638714  0.000e+00
    -1.9163  27.353722    348.209 331.477587     694380   5022.414     638712  0.000e+00
    -1.9165  27.354189    348.212 331.477590     694383   5022.445     638713  0.000e+00
    -1.9164  27.354247    348.205 331.477593     694382   5022.449     638711  0.000e+00
    -1.9163  27.354538    348.196 331.477595     694379   5022.469     638708  0.000e+00
    -1.9160  27.356171    348.196 331.477598     694374   5022.578     638708  0.000e+00
    -1.9156  27.356928    348.193 331.477601     694365   5022.629     638707  0.000e+00
    -1.9155  27.356637    348.187 331.477604     694361   5022.609     638705  0.000e+00
    -1.9154  27.356171    348.181 331.477607     694360   5022.578     638703  0.000e+00
    -1.9153  27.355588    348.181 331.477610     694357   5022.539     638703  0.000e+00
    -1.9153  27.356171    348.178 331.477613     694357   5022.578     638702  0.000e+00
    -1.9151  27.356404    348.166 331.477616     694354   5022.594     638698  0.000e+00
    -1.9150  27.357220    348.169 331.477619     694350   5022.648     638699  0.000e+00
    -1.9149  27.356404    348.160 331.477622     694349   5022.594     638696  0.000e+00
    -1.9149  27.356637    348.160 331.477624     694349   5022.609     638696  0.000e+00
    -1.9149  27.356170    348.157 331.477627     694349   5022.578     638695  0.000e+00
    -1.9148  27.356637    348.148 331.477630     694347   5022.609     638692  0.000e+00
    -1.9148  27.356404    348.151 331.477633     694346   5022.594     638693  0.000e+00
    -1.9148  27.356987    348.142 331.477636     694347   5022.633     638690  0.000e+00
    -1.9148  27.356112    348.135 331.477639     694347   5022.574     638688  0.000e+00
    -1.9148  27.357744    348.135 331.477642     694346   5022.684     638688  0.000e+00
    -1.9147  27.356404    348.129 331.477645     694344   5022.594     638686  0.000e+00
    -1.9149  27.357220    348.126 331.477648     694348   5022.648     638685  0.000e+00
    -1.9148  27.356987    348.120 331.477650     694347   5022.633     638683  0.000e+00
    -1.9148  27.356637    348.114 331.477653     694346   5022.609     638681  0.000e+00
    -1.9149  27.356404    348.111 331.477656     694349   5022.594     638680  0.000e+00
    -1.9150  27.356404    348.102 331.477659     694350   5022.594     638677  0.000e+00
    -1.9149  27.357453    348.108 331.477662     694348   5022.664     638679  0.000e+00
    -1.9150  27.356637    348.099 331.477665     694351   5022.609     638676  0.000e+00
    -1.9150  27.356986    348.093 331.477668     694350   5022.633     638674  0.000e+00
    -1.9149  27.357453    348.093 331.477671     694348   5022.664     638674  0.000e+00
    -1.9147  27.357861    348.081 331.477674     694344   5022.691     638670  0.000e+00
    -1.9148  27.357977    348.078 331.477677     694346   5022.699     638669  0.000e+00
    -1.9146  27.357744    348.078 331.477679     694343   5022.684     638669  0.000e+00
    -1.9147  27.357569    348.071 331.477682     694345   5022.672     638667  0.000e+00
    -1.9147  27.357453    348.065 331.477685     694344   5022.664     638665  0.000e+00
    -1.9146  27.357569    348.062 331.477688     694343   5022.672     638664  0.000e+00
    -1.9146  27.357219    348.056 331.477691     694341   5022.648     638662  0.000e+00
    -1.9145  27.356928    348.053 331.477694     694340   5022.629     638661  0.000e+00
    -1.9146  27.357861    348.056 331.477697     694342   5022.691     638662  0.000e+00
    -1.9146  27.357453    348.050 331.477700     694341   5022.664     638660  0.000e+00
    -1.9146  27.356403    348.044 331.477703     694342   5022.594     638658  0.000e+00
    -1.9147  27.356403    348.038 331.477705     694345   5022.594     638656  0.000e+00
    -1.9149  27.356637    348.032 331.477708     694348   5022.609     638654  0.000e+00
    -1.9150  27.357278    348.029 331.477711     694350   5022.652     638653  0.000e+00
    -1.9149  27.357219    348.029 331.477714     694348   5022.648     638653  0.000e+00
    -1.9149  27.357219    348.020 331.477717     694348   5022.648     638650  0.000e+00
    -1.9147  27.358094    348.017 331.477720     694345   5022.707     638649  0.000e+00
    -1.9148  27.356928    348.014 331.477723     694346   5022.629     638648  0.000e+00
    -1.9146  27.357219    348.011 331.477726     694343   5022.648     638647  0.000e+00
    -1.9146  27.356695    348.001 331.477729     694343   5022.613     638644  0.000e+00
    -1.9146  27.357744    348.001 331.477731     694342   5022.684     638644  0.000e+00
    -1.9146  27.357569    347.986 331.477734     694343   5022.672     638639  0.000e+00
    -1.9145  27.357744    347.986 331.477737     694339   5022.684     638639  0.000e+00
    -1.9144  27.357977    347.989 331.477740     694337   5022.699     638640  0.000e+00
    -1.9144  27.357278    347.980 331.477743     694338   5022.652     638637  0.000e+00
    -1.9144  27.357977    347.974 331.477746     694337   5022.699     638635  0.000e+00
    -1.9146  27.357861    347.965 331.477749     694341   5022.691     638632  0.000e+00
