sbs/tests/resources/orca-test-data/SBE19plus/4794/4794_039_KiM.cnv
* Sea-Bird SBE19plus Data File:
* FileName = C:\Documents and Settings\stevens\Desktop\K131_2007\CTD\4794_039.hex
* Software Version 1.50
* Temperature SN =  4977
* Conductivity SN =  4977
* System UpLoad Time = Nov 27 2007 11:53:27
** K131 McMurdo SeaIce Work
** nov-dec 2007
** using chch plastic ctd
** times are local (NZ daylight savings)
# nquan = 8
# nvalues = 8534                                  
# units = specified
# name 0 = tv290C: Temperature [ITS-90, deg C]
# name 1 = c0mS/cm: Conductivity [mS/cm]
# name 2 = prdM: Pressure, Strain Gauge [db]
# name 3 = timeJ: Julian Days
# name 4 = f0: Frequency 0
# name 5 = f1: Frequency 1
# name 6 = f2: Frequency 2
# name 7 = flag:  0.000e+00
# span 0 =    -1.9528,    -1.8501                 
# span 1 =  -0.000914,  27.446921                 
# span 2 =     -0.277,    354.403                 
# span 3 = 331.467870, 331.492561                 
# span 4 =     692911,     695189                 
# span 5 =   2601.902,   5028.715                 
# span 6 =     524313,     640746                 
# span 7 = 0.0000e+00, 0.0000e+00                 
# interval = seconds: 0.25
# start_time = Nov 27 2007 11:13:44 [Instrument's time stamp, header]
# bad_flag = -9.990e-29
*END*
[from data line 5394]
    -1.9485  27.176381    102.974 331.483478     695094   5010.559     558200  0.000e+00
    -1.9483  27.176091    103.248 331.483481     695090   5010.539     558290  0.000e+00
    -1.9483  27.176499    103.473 331.483484     695090   5010.566     558364  0.000e+00
    -1.9482  27.176906    103.714 331.483487     695088   5010.594     558443  0.000e+00
    -1.9483  27.176791    103.952 331.483490     695091   5010.586     558521  0.000e+00
    -1.9483  27.177955    104.214 331.483492     695091   5010.664     558607  0.000e+00
    -1.9483  27.177083    104.433 331.483495     695090   5010.605     558679  0.000e+00
    -1.9483  27.177432    104.659 331.483498     695091   5010.629     558753  0.000e+00
    -1.9483  27.177956    104.890 331.483501     695089   5010.664     558829  0.000e+00
    -1.9482  27.177608    105.134 331.483504     695088   5010.641     558909  0.000e+00
    -1.9483  27.177143    105.356 331.483507     695089   5010.609     558982  0.000e+00
    -1.9483  27.178481    105.576 331.483510     695091   5010.699     559054  0.000e+00
    -1.9483  27.178191    105.795 331.483513     695091   5010.680     559126  0.000e+00
    -1.9483  27.178483    106.036 331.483516     695089   5010.699     559205  0.000e+00
    -1.9483  27.177960    106.258 331.483519     695090   5010.664     559278  0.000e+00
    -1.9483  27.177960    106.474 331.483521     695089   5010.664     559349  0.000e+00
    -1.9483  27.178194    106.697 331.483524     695089   5010.680     559422  0.000e+00
    -1.9483  27.179532    106.916 331.483527     695091   5010.770     559494  0.000e+00
    -1.9483  27.178776    107.163 331.483530     695091   5010.719     559575  0.000e+00
    -1.9483  27.178486    107.364 331.483533     695090   5010.699     559641  0.000e+00
    -1.9484  27.178777    107.583 331.483536     695092   5010.719     559713  0.000e+00
    -1.9483  27.178778    107.787 331.483539     695091   5010.719     559780  0.000e+00
    -1.9483  27.178197    108.037 331.483542     695090   5010.680     559862  0.000e+00
    -1.9483  27.179012    108.241 331.483545     695090   5010.734     559929  0.000e+00
    -1.9483  27.179303    108.448 331.483547     695090   5010.754     559997  0.000e+00
    -1.9483  27.179304    108.653 331.483550     695091   5010.754     560064  0.000e+00
    -1.9482  27.180060    108.875 331.483553     695088   5010.805     560137  0.000e+00
    -1.9482  27.179596    109.103 331.483556     695087   5010.773     560212  0.000e+00
    -1.9483  27.179305    109.295 331.483559     695090   5010.754     560275  0.000e+00
    -1.9482  27.179829    109.503 331.483562     695088   5010.789     560343  0.000e+00
    -1.9482  27.179306    109.707 331.483565     695088   5010.754     560410  0.000e+00
    -1.9482  27.180063    109.935 331.483568     695088   5010.805     560485  0.000e+00
    -1.9483  27.179307    110.133 331.483571     695089   5010.754     560550  0.000e+00
    -1.9483  27.179831    110.337 331.483573     695090   5010.789     560617  0.000e+00
    -1.9483  27.179890    110.526 331.483576     695090   5010.793     560679  0.000e+00
    -1.9484  27.180065    110.746 331.483579     695092   5010.805     560751  0.000e+00
    -1.9483  27.180589    110.962 331.483582     695090   5010.840     560822  0.000e+00
    -1.9482  27.179601    111.154 331.483585     695088   5010.773     560885  0.000e+00
    -1.9482  27.180590    111.349 331.483588     695088   5010.840     560949  0.000e+00
    -1.9482  27.180707    111.535 331.483591     695087   5010.848     561010  0.000e+00
    -1.9483  27.180882    111.739 331.483594     695089   5010.859     561077  0.000e+00
    -1.9482  27.180708    111.937 331.483597     695088   5010.848     561142  0.000e+00
    -1.9482  27.180069    112.113 331.483600     695088   5010.805     561200  0.000e+00
    -1.9483  27.181407    112.296 331.483602     695089   5010.895     561260  0.000e+00
    -1.9482  27.180186    112.464 331.483605     695088   5010.813     561315  0.000e+00
    -1.9483  27.181698    112.677 331.483608     695091   5010.914     561385  0.000e+00
    -1.9482  27.180710    112.863 331.483611     695087   5010.848     561446  0.000e+00
    -1.9482  27.180885    113.034 331.483614     695087   5010.859     561502  0.000e+00
    -1.9483  27.181293    113.207 331.483617     695089   5010.887     561559  0.000e+00
    -1.9483  27.181119    113.375 331.483620     695089   5010.875     561614  0.000e+00
    -1.9482  27.181410    113.567 331.483623     695088   5010.895     561677  0.000e+00
    -1.9483  27.182108    113.765 331.483626     695090   5010.941     561742  0.000e+00
    -1.9483  27.181702    113.926 331.483628     695090   5010.914     561795  0.000e+00
    -1.9482  27.181004    114.091 331.483631     695087   5010.867     561849  0.000e+00
    -1.9482  27.181935    114.240 331.483634     695088   5010.930     561898  0.000e+00
    -1.9482  27.182110    114.423 331.483637     695087   5010.941     561958  0.000e+00
    -1.9483  27.181703    114.615 331.483640     695089   5010.914     562021  0.000e+00
    -1.9481  27.181413    114.773 331.483643     695086   5010.895     562073  0.000e+00
    -1.9481  27.181821    114.941 331.483646     695086   5010.922     562128  0.000e+00
    -1.9482  27.182461    115.102 331.483649     695088   5010.965     562181  0.000e+00
    -1.9481  27.182112    115.261 331.483652     695086   5010.941     562233  0.000e+00
    -1.9481  27.181706    115.453 331.483655     695086   5010.914     562296  0.000e+00
    -1.9483  27.182986    115.638 331.483657     695089   5011.000     562357  0.000e+00
    -1.9482  27.182404    115.803 331.483660     695088   5010.961     562411  0.000e+00
    -1.9483  27.182754    115.967 331.483663     695089   5010.984     562465  0.000e+00
    -1.9481  27.182987    116.144 331.483666     695086   5011.000     562523  0.000e+00
    -1.9481  27.182464    116.330 331.483669     695086   5010.965     562584  0.000e+00
    -1.9483  27.182697    116.534 331.483672     695089   5010.980     562651  0.000e+00
    -1.9481  27.183279    116.699 331.483675     695086   5011.020     562705  0.000e+00
    -1.9482  27.182756    116.872 331.483678     695088   5010.984     562762  0.000e+00
    -1.9481  27.183222    117.034 331.483681     695086   5011.016     562815  0.000e+00
    -1.9482  27.182990    117.213 331.483683     695087   5011.000     562874  0.000e+00
    -1.9482  27.183223    117.415 331.483686     695087   5011.016     562940  0.000e+00
    -1.9481  27.183281    117.588 331.483689     695086   5011.020     562997  0.000e+00
    -1.9482  27.183805    117.753 331.483692     695087   5011.055     563051  0.000e+00
    -1.9483  27.183282    117.908 331.483695     695089   5011.020     563102  0.000e+00
    -1.9482  27.183806    118.069 331.483698     695087   5011.055     563155  0.000e+00
    -1.9481  27.183807    118.265 331.483701     695086   5011.055     563219  0.000e+00
    -1.9483  27.183516    118.438 331.483704     695089   5011.035     563276  0.000e+00
    -1.9482  27.183517    118.603 331.483707     695088   5011.035     563330  0.000e+00
    -1.9483  27.183808    118.758 331.483709     695091   5011.055     563381  0.000e+00
    -1.9483  27.183517    118.907 331.483712     695089   5011.035     563430  0.000e+00
    -1.9483  27.184041    119.075 331.483715     695089   5011.070     563485  0.000e+00
    -1.9482  27.183286    119.267 331.483718     695088   5011.020     563548  0.000e+00
    -1.9483  27.183810    119.425 331.483721     695090   5011.055     563600  0.000e+00
    -1.9484  27.184333    119.584 331.483724     695093   5011.090     563652  0.000e+00
    -1.9482  27.184101    119.742 331.483727     695087   5011.074     563704  0.000e+00
    -1.9481  27.184043    119.897 331.483730     695086   5011.070     563755  0.000e+00
    -1.9482  27.184684    120.083 331.483733     695088   5011.113     563816  0.000e+00
    -1.9482  27.184859    120.272 331.483736     695088   5011.125     563878  0.000e+00
    -1.9482  27.184568    120.428 331.483738     695088   5011.105     563929  0.000e+00
    -1.9482  27.184685    120.583 331.483741     695088   5011.113     563980  0.000e+00
    -1.9482  27.184336    120.738 331.483744     695088   5011.090     564031  0.000e+00
    -1.9482  27.185209    120.909 331.483747     695087   5011.148     564087  0.000e+00
    -1.9483  27.185384    121.104 331.483750     695089   5011.160     564151  0.000e+00
    -1.9482  27.184919    121.268 331.483753     695087   5011.129     564205  0.000e+00
    -1.9481  27.185385    121.430 331.483756     695086   5011.160     564258  0.000e+00
    -1.9483  27.184571    121.582 331.483759     695089   5011.105     564308  0.000e+00
    -1.9482  27.184921    121.744 331.483762     695087   5011.129     564361  0.000e+00
    -1.9481  27.184572    121.929 331.483764     695086   5011.105     564422  0.000e+00
    -1.9481  27.184689    122.115 331.483767     695086   5011.113     564483  0.000e+00
    -1.9481  27.185155    122.283 331.483770     695086   5011.145     564538  0.000e+00
    -1.9481  27.185213    122.447 331.483773     695086   5011.148     564592  0.000e+00
    -1.9481  27.186202    122.615 331.483776     695086   5011.215     564647  0.000e+00
    -1.9482  27.186203    122.792 331.483779     695087   5011.215     564705  0.000e+00
    -1.9481  27.185215    122.990 331.483782     695086   5011.148     564770  0.000e+00
    -1.9482  27.185913    123.172 331.483785     695088   5011.195     564830  0.000e+00
    -1.9481  27.186902    123.352 331.483788     695085   5011.262     564889  0.000e+00
    -1.9482  27.185391    123.523 331.483791     695088   5011.160     564945  0.000e+00
    -1.9482  27.185914    123.721 331.483793     695087   5011.195     565010  0.000e+00
    -1.9481  27.186090    123.937 331.483796     695085   5011.207     565081  0.000e+00
    -1.9481  27.186730    124.129 331.483799     695086   5011.250     565144  0.000e+00
    -1.9482  27.186091    124.333 331.483802     695087   5011.207     565211  0.000e+00
    -1.9482  27.186440    124.531 331.483805     695088   5011.230     565276  0.000e+00
    -1.9481  27.186615    124.735 331.483808     695086   5011.242     565343  0.000e+00
    -1.9481  27.186732    124.979 331.483811     695085   5011.250     565423  0.000e+00
    -1.9481  27.187779    125.186 331.483814     695086   5011.320     565491  0.000e+00
    -1.9481  27.187198    125.406 331.483817     695085   5011.281     565563  0.000e+00
    -1.9481  27.187257    125.622 331.483819     695086   5011.285     565634  0.000e+00
    -1.9481  27.187200    125.859 331.483822     695085   5011.281     565712  0.000e+00
    -1.9482  27.186968    126.088 331.483825     695087   5011.266     565787  0.000e+00
    -1.9481  27.187492    126.298 331.483828     695086   5011.301     565856  0.000e+00
    -1.9482  27.186969    126.517 331.483831     695088   5011.266     565928  0.000e+00
    -1.9482  27.187493    126.743 331.483834     695088   5011.301     566002  0.000e+00
    -1.9482  27.187493    126.987 331.483837     695087   5011.301     566082  0.000e+00
    -1.9482  27.188017    127.185 331.483840     695087   5011.336     566147  0.000e+00
    -1.9482  27.187727    127.416 331.483843     695087   5011.316     566223  0.000e+00
    -1.9482  27.188833    127.639 331.483845     695088   5011.391     566296  0.000e+00
    -1.9481  27.187496    127.901 331.483848     695086   5011.301     566382  0.000e+00
    -1.9482  27.188601    128.141 331.483851     695087   5011.375     566461  0.000e+00
    -1.9482  27.188311    128.370 331.483854     695088   5011.355     566536  0.000e+00
    -1.9482  27.188603    128.623 331.483857     695087   5011.375     566619  0.000e+00
    -1.9482  27.188603    128.891 331.483860     695087   5011.375     566707  0.000e+00
    -1.9482  27.188895    129.147 331.483863     695088   5011.395     566791  0.000e+00
    -1.9482  27.189128    129.387 331.483866     695088   5011.410     566870  0.000e+00
    -1.9483  27.188896    129.661 331.483869     695090   5011.395     566960  0.000e+00
    -1.9483  27.188606    129.936 331.483872     695089   5011.375     567050  0.000e+00
    -1.9482  27.188316    130.189 331.483874     695088   5011.355     567133  0.000e+00
    -1.9483  27.189131    130.450 331.483877     695090   5011.410     567219  0.000e+00
    -1.9482  27.189655    130.716 331.483880     695088   5011.445     567306  0.000e+00
    -1.9483  27.189714    131.017 331.483883     695089   5011.449     567405  0.000e+00
    -1.9483  27.190413    131.279 331.483886     695090   5011.496     567491  0.000e+00
    -1.9483  27.188843    131.541 331.483889     695089   5011.391     567577  0.000e+00
    -1.9482  27.189425    131.824 331.483892     695087   5011.430     567670  0.000e+00
    -1.9483  27.190938    132.111 331.483895     695090   5011.531     567764  0.000e+00
    -1.9481  27.191113    132.370 331.483898     695086   5011.543     567849  0.000e+00
    -1.9483  27.190183    132.635 331.483900     695089   5011.480     567936  0.000e+00
    -1.9482  27.189428    132.927 331.483903     695088   5011.430     568032  0.000e+00
    -1.9483  27.189661    133.211 331.483906     695090   5011.445     568125  0.000e+00
    -1.9483  27.190418    133.457 331.483909     695091   5011.496     568206  0.000e+00
    -1.9483  27.191117    133.738 331.483912     695090   5011.543     568298  0.000e+00
    -1.9483  27.191234    134.030 331.483915     695089   5011.551     568394  0.000e+00
    -1.9483  27.190828    134.295 331.483918     695089   5011.523     568481  0.000e+00
    -1.9483  27.191526    134.560 331.483921     695089   5011.570     568568  0.000e+00
    -1.9483  27.191411    134.840 331.483924     695090   5011.563     568660  0.000e+00
    -1.9482  27.190713    135.133 331.483927     695088   5011.516     568756  0.000e+00
    -1.9483  27.191761    135.392 331.483929     695090   5011.586     568841  0.000e+00
    -1.9482  27.190598    135.672 331.483932     695088   5011.508     568933  0.000e+00
    -1.9483  27.190948    135.952 331.483935     695089   5011.531     569025  0.000e+00
    -1.9482  27.192229    136.251 331.483938     695087   5011.617     569123  0.000e+00
    -1.9483  27.192055    136.510 331.483941     695089   5011.605     569208  0.000e+00
    -1.9483  27.192812    136.790 331.483944     695089   5011.656     569300  0.000e+00
    -1.9482  27.193336    137.083 331.483947     695088   5011.691     569396  0.000e+00
    -1.9481  27.192057    137.345 331.483950     695086   5011.605     569482  0.000e+00
    -1.9483  27.192814    137.619 331.483953     695090   5011.656     569572  0.000e+00
    -1.9483  27.192291    137.899 331.483955     695089   5011.621     569664  0.000e+00
    -1.9483  27.193397    138.192 331.483958     695090   5011.695     569760  0.000e+00
    -1.9483  27.193339    138.441 331.483961     695089   5011.691     569842  0.000e+00
    -1.9484  27.193107    138.709 331.483964     695092   5011.676     569930  0.000e+00
    -1.9483  27.193341    138.993 331.483967     695091   5011.691     570023  0.000e+00
    -1.9483  27.193342    139.264 331.483970     695089   5011.691     570112  0.000e+00
    -1.9483  27.193110    139.517 331.483973     695090   5011.676     570195  0.000e+00
    -1.9483  27.192587    139.794 331.483976     695089   5011.641     570286  0.000e+00
    -1.9483  27.194798    140.083 331.483979     695089   5011.789     570381  0.000e+00
    -1.9483  27.193635    140.333 331.483981     695091   5011.711     570463  0.000e+00
    -1.9483  27.193345    140.595 331.483984     695090   5011.691     570549  0.000e+00
    -1.9484  27.194509    140.878 331.483987     695092   5011.770     570642  0.000e+00
    -1.9482  27.194684    141.162 331.483990     695088   5011.781     570735  0.000e+00
    -1.9483  27.194220    141.412 331.483993     695091   5011.750     570817  0.000e+00
