sbs/tests/resources/orca-test-data/SBE19plus/4794/4794_023_KiM.cnv
* Sea-Bird SBE19plus Data File:
* FileName = C:\Documents and Settings\stevens\Desktop\K131_2007\CTD\4794_023.hex
* Software Version 1.50
* Temperature SN =  4977
* Conductivity SN =  4977
* System UpLoad Time = Nov 26 2007 20:44:15
** K131 McMurdo SeaIce Work
** nov-dec 2007
** using chch plastic ctd
** times are local (NZ daylight savings)
# nquan = 8
# nvalues = 5846                                  
# units = specified
# name 0 = tv290C: Temperature [ITS-90, deg C]
# name 1 = c0mS/cm: Conductivity [mS/cm]
# name 2 = prdM: Pressure, Strain Gauge [db]
# name 3 = timeJ: Julian Days
# name 4 = f0: Frequency 0
# name 5 = f1: Frequency 1
# name 6 = f2: Frequency 2
# name 7 = flag:  0.000e+00
# span 0 =    -5.2214,    -1.9069                 
# span 1 =   3.550964,  27.378236                 
# span 2 =     -0.274,    358.629                 
# span 3 = 330.843507, 330.860420                 
# span 4 =     694170,     770230                 
# span 5 =   3028.129,   5024.055                 
# span 6 =     524314,     642134                 
# span 7 = 0.0000e+00, 0.0000e+00                 
# interval = seconds: 0.25
# start_time = Nov 26 2007 20:14:39 [Instrument's time stamp, header]
# bad_flag = -9.990e-29
*END*
[from data line 899]
    -1.9296  27.131737    283.776 330.846108     694674   5007.527     617557  0.000e+00
    -1.9293  27.133016    283.807 330.846111     694668   5007.613     617567  0.000e+00
    -1.9293  27.134120    283.816 330.846114     694669   5007.688     617570  0.000e+00
    -1.9293  27.135922    283.816 330.846117     694669   5007.809     617570  0.000e+00
    -1.9292  27.137782    283.834 330.846120     694666   5007.934     617576  0.000e+00
    -1.9288  27.139526    283.874 330.846123     694657   5008.051     617589  0.000e+00
    -1.9281  27.143827    283.926 330.846126     694641   5008.340     617606  0.000e+00
    -1.9270  27.147373    283.984 330.846128     694618   5008.578     617625  0.000e+00
    -1.9257  27.150454    284.045 330.846131     694589   5008.785     617645  0.000e+00
    -1.9242  27.152372    284.099 330.846134     694556   5008.914     617663  0.000e+00
    -1.9228  27.155744    284.154 330.846137     694523   5009.141     617681  0.000e+00
    -1.9214  27.158592    284.176 330.846140     694492   5009.332     617688  0.000e+00
    -1.9196  27.159930    284.191 330.846143     694452   5009.422     617693  0.000e+00
    -1.9184  27.161267    284.206 330.846146     694426   5009.512     617698  0.000e+00
    -1.9174  27.164930    284.243 330.846149     694403   5009.758     617710  0.000e+00
    -1.9157  27.166558    284.285 330.846152     694366   5009.867     617724  0.000e+00
    -1.9146  27.167197    284.325 330.846155     694343   5009.910     617737  0.000e+00
    -1.9139  27.168128    284.361 330.846157     694326   5009.973     617749  0.000e+00
    -1.9134  27.169174    284.428 330.846160     694315   5010.043     617771  0.000e+00
    -1.9131  27.169989    284.498 330.846163     694308   5010.098     617794  0.000e+00
    -1.9129  27.170745    284.562 330.846166     694304   5010.148     617815  0.000e+00
    -1.9129  27.171675    284.629 330.846169     694305   5010.211     617837  0.000e+00
    -1.9128  27.172373    284.703 330.846172     694303   5010.258     617861  0.000e+00
    -1.9129  27.173071    284.779 330.846175     694305   5010.305     617886  0.000e+00
    -1.9130  27.173944    284.852 330.846178     694306   5010.363     617910  0.000e+00
    -1.9130  27.174700    284.925 330.846181     694307   5010.414     617934  0.000e+00
    -1.9130  27.175281    285.016 330.846183     694307   5010.453     617964  0.000e+00
    -1.9131  27.176038    285.095 330.846186     694308   5010.504     617990  0.000e+00
    -1.9128  27.170572    285.156 330.846189     694301   5010.137     618010  0.000e+00
    -1.9118  27.177085    285.217 330.846192     694279   5010.574     618030  0.000e+00
    -1.9103  27.177841    285.287 330.846195     694246   5010.625     618053  0.000e+00
    -1.9092  27.177899    285.357 330.846198     694223   5010.629     618076  0.000e+00
    -1.9086  27.178422    285.455 330.846201     694208   5010.664     618108  0.000e+00
    -1.9082  27.179469    285.546 330.846204     694201   5010.734     618138  0.000e+00
    -1.9080  27.179993    285.650 330.846207     694196   5010.770     618172  0.000e+00
    -1.9079  27.181156    285.735 330.846209     694193   5010.848     618200  0.000e+00
    -1.9079  27.181855    285.826 330.846212     694194   5010.895     618230  0.000e+00
    -1.9078  27.182553    285.915 330.846215     694191   5010.941     618259  0.000e+00
    -1.9079  27.183193    286.149 330.846218     694194   5010.984     618336  0.000e+00
    -1.9078  27.183717    286.460 330.846221     694192   5011.020     618438  0.000e+00
    -1.9078  27.184532    286.862 330.846224     694191   5011.074     618570  0.000e+00
    -1.9078  27.184999    287.291 330.846227     694190   5011.105     618711  0.000e+00
    -1.9079  27.185640    287.730 330.846230     694193   5011.148     618855  0.000e+00
    -1.9077  27.186106    288.135 330.846233     694188   5011.180     618988  0.000e+00
    -1.9078  27.186747    288.461 330.846236     694192   5011.223     619095  0.000e+00
    -1.9080  27.187387    288.763 330.846238     694195   5011.266     619194  0.000e+00
    -1.9079  27.187911    289.034 330.846241     694194   5011.301     619283  0.000e+00
    -1.9079  27.188435    289.226 330.846244     694194   5011.336     619346  0.000e+00
    -1.9080  27.189017    289.399 330.846247     694196   5011.375     619403  0.000e+00
    -1.9081  27.189309    289.539 330.846250     694197   5011.395     619449  0.000e+00
    -1.9082  27.190298    289.621 330.846253     694199   5011.461     619476  0.000e+00
    -1.9081  27.191112    289.670 330.846256     694197   5011.516     619492  0.000e+00
    -1.9080  27.190996    289.688 330.846259     694195   5011.508     619498  0.000e+00
    -1.9079  27.192450    289.682 330.846262     694194   5011.605     619496  0.000e+00
    -1.9078  27.192915    289.701 330.846264     694192   5011.637     619502  0.000e+00
    -1.9078  27.193730    289.722 330.846267     694190   5011.691     619509  0.000e+00
    -1.9077  27.194311    289.743 330.846270     694188   5011.730     619516  0.000e+00
    -1.9077  27.195067    289.774 330.846273     694189   5011.781     619526  0.000e+00
    -1.9077  27.195882    289.798 330.846276     694188   5011.836     619534  0.000e+00
    -1.9076  27.195998    289.826 330.846279     694187   5011.844     619543  0.000e+00
    -1.9075  27.196929    289.856 330.846282     694185   5011.906     619553  0.000e+00
    -1.9076  27.197685    289.890 330.846285     694186   5011.957     619564  0.000e+00
    -1.9077  27.197976    289.932 330.846288     694188   5011.977     619578  0.000e+00
    -1.9075  27.198500    289.993 330.846291     694185   5012.012     619598  0.000e+00
    -1.9074  27.198500    290.069 330.846293     694183   5012.012     619623  0.000e+00
    -1.9075  27.197977    290.103 330.846296     694184   5011.977     619634  0.000e+00
    -1.9074  27.200187    290.127 330.846299     694183   5012.125     619642  0.000e+00
    -1.9076  27.186111    290.149 330.846302     694187   5011.180     619649  0.000e+00
    -1.9079  27.183960    290.182 330.846305     694194   5011.035     619660  0.000e+00
    -1.9102  27.189252    290.155 330.846308     694245   5011.391     619651  0.000e+00
    -1.9127  27.199082    290.130 330.846311     694300   5012.051     619643  0.000e+00
    -1.9121  27.201933    290.112 330.846314     694286   5012.242     619637  0.000e+00
    -1.9104  27.183959    290.045 330.846317     694248   5011.035     619615  0.000e+00
    -1.9099  27.185936    289.929 330.846319     694238   5011.168     619577  0.000e+00
    -1.9126  27.184773    289.780 330.846322     694298   5011.090     619528  0.000e+00
    -1.9146  27.187914    289.628 330.846325     694342   5011.301     619478  0.000e+00
    -1.9159  27.193497    289.497 330.846328     694371   5011.676     619435  0.000e+00
    -1.9154  27.197685    289.366 330.846331     694360   5011.957     619392  0.000e+00
    -1.9137  27.186749    289.229 330.846334     694323   5011.223     619347  0.000e+00
    -1.9127  27.179246    289.073 330.846337     694299   5010.719     619296  0.000e+00
    -1.9130  27.180351    288.906 330.846340     694306   5010.793     619241  0.000e+00
    -1.9150  27.182386    288.729 330.846343     694351   5010.930     619183  0.000e+00
    -1.9160  27.187911    288.565 330.846345     694374   5011.301     619129  0.000e+00
    -1.9160  27.189539    288.397 330.846348     694372   5011.410     619074  0.000e+00
    -1.9157  27.178663    288.239 330.846351     694366   5010.680     619022  0.000e+00
    -1.9155  27.175871    288.075 330.846354     694362   5010.492     618968  0.000e+00
    -1.9148  27.181570    287.916 330.846357     694347   5010.875     618916  0.000e+00
    -1.9145  27.188723    287.752 330.846360     694340   5011.355     618862  0.000e+00
    -1.9142  27.189537    287.599 330.846363     694333   5011.410     618812  0.000e+00
    -1.9137  27.194306    287.435 330.846366     694321   5011.730     618758  0.000e+00
    -1.9127  27.185581    287.277 330.846369     694299   5011.145     618706  0.000e+00
    -1.9120  27.171274    287.103 330.846372     694285   5010.184     618649  0.000e+00
    -1.9119  27.171100    286.917 330.846374     694282   5010.172     618588  0.000e+00
    -1.9131  27.175519    286.738 330.846377     694308   5010.469     618529  0.000e+00
    -1.9146  27.180868    286.567 330.846380     694341   5010.828     618473  0.000e+00
    -1.9155  27.186626    286.387 330.846383     694362   5011.215     618414  0.000e+00
    -1.9155  27.182263    286.195 330.846386     694362   5010.922     618351  0.000e+00
    -1.9153  27.190056    286.007 330.846389     694358   5011.445     618289  0.000e+00
    -1.9151  27.190056    285.812 330.846392     694353   5011.445     618225  0.000e+00
    -1.9140  27.172783    285.577 330.846395     694329   5010.285     618148  0.000e+00
    -1.9133  27.167316    285.349 330.846398     694312   5009.918     618073  0.000e+00
    -1.9132  27.169409    285.135 330.846400     694311   5010.059     618003  0.000e+00
    -1.9143  27.173944    284.922 330.846403     694336   5010.363     617933  0.000e+00
    -1.9148  27.178072    284.706 330.846406     694346   5010.641     617862  0.000e+00
    -1.9154  27.173420    284.502 330.846409     694360   5010.328     617795  0.000e+00
    -1.9157  27.166790    284.283 330.846412     694366   5009.883     617723  0.000e+00
    -1.9166  27.167720    284.073 330.846415     694387   5009.945     617654  0.000e+00
    -1.9172  27.173127    283.863 330.846418     694400   5010.309     617585  0.000e+00
    -1.9172  27.176383    283.646 330.846421     694400   5010.527     617514  0.000e+00
    -1.9169  27.172603    283.439 330.846424     694393   5010.273     617446  0.000e+00
    -1.9169  27.169172    283.232 330.846427     694393   5010.043     617378  0.000e+00
    -1.9171  27.171032    283.019 330.846429     694398   5010.168     617308  0.000e+00
    -1.9172  27.175799    282.800 330.846432     694400   5010.488     617236  0.000e+00
    -1.9174  27.176148    282.586 330.846435     694404   5010.512     617166  0.000e+00
    -1.9171  27.173123    282.379 330.846438     694397   5010.309     617098  0.000e+00
    -1.9172  27.171960    282.172 330.846441     694400   5010.230     617030  0.000e+00
    -1.9173  27.173122    281.965 330.846444     694401   5010.309     616962  0.000e+00
    -1.9174  27.170563    281.767 330.846447     694403   5010.137     616897  0.000e+00
    -1.9175  27.171028    281.560 330.846450     694407   5010.168     616829  0.000e+00
    -1.9178  27.174691    281.353 330.846453     694413   5010.414     616761  0.000e+00
    -1.9180  27.177249    281.140 330.846455     694417   5010.586     616691  0.000e+00
    -1.9178  27.176318    280.930 330.846458     694414   5010.523     616622  0.000e+00
    -1.9180  27.175271    280.713 330.846461     694417   5010.453     616551  0.000e+00
    -1.9179  27.176840    280.503 330.846464     694416   5010.559     616482  0.000e+00
    -1.9181  27.179224    280.293 330.846467     694420   5010.719     616413  0.000e+00
    -1.9179  27.180270    280.077 330.846470     694416   5010.789     616342  0.000e+00
    -1.9180  27.180270    279.873 330.846473     694417   5010.789     616275  0.000e+00
    -1.9180  27.180851    279.653 330.846476     694418   5010.828     616203  0.000e+00
    -1.9178  27.181025    279.431 330.846479     694413   5010.840     616130  0.000e+00
    -1.9176  27.180850    279.215 330.846481     694409   5010.828     616059  0.000e+00
    -1.9175  27.180500    279.005 330.846484     694406   5010.805     615990  0.000e+00
    -1.9172  27.180848    278.801 330.846487     694399   5010.828     615923  0.000e+00
    -1.9169  27.181022    278.594 330.846490     694393   5010.840     615855  0.000e+00
    -1.9167  27.180789    278.396 330.846493     694389   5010.824     615790  0.000e+00
    -1.9166  27.181138    278.188 330.846496     694386   5010.848     615722  0.000e+00
    -1.9163  27.181021    277.984 330.846499     694380   5010.840     615655  0.000e+00
    -1.9162  27.180846    277.756 330.846502     694378   5010.828     615580  0.000e+00
    -1.9160  27.181310    277.528 330.846505     694373   5010.859     615505  0.000e+00
    -1.9160  27.181135    277.327 330.846508     694374   5010.848     615439  0.000e+00
    -1.9159  27.181542    277.116 330.846510     694371   5010.875     615370  0.000e+00
    -1.9160  27.181309    276.915 330.846513     694373   5010.859     615304  0.000e+00
    -1.9159  27.181715    276.711 330.846516     694371   5010.887     615237  0.000e+00
    -1.9158  27.182122    276.501 330.846519     694368   5010.914     615168  0.000e+00
    -1.9161  27.182238    276.297 330.846522     694376   5010.922     615101  0.000e+00
    -1.9159  27.182121    276.096 330.846525     694371   5010.914     615035  0.000e+00
    -1.9159  27.182236    275.889 330.846528     694371   5010.922     614967  0.000e+00
    -1.9160  27.182120    275.703 330.846531     694373   5010.914     614906  0.000e+00
    -1.9159  27.182119    275.502 330.846534     694371   5010.914     614840  0.000e+00
    -1.9158  27.182235    275.301 330.846536     694369   5010.922     614774  0.000e+00
    -1.9157  27.182351    275.115 330.846539     694367   5010.930     614713  0.000e+00
    -1.9156  27.182525    274.942 330.846542     694363   5010.941     614656  0.000e+00
    -1.9155  27.182350    274.841 330.846545     694362   5010.930     614623  0.000e+00
    -1.9155  27.182526    275.353 330.846548     694362   5010.941     614791  0.000e+00
    -1.9155  27.182645    276.367 330.846551     694362   5010.949     615124  0.000e+00
    -1.9155  27.182646    277.022 330.846554     694361   5010.949     615339  0.000e+00
    -1.9153  27.182531    277.500 330.846557     694358   5010.941     615496  0.000e+00
    -1.9153  27.182648    277.802 330.846560     694358   5010.949     615595  0.000e+00
    -1.9154  27.182823    277.957 330.846563     694359   5010.961     615646  0.000e+00
    -1.9155  27.183173    278.033 330.846565     694361   5010.984     615671  0.000e+00
    -1.9154  27.182882    278.018 330.846568     694360   5010.965     615666  0.000e+00
    -1.9155  27.183114    277.933 330.846571     694362   5010.980     615638  0.000e+00
    -1.9156  27.183172    277.784 330.846574     694365   5010.984     615589  0.000e+00
    -1.9158  27.183113    277.589 330.846577     694368   5010.980     615525  0.000e+00
    -1.9158  27.183171    277.421 330.846580     694369   5010.984     615470  0.000e+00
    -1.9160  27.183403    277.284 330.846583     694373   5011.000     615425  0.000e+00
    -1.9159  27.183403    277.144 330.846586     694371   5011.000     615379  0.000e+00
    -1.9162  27.183693    277.007 330.846589     694377   5011.020     615334  0.000e+00
    -1.9161  27.183402    276.861 330.846591     694376   5011.000     615286  0.000e+00
    -1.9162  27.183402    276.705 330.846594     694378   5011.000     615235  0.000e+00
    -1.9165  27.183401    276.556 330.846597     694383   5011.000     615186  0.000e+00
    -1.9165  27.183168    276.404 330.846600     694384   5010.984     615136  0.000e+00
    -1.9165  27.183110    276.239 330.846603     694383   5010.980     615082  0.000e+00
    -1.9164  27.182877    276.072 330.846606     694382   5010.965     615027  0.000e+00
    -1.9165  27.182876    275.901 330.846609     694384   5010.965     614971  0.000e+00
    -1.9165  27.182818    275.743 330.846612     694384   5010.961     614919  0.000e+00
    -1.9164  27.182875    275.585 330.846615     694382   5010.965     614867  0.000e+00
    -1.9164  27.182817    275.417 330.846617     694381   5010.961     614812  0.000e+00
    -1.9165  27.182351    275.250 330.846620     694383   5010.930     614757  0.000e+00
    -1.9163  27.182525    275.076 330.846623     694380   5010.941     614700  0.000e+00
