sbs/tests/resources/orca-test-data/SBE19plus/4794/4794_023_KiM.cnv
* Sea-Bird SBE19plus Data File:
* FileName = C:\Documents and Settings\stevens\Desktop\K131_2007\CTD\4794_023.hex
* Software Version 1.50
* Temperature SN =  4977
* Conductivity SN =  4977
* System UpLoad Time = Nov 26 2007 20:44:15
** K131 McMurdo SeaIce Work
** nov-dec 2007
** using chch plastic ctd
** times are local (NZ daylight savings)
# nquan = 8
# nvalues = 5846                                  
# units = specified
# name 0 = tv290C: Temperature [ITS-90, deg C]
# name 1 = c0mS/cm: Conductivity [mS/cm]
# name 2 = prdM: Pressure, Strain Gauge [db]
# name 3 = timeJ: Julian Days
# name 4 = f0: Frequency 0
# name 5 = f1: Frequency 1
# name 6 = f2: Frequency 2
# name 7 = flag:  0.000e+00
# span 0 =    -5.2214,    -1.9069                 
# span 1 =   3.550964,  27.378236                 
# span 2 =     -0.274,    358.629                 
# span 3 = 330.843507, 330.860420                 
# span 4 =     694170,     770230                 
# span 5 =   3028.129,   5024.055                 
# span 6 =     524314,     642134                 
# span 7 = 0.0000e+00, 0.0000e+00                 
# interval = seconds: 0.25
# start_time = Nov 26 2007 20:14:39 [Instrument's time stamp, header]
# bad_flag = -9.990e-29
*END*
[from data line 1798]
    -1.9243  27.336139    332.715 330.848709     694558   5021.238     633625  0.000e+00
    -1.9245  27.336371    332.383 330.848712     694562   5021.254     633516  0.000e+00
    -1.9251  27.335904    332.067 330.848715     694576   5021.223     633412  0.000e+00
    -1.9256  27.334796    331.741 330.848718     694586   5021.148     633305  0.000e+00
    -1.9256  27.333862    331.412 330.848721     694585   5021.086     633197  0.000e+00
    -1.9258  27.333512    331.083 330.848724     694591   5021.063     633089  0.000e+00
    -1.9262  27.332754    330.751 330.848727     694599   5021.012     632980  0.000e+00
    -1.9263  27.332170    330.431 330.848730     694601   5020.973     632875  0.000e+00
    -1.9266  27.331878    330.099 330.848733     694609   5020.953     632766  0.000e+00
    -1.9265  27.330478    329.767 330.848736     694607   5020.859     632657  0.000e+00
    -1.9267  27.330303    329.448 330.848738     694610   5020.848     632552  0.000e+00
    -1.9269  27.330302    329.113 330.848741     694615   5020.848     632442  0.000e+00
    -1.9268  27.330184    328.790 330.848744     694613   5020.840     632336  0.000e+00
    -1.9271  27.329251    328.455 330.848747     694619   5020.777     632226  0.000e+00
    -1.9271  27.328784    328.123 330.848750     694620   5020.746     632117  0.000e+00
    -1.9274  27.327909    327.797 330.848753     694625   5020.688     632010  0.000e+00
    -1.9278  27.327093    327.462 330.848756     694634   5020.633     631900  0.000e+00
    -1.9277  27.327383    327.130 330.848759     694633   5020.652     631791  0.000e+00
    -1.9279  27.327382    326.795 330.848762     694638   5020.652     631681  0.000e+00
    -1.9280  27.326565    326.466 330.848764     694640   5020.598     631573  0.000e+00
    -1.9279  27.326856    326.134 330.848767     694636   5020.617     631464  0.000e+00
    -1.9282  27.326039    325.802 330.848770     694643   5020.563     631355  0.000e+00
    -1.9281  27.326271    325.461 330.848773     694641   5020.578     631243  0.000e+00
    -1.9282  27.326038    325.132 330.848776     694643   5020.563     631135  0.000e+00
    -1.9282  27.325687    324.785 330.848779     694643   5020.539     631021  0.000e+00
    -1.9283  27.325220    324.447 330.848782     694645   5020.508     630910  0.000e+00
    -1.9279  27.325219    324.106 330.848785     694638   5020.508     630798  0.000e+00
    -1.9281  27.324577    323.768 330.848788     694641   5020.465     630687  0.000e+00
    -1.9280  27.324693    323.433 330.848791     694640   5020.473     630577  0.000e+00
    -1.9283  27.324459    323.092 330.848793     694645   5020.457     630465  0.000e+00
    -1.9282  27.323176    322.742 330.848796     694643   5020.371     630350  0.000e+00
    -1.9283  27.323641    322.407 330.848799     694646   5020.402     630240  0.000e+00
    -1.9284  27.323699    322.075 330.848802     694648   5020.406     630131  0.000e+00
    -1.9284  27.323640    321.731 330.848805     694648   5020.402     630018  0.000e+00
    -1.9285  27.322823    321.389 330.848808     694650   5020.348     629906  0.000e+00
    -1.9285  27.322589    321.051 330.848811     694650   5020.332     629795  0.000e+00
    -1.9286  27.322064    320.707 330.848814     694653   5020.297     629682  0.000e+00
    -1.9288  27.322005    320.366 330.848817     694658   5020.293     629570  0.000e+00
    -1.9286  27.321479    320.031 330.848819     694653   5020.258     629460  0.000e+00
    -1.9289  27.321245    319.684 330.848822     694660   5020.242     629346  0.000e+00
    -1.9290  27.320604    319.337 330.848825     694661   5020.199     629232  0.000e+00
    -1.9293  27.319379    318.990 330.848828     694668   5020.117     629118  0.000e+00
    -1.9290  27.319786    318.645 330.848831     694662   5020.145     629005  0.000e+00
    -1.9292  27.318853    318.301 330.848834     694666   5020.082     628892  0.000e+00
    -1.9296  27.318328    317.954 330.848837     694675   5020.047     628778  0.000e+00
    -1.9295  27.317802    317.613 330.848840     694672   5020.012     628666  0.000e+00
    -1.9293  27.317510    317.254 330.848843     694669   5019.992     628548  0.000e+00
    -1.9292  27.316693    316.910 330.848845     694667   5019.938     628435  0.000e+00
    -1.9295  27.315819    316.550 330.848848     694673   5019.879     628317  0.000e+00
    -1.9297  27.315934    316.209 330.848851     694677   5019.887     628205  0.000e+00
    -1.9295  27.315525    315.853 330.848854     694672   5019.859     628088  0.000e+00
    -1.9298  27.315641    315.497 330.848857     694680   5019.867     627971  0.000e+00
    -1.9298  27.315116    315.143 330.848860     694680   5019.832     627855  0.000e+00
    -1.9296  27.314416    314.781 330.848863     694675   5019.785     627736  0.000e+00
    -1.9297  27.313541    314.428 330.848866     694678   5019.727     627620  0.000e+00
    -1.9300  27.313831    314.077 330.848869     694683   5019.746     627505  0.000e+00
    -1.9297  27.314063    313.730 330.848872     694677   5019.762     627391  0.000e+00
    -1.9297  27.313771    313.371 330.848874     694676   5019.742     627273  0.000e+00
    -1.9296  27.312722    313.021 330.848877     694675   5019.672     627158  0.000e+00
    -1.9296  27.313536    312.661 330.848880     694675   5019.727     627040  0.000e+00
    -1.9295  27.313302    312.314 330.848883     694672   5019.711     626926  0.000e+00
    -1.9294  27.312719    311.949 330.848886     694671   5019.672     626806  0.000e+00
    -1.9293  27.312718    311.595 330.848889     694669   5019.672     626690  0.000e+00
    -1.9292  27.313008    311.242 330.848892     694666   5019.691     626574  0.000e+00
    -1.9292  27.311900    310.886 330.848895     694665   5019.617     626457  0.000e+00
    -1.9290  27.312132    310.529 330.848898     694661   5019.633     626340  0.000e+00
    -1.9290  27.312190    310.176 330.848900     694662   5019.637     626224  0.000e+00
    -1.9291  27.312189    309.820 330.848903     694664   5019.637     626107  0.000e+00
    -1.9289  27.311897    309.463 330.848906     694659   5019.617     625990  0.000e+00
    -1.9283  27.312187    309.113 330.848909     694646   5019.637     625875  0.000e+00
    -1.9285  27.311137    308.754 330.848912     694651   5019.566     625757  0.000e+00
    -1.9284  27.311311    308.404 330.848915     694648   5019.578     625642  0.000e+00
    -1.9283  27.311135    308.047 330.848918     694645   5019.566     625525  0.000e+00
    -1.9282  27.311309    307.691 330.848921     694644   5019.578     625408  0.000e+00
    -1.9280  27.310842    307.332 330.848924     694640   5019.547     625290  0.000e+00
    -1.9281  27.311133    306.978 330.848927     694641   5019.566     625174  0.000e+00
    -1.9279  27.310724    306.613 330.848929     694638   5019.539     625054  0.000e+00
    -1.9277  27.310082    306.250 330.848932     694632   5019.496     624935  0.000e+00
    -1.9278  27.311013    305.894 330.848935     694634   5019.559     624818  0.000e+00
    -1.9277  27.310837    305.535 330.848938     694633   5019.547     624700  0.000e+00
    -1.9274  27.311652    305.160 330.848941     694625   5019.602     624577  0.000e+00
    -1.9274  27.311302    304.795 330.848944     694625   5019.578     624457  0.000e+00
    -1.9269  27.311126    304.429 330.848947     694615   5019.566     624337  0.000e+00
    -1.9264  27.311591    304.064 330.848950     694604   5019.598     624217  0.000e+00
    -1.9262  27.310833    303.689 330.848953     694599   5019.547     624094  0.000e+00
    -1.9258  27.311356    303.315 330.848955     694590   5019.582     623971  0.000e+00
    -1.9249  27.311879    302.955 330.848958     694570   5019.617     623853  0.000e+00
    -1.9246  27.311878    302.578 330.848961     694563   5019.617     623729  0.000e+00
    -1.9239  27.312693    302.212 330.848964     694548   5019.672     623609  0.000e+00
    -1.9234  27.312692    301.847 330.848967     694537   5019.672     623489  0.000e+00
    -1.9229  27.312458    301.478 330.848970     694525   5019.656     623368  0.000e+00
    -1.9225  27.312398    301.113 330.848973     694517   5019.652     623248  0.000e+00
    -1.9219  27.312164    300.744 330.848976     694504   5019.637     623127  0.000e+00
    -1.9218  27.312396    300.388 330.848979     694502   5019.652     623010  0.000e+00
    -1.9215  27.312687    300.013 330.848981     694496   5019.672     622887  0.000e+00
    -1.9212  27.312453    299.648 330.848984     694488   5019.656     622767  0.000e+00
    -1.9209  27.312394    299.279 330.848987     694481   5019.652     622646  0.000e+00
    -1.9207  27.312451    298.914 330.848990     694478   5019.656     622526  0.000e+00
    -1.9203  27.311634    298.551 330.848993     694469   5019.602     622407  0.000e+00
    -1.9200  27.312682    298.183 330.848996     694461   5019.672     622286  0.000e+00
    -1.9198  27.311865    297.814 330.848999     694458   5019.617     622165  0.000e+00
    -1.9198  27.312680    297.449 330.849002     694457   5019.672     622045  0.000e+00
    -1.9195  27.312446    297.083 330.849005     694451   5019.656     621925  0.000e+00
    -1.9192  27.312445    296.718 330.849008     694445   5019.656     621805  0.000e+00
    -1.9187  27.312386    296.349 330.849010     694433   5019.652     621684  0.000e+00
    -1.9187  27.313492    295.981 330.849013     694432   5019.727     621563  0.000e+00
    -1.9183  27.311859    295.609 330.849016     694424   5019.617     621441  0.000e+00
    -1.9179  27.312150    295.244 330.849019     694415   5019.637     621321  0.000e+00
    -1.9177  27.311857    294.881 330.849022     694410   5019.617     621202  0.000e+00
    -1.9176  27.311274    294.513 330.849025     694408   5019.578     621081  0.000e+00
    -1.9179  27.311622    294.144 330.849028     694416   5019.602     620960  0.000e+00
    -1.9180  27.310981    293.782 330.849031     694418   5019.559     620841  0.000e+00
    -1.9181  27.310572    293.416 330.849034     694420   5019.531     620721  0.000e+00
    -1.9183  27.310280    293.054 330.849036     694424   5019.512     620602  0.000e+00
    -1.9183  27.310162    292.689 330.849039     694423   5019.504     620482  0.000e+00
    -1.9186  27.309753    292.317 330.849042     694430   5019.477     620360  0.000e+00
    -1.9185  27.309869    291.949 330.849045     694428   5019.484     620239  0.000e+00
    -1.9185  27.309752    291.583 330.849048     694428   5019.477     620119  0.000e+00
    -1.9186  27.309226    291.212 330.849051     694431   5019.441     619997  0.000e+00
    -1.9183  27.308992    290.840 330.849054     694425   5019.426     619875  0.000e+00
    -1.9183  27.308700    290.478 330.849057     694423   5019.406     619756  0.000e+00
    -1.9183  27.307650    290.103 330.849060     694424   5019.336     619633  0.000e+00
    -1.9181  27.308465    289.737 330.849063     694419   5019.391     619513  0.000e+00
    -1.9182  27.307066    289.369 330.849065     694421   5019.297     619392  0.000e+00
    -1.9183  27.307298    289.010 330.849068     694425   5019.313     619274  0.000e+00
    -1.9186  27.307064    288.650 330.849071     694430   5019.297     619156  0.000e+00
    -1.9189  27.306306    288.276 330.849074     694438   5019.246     619033  0.000e+00
    -1.9189  27.306480    287.913 330.849077     694438   5019.258     618914  0.000e+00
    -1.9190  27.306304    287.554 330.849080     694439   5019.246     618796  0.000e+00
    -1.9189  27.305604    287.182 330.849083     694438   5019.199     618674  0.000e+00
    -1.9191  27.305778    286.823 330.849086     694441   5019.211     618556  0.000e+00
    -1.9190  27.305194    286.448 330.849089     694439   5019.172     618433  0.000e+00
    -1.9190  27.305077    286.089 330.849091     694440   5019.164     618315  0.000e+00
    -1.9187  27.304959    285.726 330.849094     694433   5019.156     618196  0.000e+00
    -1.9186  27.305075    285.370 330.849097     694431   5019.164     618079  0.000e+00
    -1.9186  27.304433    285.005 330.849100     694430   5019.121     617959  0.000e+00
    -1.9186  27.304665    284.636 330.849103     694431   5019.137     617838  0.000e+00
    -1.9188  27.304198    284.280 330.849106     694435   5019.105     617721  0.000e+00
    -1.9187  27.303615    283.914 330.849109     694433   5019.066     617601  0.000e+00
    -1.9187  27.303672    283.546 330.849112     694432   5019.070     617480  0.000e+00
    -1.9187  27.302797    283.180 330.849115     694433   5019.012     617360  0.000e+00
    -1.9188  27.302272    282.818 330.849117     694435   5018.977     617241  0.000e+00
    -1.9192  27.301106    282.452 330.849120     694445   5018.898     617121  0.000e+00
    -1.9195  27.300697    282.081 330.849123     694450   5018.871     616999  0.000e+00
    -1.9202  27.300289    281.724 330.849126     694466   5018.844     616882  0.000e+00
    -1.9204  27.299356    281.353 330.849129     694471   5018.781     616760  0.000e+00
    -1.9207  27.299646    280.987 330.849132     694477   5018.801     616640  0.000e+00
    -1.9210  27.298597    280.619 330.849135     694484   5018.730     616519  0.000e+00
    -1.9214  27.298596    280.259 330.849138     694492   5018.730     616401  0.000e+00
    -1.9215  27.298012    279.891 330.849141     694496   5018.691     616280  0.000e+00
    -1.9218  27.298070    279.532 330.849144     694502   5018.695     616162  0.000e+00
    -1.9217  27.297778    279.166 330.849146     694499   5018.676     616042  0.000e+00
    -1.9214  27.298301    278.807 330.849149     694493   5018.711     615924  0.000e+00
    -1.9215  27.298067    278.438 330.849152     694494   5018.695     615803  0.000e+00
    -1.9213  27.298008    278.079 330.849155     694491   5018.691     615685  0.000e+00
    -1.9211  27.296725    277.713 330.849158     694486   5018.605     615565  0.000e+00
    -1.9213  27.297481    277.348 330.849161     694491   5018.656     615445  0.000e+00
    -1.9210  27.297189    276.982 330.849164     694485   5018.637     615325  0.000e+00
    -1.9211  27.296955    276.626 330.849167     694487   5018.621     615208  0.000e+00
    -1.9212  27.296896    276.270 330.849170     694488   5018.617     615091  0.000e+00
    -1.9211  27.296196    275.907 330.849172     694486   5018.570     614972  0.000e+00
    -1.9210  27.295904    275.539 330.849175     694483   5018.551     614851  0.000e+00
    -1.9212  27.296020    275.185 330.849178     694489   5018.559     614735  0.000e+00
    -1.9213  27.296193    274.823 330.849181     694490   5018.570     614616  0.000e+00
    -1.9212  27.295668    274.461 330.849184     694488   5018.535     614497  0.000e+00
    -1.9210  27.295201    274.098 330.849187     694485   5018.504     614378  0.000e+00
    -1.9215  27.294560    273.736 330.849190     694494   5018.461     614259  0.000e+00
    -1.9213  27.295782    273.376 330.849193     694491   5018.543     614141  0.000e+00
    -1.9215  27.294558    273.014 330.849196     694495   5018.461     614022  0.000e+00
    -1.9218  27.294324    272.639 330.849198     694502   5018.445     613899  0.000e+00
    -1.9218  27.292692    272.271 330.849201     694502   5018.336     613778  0.000e+00
    -1.9219  27.292982    271.899 330.849204     694504   5018.355     613656  0.000e+00
    -1.9221  27.292399    271.540 330.849207     694508   5018.316     613538  0.000e+00
    -1.9224  27.292689    271.171 330.849210     694514   5018.336     613417  0.000e+00
    -1.9225  27.292397    270.806 330.849213     694518   5018.316     613297  0.000e+00
    -1.9226  27.291930    270.431 330.849216     694519   5018.285     613174  0.000e+00
    -1.9229  27.291638    270.053 330.849219     694525   5018.266     613050  0.000e+00
    -1.9230  27.291812    269.688 330.849222     694529   5018.277     612930  0.000e+00
    -1.9230  27.290588    269.316 330.849225     694528   5018.195     612808  0.000e+00
