sbs/tests/resources/orca-test-data/SBE19plus/4794/4794_035_KiM.cnv
* Sea-Bird SBE19plus Data File:
* FileName = C:\Documents and Settings\stevens\Desktop\K131_2007\CTD\4794_035.hex
* Software Version 1.50
* Temperature SN =  4977
* Conductivity SN =  4977
* System UpLoad Time = Nov 27 2007 07:42:40
** K131 McMurdo SeaIce Work
** nov-dec 2007
** using chch plastic ctd
** times are local (NZ daylight savings)
# nquan = 8
# nvalues = 6646                                  
# units = specified
# name 0 = tv290C: Temperature [ITS-90, deg C]
# name 1 = c0mS/cm: Conductivity [mS/cm]
# name 2 = prdM: Pressure, Strain Gauge [db]
# name 3 = timeJ: Julian Days
# name 4 = f0: Frequency 0
# name 5 = f1: Frequency 1
# name 6 = f2: Frequency 2
# name 7 = flag:  0.000e+00
# span 0 =    -3.6144,    -1.9017                 
# span 1 =  -0.000493,  27.364881                 
# span 2 =     -0.274,    357.914                 
# span 3 = 331.297604, 331.316832                 
# span 4 =     694055,     732731                 
# span 5 =   2601.957,   5023.160                 
# span 6 =     524314,     641899                 
# span 7 = 0.0000e+00, 0.0000e+00                 
# interval = seconds: 0.25
# start_time = Nov 27 2007 07:08:33 [Instrument's time stamp, header]
# bad_flag = -9.990e-29
*END*
[from data line 180]
    -1.9605  26.730540     28.554 331.298125     695360   4980.531     533777  0.000e+00
    -1.9602  26.727247     28.798 331.298128     695355   4980.309     533857  0.000e+00
    -1.9599  26.734125     29.044 331.298131     695348   4980.773     533938  0.000e+00
    -1.9600  26.732392     29.325 331.298134     695349   4980.656     534030  0.000e+00
    -1.9597  26.731641     29.608 331.298137     695343   4980.605     534123  0.000e+00
    -1.9596  26.730602     29.904 331.298139     695340   4980.535     534220  0.000e+00
    -1.9594  26.729215     30.227 331.298142     695337   4980.441     534326  0.000e+00
    -1.9594  26.728291     30.541 331.298145     695337   4980.379     534429  0.000e+00
    -1.9595  26.728350     30.867 331.298148     695339   4980.383     534536  0.000e+00
    -1.9594  26.726733     31.217 331.298151     695336   4980.273     534651  0.000e+00
    -1.9592  26.726445     31.589 331.298154     695333   4980.254     534773  0.000e+00
    -1.9592  26.725636     31.954 331.298157     695333   4980.199     534893  0.000e+00
    -1.9590  26.723614     32.308 331.298160     695327   4980.063     535009  0.000e+00
    -1.9591  26.723731     32.671 331.298163     695329   4980.070     535128  0.000e+00
    -1.9589  26.723327     33.036 331.298166     695325   4980.043     535248  0.000e+00
    -1.9590  26.708882     33.408 331.298168     695328   4979.066     535370  0.000e+00
    -1.9590  26.721827     33.789 331.298171     695327   4979.941     535495  0.000e+00
    -1.9590  26.720961     34.173 331.298174     695327   4979.883     535621  0.000e+00
    -1.9590  26.719979     34.544 331.298177     695328   4979.816     535743  0.000e+00
    -1.9588  26.719865     34.919 331.298180     695324   4979.809     535866  0.000e+00
    -1.9587  26.717901     35.288 331.298183     695321   4979.676     535987  0.000e+00
    -1.9588  26.716342     35.654 331.298186     695324   4979.570     536107  0.000e+00
    -1.9586  26.717152     36.019 331.298189     695319   4979.625     536227  0.000e+00
    -1.9586  26.716112     36.397 331.298192     695319   4979.555     536351  0.000e+00
    -1.9585  26.716576     36.769 331.298194     695316   4979.586     536473  0.000e+00
    -1.9582  26.716634     37.134 331.298197     695310   4979.590     536593  0.000e+00
    -1.9581  26.714671     37.503 331.298200     695308   4979.457     536714  0.000e+00
    -1.9579  26.714787     37.869 331.298203     695304   4979.465     536834  0.000e+00
    -1.9579  26.715250     38.228 331.298206     695304   4979.496     536952  0.000e+00
    -1.9580  26.713286     38.579 331.298209     695306   4979.363     537067  0.000e+00
    -1.9582  26.713287     38.917 331.298212     695309   4979.363     537178  0.000e+00
    -1.9580  26.713288     39.249 331.298215     695305   4979.363     537287  0.000e+00
    -1.9578  26.712249     39.581 331.298218     695301   4979.293     537396  0.000e+00
    -1.9578  26.711961     39.913 331.298220     695301   4979.273     537505  0.000e+00
    -1.9577  26.711210     40.236 331.298223     695298   4979.223     537611  0.000e+00
    -1.9577  26.710287     40.550 331.298226     695298   4979.160     537714  0.000e+00
    -1.9579  26.710403     40.867 331.298229     695302   4979.168     537818  0.000e+00
    -1.9576  26.709999     41.181 331.298232     695296   4979.141     537921  0.000e+00
    -1.9578  26.709365     41.492 331.298235     695301   4979.098     538023  0.000e+00
    -1.9577  26.708903     41.787 331.298238     695299   4979.066     538120  0.000e+00
    -1.9577  26.708846     42.098 331.298241     695298   4979.063     538222  0.000e+00
    -1.9580  26.707807     42.400 331.298244     695305   4978.992     538321  0.000e+00
    -1.9578  26.707808     42.695 331.298247     695300   4978.992     538418  0.000e+00
    -1.9578  26.707808     43.003 331.298249     695301   4978.992     538519  0.000e+00
    -1.9577  26.706480     43.311 331.298252     695299   4978.902     538620  0.000e+00
    -1.9579  26.706019     43.618 331.298255     695303   4978.871     538721  0.000e+00
    -1.9578  26.706713     43.920 331.298258     695300   4978.918     538820  0.000e+00
    -1.9580  26.705500     44.228 331.298261     695305   4978.836     538921  0.000e+00
    -1.9581  26.705617     44.533 331.298264     695308   4978.844     539021  0.000e+00
    -1.9578  26.705271     44.843 331.298267     695301   4978.820     539123  0.000e+00
    -1.9579  26.705387     45.160 331.298270     695302   4978.828     539227  0.000e+00
    -1.9580  26.704810     45.468 331.298273     695305   4978.789     539328  0.000e+00
    -1.9577  26.704984     45.779 331.298275     695299   4978.801     539430  0.000e+00
    -1.9574  26.705910     46.096 331.298278     695293   4978.863     539534  0.000e+00
    -1.9576  26.703946     46.416 331.298281     695297   4978.730     539639  0.000e+00
    -1.9575  26.704005     46.729 331.298284     695295   4978.734     539742  0.000e+00
    -1.9578  26.704988     47.052 331.298287     695301   4978.801     539848  0.000e+00
    -1.9578  26.704006     47.382 331.298290     695301   4978.734     539956  0.000e+00
    -1.9579  26.703429     47.704 331.298293     695302   4978.695     540062  0.000e+00
    -1.9580  26.704008     48.015 331.298296     695305   4978.734     540164  0.000e+00
    -1.9574  26.703951     48.338 331.298299     695293   4978.730     540270  0.000e+00
    -1.9572  26.702623     48.655 331.298302     695288   4978.641     540374  0.000e+00
    -1.9574  26.702335     48.978 331.298304     695293   4978.621     540480  0.000e+00
    -1.9574  26.703433     49.298 331.298307     695293   4978.695     540585  0.000e+00
    -1.9572  26.702914     49.624 331.298310     695287   4978.660     540692  0.000e+00
    -1.9571  26.702395     49.935 331.298313     695286   4978.625     540794  0.000e+00
    -1.9576  26.702627     50.261 331.298316     695297   4978.641     540901  0.000e+00
    -1.9574  26.703206     50.587 331.298319     695291   4978.680     541008  0.000e+00
    -1.9577  26.702629     50.916 331.298322     695298   4978.641     541116  0.000e+00
    -1.9583  26.702687     51.242 331.298325     695311   4978.645     541223  0.000e+00
    -1.9579  26.703208     51.568 331.298328     695302   4978.680     541330  0.000e+00
    -1.9576  26.702342     51.894 331.298330     695296   4978.621     541437  0.000e+00
    -1.9579  26.702401     52.223 331.298333     695303   4978.625     541545  0.000e+00
    -1.9579  26.702922     52.555 331.298336     695302   4978.660     541654  0.000e+00
    -1.9574  26.702692     52.891 331.298339     695292   4978.645     541764  0.000e+00
    -1.9577  26.702346     53.223 331.298342     695299   4978.621     541873  0.000e+00
    -1.9576  26.702693     53.555 331.298345     695296   4978.645     541982  0.000e+00
    -1.9575  26.703214     53.908 331.298348     695295   4978.680     542098  0.000e+00
    -1.9574  26.702406     54.249 331.298351     695293   4978.625     542210  0.000e+00
    -1.9578  26.702638     54.594 331.298354     695301   4978.641     542323  0.000e+00
    -1.9575  26.702928     54.932 331.298356     695294   4978.660     542434  0.000e+00
    -1.9578  26.702178     55.270 331.298359     695300   4978.609     542545  0.000e+00
    -1.9576  26.702352     55.611 331.298362     695297   4978.621     542657  0.000e+00
    -1.9575  26.702699     55.959 331.298365     695294   4978.645     542771  0.000e+00
    -1.9574  26.702122     56.294 331.298368     695291   4978.605     542881  0.000e+00
    -1.9572  26.701892     56.635 331.298371     695287   4978.590     542993  0.000e+00
    -1.9574  26.702124     56.967 331.298374     695293   4978.605     543102  0.000e+00
    -1.9571  26.702414     57.318 331.298377     695285   4978.625     543217  0.000e+00
    -1.9569  26.701837     57.662 331.298380     695281   4978.586     543330  0.000e+00
    -1.9574  26.701838     58.012 331.298383     695291   4978.586     543445  0.000e+00
    -1.9575  26.702937     58.366 331.298385     695295   4978.660     543561  0.000e+00
    -1.9572  26.702360     58.710 331.298388     695288   4978.621     543674  0.000e+00
    -1.9574  26.702707     59.070 331.298391     695293   4978.645     543792  0.000e+00
    -1.9573  26.703228     59.426 331.298394     695290   4978.680     543909  0.000e+00
    -1.9572  26.702709     59.792 331.298397     695288   4978.645     544029  0.000e+00
    -1.9573  26.702652     60.154 331.298400     695290   4978.641     544148  0.000e+00
    -1.9574  26.703462     60.532 331.298403     695292   4978.695     544272  0.000e+00
    -1.9572  26.703232     60.898 331.298406     695288   4978.680     544392  0.000e+00
    -1.9570  26.703233     61.266 331.298409     695284   4978.680     544513  0.000e+00
    -1.9576  26.703754     61.644 331.298411     695297   4978.715     544637  0.000e+00
    -1.9574  26.703235     62.028 331.298414     695293   4978.680     544763  0.000e+00
    -1.9575  26.703987     62.394 331.298417     695295   4978.730     544883  0.000e+00
    -1.9575  26.704046     62.775 331.298420     695295   4978.734     545008  0.000e+00
    -1.9574  26.703469     63.156 331.298423     695292   4978.695     545133  0.000e+00
    -1.9572  26.703759     63.539 331.298426     695288   4978.715     545259  0.000e+00
    -1.9574  26.704280     63.923 331.298429     695293   4978.750     545385  0.000e+00
    -1.9576  26.704050     64.313 331.298432     695296   4978.734     545513  0.000e+00
    -1.9574  26.704513     64.682 331.298435     695293   4978.766     545634  0.000e+00
    -1.9574  26.704860     65.069 331.298437     695292   4978.789     545761  0.000e+00
    -1.9574  26.704341     65.456 331.298440     695291   4978.754     545888  0.000e+00
    -1.9573  26.704805     65.831 331.298443     695289   4978.785     546011  0.000e+00
    -1.9572  26.704574     66.209 331.298446     695288   4978.770     546135  0.000e+00
    -1.9573  26.704518     66.592 331.298449     695289   4978.766     546261  0.000e+00
    -1.9573  26.704865     66.970 331.298452     695290   4978.789     546385  0.000e+00
    -1.9574  26.705040     67.345 331.298455     695293   4978.801     546508  0.000e+00
    -1.9574  26.704867     67.723 331.298458     695291   4978.789     546632  0.000e+00
    -1.9574  26.705330     68.104 331.298461     695293   4978.820     546757  0.000e+00
    -1.9574  26.705447     68.475 331.298464     695292   4978.828     546879  0.000e+00
    -1.9575  26.705159     68.853 331.298466     695294   4978.809     547003  0.000e+00
    -1.9576  26.705333     69.231 331.298469     695296   4978.820     547127  0.000e+00
    -1.9573  26.705970     69.609 331.298472     695289   4978.863     547251  0.000e+00
    -1.9575  26.705566     69.984 331.298475     695295   4978.836     547374  0.000e+00
    -1.9576  26.705972     70.355 331.298478     695296   4978.863     547496  0.000e+00
    -1.9574  26.706088     70.736 331.298481     695293   4978.871     547621  0.000e+00
    -1.9575  26.705685     71.120 331.298484     695295   4978.844     547747  0.000e+00
    -1.9575  26.706610     71.495 331.298487     695295   4978.906     547870  0.000e+00
    -1.9576  26.706553     71.876 331.298490     695297   4978.902     547995  0.000e+00
    -1.9576  26.706612     72.257 331.298492     695297   4978.906     548120  0.000e+00
    -1.9576  26.707075     72.625 331.298495     695297   4978.938     548241  0.000e+00
    -1.9577  26.707076     73.000 331.298498     695298   4978.938     548364  0.000e+00
    -1.9574  26.706846     73.372 331.298501     695292   4978.922     548486  0.000e+00
    -1.9576  26.707078     73.746 331.298504     695296   4978.938     548609  0.000e+00
    -1.9578  26.707368     74.121 331.298507     695300   4978.957     548732  0.000e+00
    -1.9575  26.707658     74.493 331.298510     695295   4978.977     548854  0.000e+00
    -1.9577  26.707890     74.856 331.298513     695298   4978.992     548973  0.000e+00
    -1.9577  26.708180     75.227 331.298516     695299   4979.012     549095  0.000e+00
    -1.9578  26.707892     75.608 331.298519     695300   4978.992     549220  0.000e+00
    -1.9578  26.708182     75.983 331.298521     695300   4979.012     549343  0.000e+00
    -1.9578  26.708760     76.348 331.298524     695300   4979.051     549463  0.000e+00
    -1.9578  26.708704     76.726 331.298527     695300   4979.047     549587  0.000e+00
    -1.9574  26.708993     77.092 331.298530     695293   4979.066     549707  0.000e+00
    -1.9578  26.709226     77.470 331.298533     695301   4979.082     549831  0.000e+00
    -1.9578  26.709573     77.838 331.298536     695301   4979.105     549952  0.000e+00
    -1.9573  26.709978     78.204 331.298539     695289   4979.133     550072  0.000e+00
    -1.9575  26.710095     78.579 331.298542     695294   4979.141     550195  0.000e+00
    -1.9579  26.710269     78.963 331.298545     695302   4979.152     550321  0.000e+00
    -1.9577  26.710387     79.673 331.298547     695298   4979.160     550554  0.000e+00
    -1.9578  26.710793     80.483 331.298550     695301   4979.188     550820  0.000e+00
    -1.9580  26.710679     81.050 331.298553     695305   4979.180     551006  0.000e+00
    -1.9579  26.710969     81.485 331.298556     695302   4979.199     551149  0.000e+00
    -1.9579  26.711317     81.881 331.298559     695303   4979.223     551279  0.000e+00
    -1.9579  26.711202     82.256 331.298562     695302   4979.215     551402  0.000e+00
    -1.9583  26.711550     82.604 331.298565     695312   4979.238     551516  0.000e+00
    -1.9580  26.712071     82.957 331.298568     695306   4979.273     551632  0.000e+00
    -1.9580  26.712072     83.301 331.298571     695305   4979.273     551745  0.000e+00
    -1.9581  26.712304     83.640 331.298573     695307   4979.289     551856  0.000e+00
    -1.9580  26.712882     83.978 331.298576     695306   4979.328     551967  0.000e+00
    -1.9580  26.712594     84.304 331.298579     695305   4979.309     552074  0.000e+00
    -1.9583  26.712884     84.618 331.298582     695311   4979.328     552177  0.000e+00
    -1.9582  26.713405     84.947 331.298585     695309   4979.363     552285  0.000e+00
    -1.9580  26.713406     85.276 331.298588     695305   4979.363     552393  0.000e+00
    -1.9583  26.713638     85.589 331.298591     695311   4979.379     552496  0.000e+00
    -1.9585  26.713985     85.909 331.298594     695316   4979.402     552601  0.000e+00
    -1.9582  26.714159     86.238 331.298597     695309   4979.414     552709  0.000e+00
    -1.9583  26.714276     86.561 331.298600     695312   4979.422     552815  0.000e+00
    -1.9583  26.714681     86.890 331.298602     695311   4979.449     552923  0.000e+00
    -1.9582  26.714798     87.219 331.298605     695310   4979.457     553031  0.000e+00
    -1.9582  26.715203     87.546 331.298608     695309   4979.484     553138  0.000e+00
    -1.9583  26.715608     87.875 331.298611     695313   4979.512     553246  0.000e+00
    -1.9583  26.715898     88.213 331.298614     695312   4979.531     553357  0.000e+00
    -1.9583  26.715957     88.533 331.298617     695312   4979.535     553462  0.000e+00
    -1.9586  26.716189     88.856 331.298620     695318   4979.551     553568  0.000e+00
    -1.9584  26.716478     89.194 331.298623     695314   4979.570     553679  0.000e+00
    -1.9585  26.716710     89.502 331.298626     695316   4979.586     553780  0.000e+00
    -1.9584  26.717000     89.818 331.298628     695315   4979.605     553884  0.000e+00
    -1.9585  26.717579     90.147 331.298631     695316   4979.645     553992  0.000e+00
    -1.9583  26.717811     90.470 331.298634     695311   4979.660     554098  0.000e+00
    -1.9585  26.717812     90.778 331.298637     695317   4979.660     554199  0.000e+00
    -1.9585  26.718101     91.107 331.298640     695316   4979.680     554307  0.000e+00
