sbs/tests/resources/orca-test-data/SBE19plus/4794/4794_018_KiM.cnv
* Sea-Bird SBE19plus Data File:
* FileName = C:\Documents and Settings\stevens\Desktop\K131_2007\CTD\4794_018.hex
* Software Version 1.50
* Temperature SN =  4977
* Conductivity SN =  4977
* System UpLoad Time = Nov 26 2007 16:00:05
** K131 McMurdo SeaIce Work
** nov-dec 2007
** using chch plastic ctd
** times are local (NZ daylight savings)
# nquan = 8
# nvalues = 4565                                  
# units = specified
# name 0 = tv290C: Temperature [ITS-90, deg C]
# name 1 = c0mS/cm: Conductivity [mS/cm]
# name 2 = prdM: Pressure, Strain Gauge [db]
# name 3 = timeJ: Julian Days
# name 4 = f0: Frequency 0
# name 5 = f1: Frequency 1
# name 6 = f2: Frequency 2
# name 7 = flag:  0.000e+00
# span 0 =    -2.4578,    -1.8968                 
# span 1 =   0.046830,  27.376381                 
# span 2 =     -0.304,    362.935                 
# span 3 = 330.648472, 330.661678                 
# span 4 =     693947,     706464                 
# span 5 =   2608.094,   5023.930                 
# span 6 =     524304,     643548                 
# span 7 = 0.0000e+00, 0.0000e+00                 
# interval = seconds: 0.25
# start_time = Nov 26 2007 15:33:48 [Instrument's time stamp, header]
# bad_flag = -9.990e-29
*END*
[from data line 4495]
    -1.9178  27.223521      0.677 330.661479     694414   5013.742     524626  0.000e+00
    -1.9179  27.224452      0.622 330.661481     694416   5013.805     524608  0.000e+00
    -1.9181  27.224219      0.570 330.661484     694419   5013.789     524591  0.000e+00
    -1.9182  27.224102      0.515 330.661487     694421   5013.781     524573  0.000e+00
    -1.9183  27.224742      0.451 330.661490     694423   5013.824     524552  0.000e+00
    -1.9183  27.226022      0.403 330.661493     694424   5013.910     524536  0.000e+00
    -1.9183  27.227361      0.378 330.661496     694425   5014.000     524528  0.000e+00
    -1.9184  27.227186      0.354 330.661499     694426   5013.988     524520  0.000e+00
    -1.9183  27.227884      0.332 330.661502     694424   5014.035     524513  0.000e+00
    -1.9184  27.222065      0.296 330.661505     694427   5013.645     524501  0.000e+00
    -1.9185  27.227709      0.244 330.661508     694428   5014.023     524484  0.000e+00
    -1.9183  27.228408      0.177 330.661510     694425   5014.070     524462  0.000e+00
    -1.9184  27.228000      0.131 330.661513     694426   5014.043     524447  0.000e+00
    -1.9185  27.204610      0.079 330.661516     694428   5012.473     524430  0.000e+00
    -1.9184  27.228931      0.028 330.661519     694426   5014.105     524413  0.000e+00
    -1.9184  27.195827     -0.021 330.661522     694427   5011.883     524397  0.000e+00
    -1.9184  27.217817     -0.073 330.661525     694427   5013.359     524380  0.000e+00
    -1.9184  27.232480     -0.122 330.661528     694427   5014.344     524364  0.000e+00
    -1.9183  27.232131     -0.176 330.661531     694424   5014.320     524346  0.000e+00
    -1.9183  27.231898     -0.222 330.661534     694423   5014.305     524331  0.000e+00
    -1.9181  27.231607     -0.259 330.661536     694420   5014.285     524319  0.000e+00
    -1.9181  27.231083     -0.295 330.661539     694419   5014.250     524307  0.000e+00
    -1.9179  27.215140     -0.304 330.661542     694416   5013.180     524304  0.000e+00
    -1.9177  27.226835     -0.298 330.661545     694411   5013.965     524306  0.000e+00
    -1.9174  27.222936     -0.301 330.661548     694403   5013.703     524305  0.000e+00
    -1.9170  27.210194     -0.304 330.661551     694396   5012.848     524304  0.000e+00
    -1.9167  27.209380     -0.301 330.661554     694389   5012.793     524305  0.000e+00
    -1.9163  27.228872     -0.304 330.661557     694379   5014.102     524304  0.000e+00
    -1.9160  27.228697     -0.301 330.661560     694374   5014.090     524305  0.000e+00
    -1.9157  27.229395     -0.301 330.661563     694367   5014.137     524305  0.000e+00
    -1.9151  22.183687     -0.304 330.661565     694354   4662.973     524304  0.000e+00
    -1.9144   5.219810     -0.301 330.661568     694338   3208.879     524305  0.000e+00
    -1.9133   4.013700     -0.295 330.661571     694314   3079.313     524307  0.000e+00
    -1.9123   3.041452     -0.298 330.661574     694291   2970.750     524306  0.000e+00
    -1.9122   2.979551     -0.298 330.661577     694288   2963.703     524306  0.000e+00
    -1.9129   3.132822     -0.298 330.661580     694304   2981.121     524306  0.000e+00
    -1.9108   3.420623     -0.295 330.661583     694258   3013.555     524307  0.000e+00
    -1.9103   3.708056     -0.301 330.661586     694246   3045.602     524305  0.000e+00
    -1.9085   4.174125     -0.301 330.661589     694206   3096.859     524305  0.000e+00
    -1.9078   3.994050     -0.292 330.661591     694192   3077.156     524308  0.000e+00
    -1.9065   4.708928     -0.304 330.661594     694163   3154.648     524304  0.000e+00
    -1.9044   4.553804     -0.289 330.661597     694115   3137.996     524309  0.000e+00
    -1.9030   4.419220     -0.301 330.661600     694084   3123.477     524305  0.000e+00
    -1.9017   4.118487     -0.298 330.661603     694056   3090.785     524306  0.000e+00
    -1.9009   3.801586     -0.298 330.661606     694039   3055.957     524306  0.000e+00
    -1.9002   3.536470     -0.295 330.661609     694023   3026.512     524307  0.000e+00
    -1.9003   3.489191     -0.298 330.661612     694024   3021.230     524306  0.000e+00
    -1.8991   3.166422     -0.298 330.661615     693997   2984.926     524306  0.000e+00
    -1.8997   2.662939     -0.301 330.661617     694011   2927.395     524305  0.000e+00
    -1.8986   2.081150     -0.298 330.661620     693988   2859.473     524306  0.000e+00
    -1.8998   1.884617     -0.292 330.661623     694013   2836.160     524308  0.000e+00
    -1.8991   3.074591     -0.286 330.661626     693997   2974.516     524310  0.000e+00
    -1.8989   2.924806     -0.280 330.661629     693993   2957.457     524312  0.000e+00
    -1.8997   2.080489     -0.283 330.661632     694012   2859.395     524311  0.000e+00
    -1.8988   1.627585     -0.283 330.661635     693991   2805.379     524311  0.000e+00
    -1.8979   1.510738     -0.283 330.661638     693972   2791.273     524311  0.000e+00
    -1.8991   1.483126     -0.289 330.661641     693997   2787.930     524309  0.000e+00
    -1.8986   1.487479     -0.286 330.661644     693986   2788.457     524310  0.000e+00
    -1.8984   1.382666     -0.286 330.661646     693982   2775.730     524310  0.000e+00
    -1.8982   1.206880     -0.283 330.661649     693977   2754.254     524311  0.000e+00
    -1.8982   1.076205     -0.286 330.661652     693978   2738.180     524310  0.000e+00
    -1.8990   0.764866     -0.286 330.661655     693995   2699.496     524310  0.000e+00
    -1.8985   0.611338     -0.289 330.661658     693985   2680.215     524309  0.000e+00
    -1.8978   0.642943     -0.289 330.661661     693969   2684.195     524309  0.000e+00
    -1.8986   0.735793     -0.289 330.661664     693988   2695.855     524309  0.000e+00
    -1.8980   0.830643     -0.289 330.661667     693973   2707.715     524309  0.000e+00
    -1.8975   0.787509     -0.289 330.661670     693963   2702.328     524309  0.000e+00
    -1.8968   0.745896     -0.283 330.661672     693947   2697.121     524311  0.000e+00
    -1.8973   0.747705     -0.283 330.661675     693959   2697.348     524311  0.000e+00
    -1.8979   0.751791     -0.289 330.661678     693972   2697.859     524309  0.000e+00
