sbs/tests/resources/orca-test-data/SBE19plus/4794/4794_031_KiM.cnv
* Sea-Bird SBE19plus Data File:
* FileName = C:\Documents and Settings\stevens\Desktop\K131_2007\CTD\4794_031.hex
* Software Version 1.50
* Temperature SN =  4977
* Conductivity SN =  4977
* System UpLoad Time = Nov 27 2007 03:47:52
** K131 McMurdo SeaIce Work
** nov-dec 2007
** using chch plastic ctd
** times are local (NZ daylight savings)
# nquan = 8
# nvalues = 8223                                  
# units = specified
# name 0 = tv290C: Temperature [ITS-90, deg C]
# name 1 = c0mS/cm: Conductivity [mS/cm]
# name 2 = prdM: Pressure, Strain Gauge [db]
# name 3 = timeJ: Julian Days
# name 4 = f0: Frequency 0
# name 5 = f1: Frequency 1
# name 6 = f2: Frequency 2
# name 7 = flag:  0.000e+00
# span 0 =    -5.9646,    -1.9083                 
# span 1 =   0.001493,  27.377888                 
# span 2 =     -0.259,    359.561                 
# span 3 = 331.131424, 331.155214                 
# span 4 =     694202,     787957                 
# span 5 =   2602.215,   5024.031                 
# span 6 =     524319,     642440                 
# span 7 = 0.0000e+00, 0.0000e+00                 
# interval = seconds: 0.25
# start_time = Nov 27 2007 03:09:15 [Instrument's time stamp, header]
# bad_flag = -9.990e-29
*END*
[from data line 4315]
    -2.0798   0.203655     15.750 331.143909     698014   2628.328     529573  0.000e+00
    -2.0807   0.193325     15.652 331.143912     698033   2627.000     529541  0.000e+00
    -2.0816   0.185033     15.628 331.143915     698054   2625.934     529533  0.000e+00
    -2.0824   0.175016     15.634 331.143918     698072   2624.645     529535  0.000e+00
    -2.0838   0.165336     15.631 331.143921     698104   2623.398     529534  0.000e+00
    -2.0857   0.156662     15.640 331.143924     698145   2622.281     529537  0.000e+00
    -2.0874   0.148871     15.646 331.143927     698183   2621.277     529539  0.000e+00
    -2.0889   0.141689     15.649 331.143929     698216   2620.352     529540  0.000e+00
    -2.0903   0.134903     15.652 331.143932     698247   2619.477     529541  0.000e+00
    -2.0915   0.128967     15.655 331.143935     698275   2618.711     529542  0.000e+00
    -2.0921   0.123577     15.659 331.143938     698288   2618.016     529543  0.000e+00
    -2.0928   0.118190     15.659 331.143941     698303   2617.320     529543  0.000e+00
    -2.0930   0.113197     15.665 331.143944     698308   2616.676     529545  0.000e+00
    -2.0934   0.108900     15.662 331.143947     698316   2616.121     529544  0.000e+00
    -2.0938   0.104847     15.665 331.143950     698325   2615.598     529545  0.000e+00
    -2.0939   0.100886     15.662 331.143953     698328   2615.086     529544  0.000e+00
    -2.0939   0.097106     15.665 331.143955     698327   2614.598     529545  0.000e+00
    -2.0943   0.094083     15.668 331.143958     698336   2614.207     529546  0.000e+00
    -2.0949   0.091483     15.668 331.143961     698351   2613.871     529546  0.000e+00
    -2.0953   0.089307     15.662 331.143964     698359   2613.590     529544  0.000e+00
    -2.0957   0.085137     15.662 331.143967     698369   2613.051     529544  0.000e+00
    -2.0958   0.082146     15.668 331.143970     698371   2612.664     529546  0.000e+00
    -2.0958   0.079216     15.662 331.143973     698371   2612.285     529544  0.000e+00
    -2.0956   0.076799     15.659 331.143976     698366   2611.973     529543  0.000e+00
    -2.0950   0.074202     15.662 331.143979     698352   2611.637     529544  0.000e+00
    -2.0944   0.071545     15.662 331.143981     698340   2611.293     529544  0.000e+00
    -2.0939   0.069069     15.668 331.143984     698328   2610.973     529546  0.000e+00
    -2.0934   0.066654     15.662 331.143987     698316   2610.660     529544  0.000e+00
    -2.0926   0.064571     15.665 331.143990     698298   2610.391     529545  0.000e+00
    -2.0921   0.061975     15.668 331.143993     698287   2610.055     529546  0.000e+00
    -2.0914   0.057720     15.662 331.143996     698272   2609.504     529544  0.000e+00
    -2.0906   0.052591     15.652 331.143999     698255   2608.840     529541  0.000e+00
    -2.0901   0.050419     15.659 331.144002     698244   2608.559     529543  0.000e+00
    -2.0896   0.049605     15.659 331.144005     698233   2608.453     529543  0.000e+00
    -2.0889   0.048851     15.662 331.144008     698217   2608.355     529544  0.000e+00
    -2.0882   0.047916     15.656 331.144010     698200   2608.234     529542  0.000e+00
    -2.0878   0.046920     15.653 331.144013     698193   2608.105     529541  0.000e+00
    -2.0872   0.046347     15.665 331.144016     698178   2608.031     529545  0.000e+00
    -2.0868   0.045835     15.662 331.144019     698170   2607.965     529544  0.000e+00
    -2.0865   0.045081     15.659 331.144022     698162   2607.867     529543  0.000e+00
    -2.0860   0.044417     15.656 331.144025     698151   2607.781     529542  0.000e+00
    -2.0855   0.043694     15.656 331.144028     698140   2607.688     529542  0.000e+00
    -2.0852   0.042910     15.659 331.144031     698134   2607.586     529543  0.000e+00
    -2.0849   0.042005     15.656 331.144034     698128   2607.469     529542  0.000e+00
    -2.0843   0.041010     15.652 331.144036     698114   2607.340     529541  0.000e+00
    -2.0839   0.039834     15.659 331.144039     698106   2607.188     529543  0.000e+00
    -2.0836   0.038659     15.653 331.144042     698099   2607.035     529541  0.000e+00
    -2.0833   0.037905     15.659 331.144045     698091   2606.938     529543  0.000e+00
    -2.0830   0.037182     15.656 331.144048     698085   2606.844     529542  0.000e+00
    -2.0826   0.036488     15.659 331.144051     698077   2606.754     529543  0.000e+00
    -2.0823   0.035735     15.656 331.144054     698070   2606.656     529542  0.000e+00
    -2.0820   0.035011     15.656 331.144057     698063   2606.563     529542  0.000e+00
    -2.0816   0.034198     15.653 331.144060     698055   2606.457     529541  0.000e+00
    -2.0816   0.033324     15.655 331.144063     698054   2606.344     529542  0.000e+00
    -2.0812   0.032178     15.659 331.144065     698045   2606.195     529543  0.000e+00
    -2.0807   0.031425     15.659 331.144068     698035   2606.098     529543  0.000e+00
    -2.0805   0.030431     15.653 331.144071     698030   2605.969     529541  0.000e+00
    -2.0803   0.029014     15.662 331.144074     698025   2605.785     529544  0.000e+00
    -2.0799   0.027930     15.659 331.144077     698015   2605.645     529543  0.000e+00
    -2.0796   0.027267     15.662 331.144080     698009   2605.559     529544  0.000e+00
    -2.0793   0.026755     15.659 331.144083     698002   2605.492     529543  0.000e+00
    -2.0793   0.026242     15.659 331.144086     698003   2605.426     529543  0.000e+00
    -2.0789   0.025851     15.656 331.144089     697994   2605.375     529542  0.000e+00
    -2.0785   0.025459     15.662 331.144091     697986   2605.324     529544  0.000e+00
    -2.0786   0.025188     15.659 331.144094     697987   2605.289     529543  0.000e+00
    -2.0781   0.025007     15.656 331.144097     697976   2605.266     529542  0.000e+00
    -2.0779   0.024857     15.656 331.144100     697972   2605.246     529542  0.000e+00
    -2.0777   0.024766     15.665 331.144103     697966   2605.234     529545  0.000e+00
    -2.0773   0.024857     15.649 331.144106     697958   2605.246     529540  0.000e+00
    -2.0771   0.024796     15.659 331.144109     697953   2605.238     529543  0.000e+00
    -2.0769   0.024917     15.656 331.144112     697950   2605.254     529542  0.000e+00
    -2.0767   0.024917     15.659 331.144115     697945   2605.254     529543  0.000e+00
    -2.0766   0.024857     15.708 331.144117     697943   2605.246     529559  0.000e+00
    -2.0765   0.024857     15.790 331.144120     697941   2605.246     529586  0.000e+00
    -2.0763   0.024796     15.857 331.144123     697936   2605.238     529608  0.000e+00
    -2.0759   0.024676     15.869 331.144126     697928   2605.223     529612  0.000e+00
    -2.0760   0.024435     15.869 331.144129     697929   2605.191     529612  0.000e+00
    -2.0762   0.024254     15.866 331.144132     697933   2605.168     529611  0.000e+00
    -2.0764   0.023923     15.881 331.144135     697938   2605.125     529616  0.000e+00
    -2.0764   0.023591     15.881 331.144138     697939   2605.082     529616  0.000e+00
    -2.0763   0.023320     15.887 331.144141     697935   2605.047     529618  0.000e+00
    -2.0759   0.023019     15.909 331.144144     697926   2605.008     529625  0.000e+00
    -2.0758   0.022748     15.942 331.144146     697925   2604.973     529636  0.000e+00
    -2.0759   0.022507     16.027 331.144149     697927   2604.941     529664  0.000e+00
    -2.0754   0.022266     16.134 331.144152     697917   2604.910     529699  0.000e+00
    -2.0754   0.022085     16.256 331.144155     697915   2604.887     529739  0.000e+00
    -2.0750   0.021935     16.350 331.144158     697908   2604.867     529770  0.000e+00
    -2.0747   0.021844     16.402 331.144161     697900   2604.855     529787  0.000e+00
    -2.0748   0.021694     16.405 331.144164     697903   2604.836     529788  0.000e+00
    -2.0751   0.021513     16.417 331.144167     697910   2604.813     529792  0.000e+00
    -2.0754   0.021362     16.439 331.144170     697917   2604.793     529799  0.000e+00
    -2.0754   0.021182     16.524 331.144172     697916   2604.770     529827  0.000e+00
    -2.0755   0.021272     16.698 331.144175     697919   2604.781     529884  0.000e+00
    -2.0752   0.021513     16.936 331.144178     697912   2604.813     529962  0.000e+00
    -2.0751   0.021754     17.198 331.144181     697909   2604.844     530048  0.000e+00
    -2.0741   0.021754     17.432 331.144184     697888   2604.844     530125  0.000e+00
    -2.0736   0.022266     17.600 331.144187     697875   2604.910     530180  0.000e+00
    -2.0735   1.899679     17.697 331.144190     697873   2837.953     530212  0.000e+00
    -2.0733   4.418183     17.734 331.144193     697869   3123.363     530224  0.000e+00
    -2.0741   4.426347     17.740 331.144196     697888   3124.246     530226  0.000e+00
    -2.0752   4.443588     17.737 331.144198     697912   3126.109     530225  0.000e+00
    -2.0762   4.421759     17.734 331.144201     697933   3123.750     530224  0.000e+00
    -2.0760   4.357129     17.737 331.144204     697929   3116.754     530225  0.000e+00
    -2.0763   4.428118     17.734 331.144207     697936   3124.438     530224  0.000e+00
    -2.0764   4.541841     17.731 331.144210     697939   3136.707     530223  0.000e+00
    -2.0765   4.865838     17.728 331.144213     697941   3171.402     530222  0.000e+00
    -2.0762   4.856633     17.734 331.144216     697934   3170.422     530224  0.000e+00
    -2.0764   4.738177     17.725 331.144219     697938   3157.777     530221  0.000e+00
    -2.0768   4.612849     17.728 331.144222     697946   3144.344     530222  0.000e+00
    -2.0768   4.513776     17.725 331.144225     697946   3133.684     530221  0.000e+00
    -2.0764   4.446589     17.722 331.144227     697939   3126.434     530220  0.000e+00
    -2.0765   4.397239     17.734 331.144230     697940   3121.098     530224  0.000e+00
    -2.0760   4.335941     17.734 331.144233     697930   3114.457     530224  0.000e+00
    -2.0758   4.339364     17.746 331.144236     697925   3114.828     530228  0.000e+00
    -2.0756   4.362680     17.777 331.144239     697921   3117.355     530238  0.000e+00
    -2.0753   4.439684     17.804 331.144242     697914   3125.688     530247  0.000e+00
    -2.0749   4.515624     17.853 331.144245     697905   3133.883     530263  0.000e+00
    -2.0747   4.659652     17.907 331.144248     697900   3149.367     530281  0.000e+00
    -2.0746   4.744167     17.984 331.144251     697897   3158.418     530306  0.000e+00
    -2.0741   4.725033     18.118 331.144253     697887   3156.371     530350  0.000e+00
    -2.0737   5.224424     18.288 331.144256     697878   3209.363     530406  0.000e+00
    -2.0738   5.623478     18.462 331.144259     697880   3251.086     530463  0.000e+00
    -2.0731   6.197864     18.596 331.144262     697865   3310.215     530507  0.000e+00
    -2.0728   6.459237     18.697 331.144265     697858   3336.773     530540  0.000e+00
    -2.0732   6.383443     18.748 331.144268     697868   3329.094     530557  0.000e+00
    -2.0725   6.355691     18.764 331.144271     697851   3326.277     530562  0.000e+00
    -2.0727   5.964880     18.770 331.144274     697855   3286.359     530564  0.000e+00
    -2.0733   5.654215     18.773 331.144277     697869   3254.277     530565  0.000e+00
    -2.0738   5.363753     18.770 331.144280     697881   3223.992     530564  0.000e+00
    -2.0736   5.128623     18.770 331.144282     697876   3199.266     530564  0.000e+00
    -2.0730   4.949291     18.767 331.144285     697862   3180.277     530563  0.000e+00
    -2.0734   4.801354     18.776 331.144288     697871   3164.527     530566  0.000e+00
    -2.0729   4.584062     18.785 331.144291     697861   3141.250     530569  0.000e+00
    -2.0728   4.501022     18.831 331.144294     697857   3132.309     530584  0.000e+00
    -2.0728   4.484942     18.953 331.144297     697857   3130.574     530624  0.000e+00
    -2.0722   4.123073     19.151 331.144300     697845   3091.285     530689  0.000e+00
    -2.0717   3.990999     19.425 331.144303     697833   3076.820     530779  0.000e+00
    -2.0708   3.944957     19.702 331.144306     697813   3071.762     530870  0.000e+00
    -2.0694   3.866913     19.998 331.144308     697783   3063.168     530967  0.000e+00
    -2.0680   3.306185     20.336 331.144311     697752   3000.699     531078  0.000e+00
    -2.0653   1.933505     20.656 331.144314     697691   2841.977     531183  0.000e+00
    -2.0635   1.459060     20.964 331.144317     697651   2785.012     531284  0.000e+00
    -2.0612   1.569464     21.269 331.144320     697600   2798.371     531384  0.000e+00
    -2.0590   1.387678     21.558 331.144323     697551   2776.340     531479  0.000e+00
    -2.0563   1.266391     21.799 331.144326     697491   2761.543     531558  0.000e+00
    -2.0539   1.123468     22.006 331.144329     697437   2744.004     531626  0.000e+00
    -2.0529   1.028260     22.204 331.144332     697416   2732.258     531691  0.000e+00
    -2.0525   0.991262     22.399 331.144334     697407   2727.680     531755  0.000e+00
    -2.0517   1.321383     22.585 331.144337     697389   2768.262     531816  0.000e+00
    -2.0510   3.855368     22.734 331.144340     697373   3061.895     531865  0.000e+00
    -2.0511   5.463141     22.853 331.144343     697374   3234.387     531904  0.000e+00
    -2.0524   7.618213     22.947 331.144346     697404   3452.070     531935  0.000e+00
    -2.0538   7.820745     23.011 331.144349     697435   3471.824     531956  0.000e+00
    -2.0568   8.198186     23.063 331.144352     697502   3508.340     531973  0.000e+00
    -2.0585   8.272905     23.103 331.144355     697540   3515.523     531986  0.000e+00
    -2.0599   6.857122     23.182 331.144358     697570   3376.801     532012  0.000e+00
    -2.0611   5.775615     23.313 331.144361     697597   3266.852     532055  0.000e+00
    -2.0611   5.251759     23.517 331.144363     697598   3212.238     532122  0.000e+00
    -2.0611   5.142504     23.752 331.144366     697598   3200.730     532199  0.000e+00
    -2.0597   5.060175     23.989 331.144369     697567   3192.031     532277  0.000e+00
    -2.0585   4.964341     24.248 331.144372     697540   3181.875     532362  0.000e+00
    -2.0572   4.793708     24.553 331.144375     697510   3163.711     532462  0.000e+00
    -2.0546   4.429096     24.846 331.144378     697452   3124.543     532558  0.000e+00
    -2.0520   2.921292     25.132 331.144381     697396   2957.055     532652  0.000e+00
    -2.0494   2.005289     25.425 331.144384     697338   2850.496     532748  0.000e+00
    -2.0474   1.840454     25.742 331.144387     697293   2830.895     532852  0.000e+00
    -2.0444   1.811108     26.025 331.144389     697226   2827.391     532945  0.000e+00
    -2.0422   1.782877     26.321 331.144392     697178   2824.016     533042  0.000e+00
    -2.0389   1.762573     26.625 331.144395     697103   2821.586     533142  0.000e+00
    -2.0364   1.774224     26.918 331.144398     697049   2822.980     533238  0.000e+00
    -2.0338   1.811010     27.183 331.144401     696991   2827.379     533325  0.000e+00
    -2.0320   1.827363     27.454 331.144404     696950   2829.332     533414  0.000e+00
    -2.0301   1.869082     27.740 331.144407     696907   2834.309     533508  0.000e+00
    -2.0284   1.913172     27.999 331.144410     696869   2839.559     533593  0.000e+00
    -2.0265   1.934098     28.237 331.144413     696828   2842.047     533671  0.000e+00
    -2.0246   1.961983     28.490 331.144416     696785   2845.359     533754  0.000e+00
    -2.0232   1.975280     28.758 331.144418     696754   2846.938     533842  0.000e+00
    -2.0217   1.998237     29.005 331.144421     696722   2849.660     533923  0.000e+00
    -2.0205   2.062713     29.240 331.144424     696695   2857.293     534000  0.000e+00
