sbs/tests/resources/orca-test-data/SBE19plus/4794/4794_018_KiM.cnv
* Sea-Bird SBE19plus Data File:
* FileName = C:\Documents and Settings\stevens\Desktop\K131_2007\CTD\4794_018.hex
* Software Version 1.50
* Temperature SN =  4977
* Conductivity SN =  4977
* System UpLoad Time = Nov 26 2007 16:00:05
** K131 McMurdo SeaIce Work
** nov-dec 2007
** using chch plastic ctd
** times are local (NZ daylight savings)
# nquan = 8
# nvalues = 4565                                  
# units = specified
# name 0 = tv290C: Temperature [ITS-90, deg C]
# name 1 = c0mS/cm: Conductivity [mS/cm]
# name 2 = prdM: Pressure, Strain Gauge [db]
# name 3 = timeJ: Julian Days
# name 4 = f0: Frequency 0
# name 5 = f1: Frequency 1
# name 6 = f2: Frequency 2
# name 7 = flag:  0.000e+00
# span 0 =    -2.4578,    -1.8968                 
# span 1 =   0.046830,  27.376381                 
# span 2 =     -0.304,    362.935                 
# span 3 = 330.648472, 330.661678                 
# span 4 =     693947,     706464                 
# span 5 =   2608.094,   5023.930                 
# span 6 =     524304,     643548                 
# span 7 = 0.0000e+00, 0.0000e+00                 
# interval = seconds: 0.25
# start_time = Nov 26 2007 15:33:48 [Instrument's time stamp, header]
# bad_flag = -9.990e-29
*END*
[from data line 720]
    -1.9593  27.145200    185.084 330.650556     695334   5008.449     585154  0.000e+00
    -1.9595  27.145434    185.428 330.650558     695338   5008.465     585267  0.000e+00
    -1.9589  27.145958    185.785 330.650561     695326   5008.500     585384  0.000e+00
    -1.9590  27.146017    186.132 330.650564     695327   5008.504     585498  0.000e+00
    -1.9593  27.146250    186.485 330.650567     695335   5008.520     585614  0.000e+00
    -1.9588  27.146774    186.839 330.650570     695323   5008.555     585730  0.000e+00
    -1.9589  27.146833    187.198 330.650573     695326   5008.559     585848  0.000e+00
    -1.9592  27.147009    187.542 330.650576     695331   5008.570     585961  0.000e+00
    -1.9587  27.147416    187.908 330.650579     695320   5008.598     586081  0.000e+00
    -1.9588  27.148115    188.273 330.650582     695323   5008.645     586201  0.000e+00
    -1.9594  27.147651    188.621 330.650584     695336   5008.613     586315  0.000e+00
    -1.9588  27.148640    188.992 330.650587     695324   5008.680     586437  0.000e+00
    -1.9588  27.149048    189.373 330.650590     695322   5008.707     586562  0.000e+00
    -1.9594  27.148875    189.739 330.650593     695337   5008.695     586682  0.000e+00
    -1.9590  27.149689    190.113 330.650596     695327   5008.750     586805  0.000e+00
    -1.9591  27.150213    190.494 330.650599     695330   5008.785     586930  0.000e+00
    -1.9597  27.150215    190.869 330.650602     695344   5008.785     587053  0.000e+00
    -1.9594  27.151029    191.262 330.650605     695336   5008.840     587182  0.000e+00
    -1.9590  27.150740    191.661 330.650608     695327   5008.820     587313  0.000e+00
    -1.9597  27.151613    192.057 330.650611     695343   5008.879     587443  0.000e+00
    -1.9597  27.151788    192.437 330.650613     695342   5008.891     587568  0.000e+00
    -1.9590  27.152836    192.840 330.650616     695328   5008.961     587700  0.000e+00
    -1.9596  27.155511    193.217 330.650619     695340   5009.141     587824  0.000e+00
    -1.9597  27.156035    193.601 330.650622     695342   5009.176     587950  0.000e+00
    -1.9594  27.157199    193.997 330.650625     695336   5009.254     588080  0.000e+00
    -1.9597  27.157607    194.372 330.650628     695343   5009.281     588203  0.000e+00
    -1.9595  27.156619    194.740 330.650631     695339   5009.215     588324  0.000e+00
    -1.9593  27.157609    195.115 330.650634     695334   5009.281     588447  0.000e+00
    -1.9594  27.158365    195.484 330.650637     695336   5009.332     588568  0.000e+00
    -1.9596  27.158308    195.831 330.650639     695341   5009.328     588682  0.000e+00
    -1.9593  27.156797    196.203 330.650642     695335   5009.227     588804  0.000e+00
    -1.9594  27.160287    196.559 330.650645     695337   5009.461     588921  0.000e+00
    -1.9596  27.159474    196.894 330.650648     695340   5009.406     589031  0.000e+00
    -1.9594  27.160288    197.235 330.650651     695336   5009.461     589143  0.000e+00
    -1.9594  27.160522    197.570 330.650654     695337   5009.477     589253  0.000e+00
    -1.9597  27.161279    197.899 330.650657     695342   5009.527     589361  0.000e+00
    -1.9595  27.161686    198.204 330.650660     695338   5009.555     589461  0.000e+00
    -1.9594  27.161280    198.524 330.650663     695336   5009.527     589566  0.000e+00
    -1.9595  27.161107    198.822 330.650666     695339   5009.516     589664  0.000e+00
    -1.9597  27.161805    199.118 330.650668     695342   5009.563     589761  0.000e+00
    -1.9595  27.160294    199.410 330.650671     695339   5009.461     589857  0.000e+00
    -1.9598  27.161283    199.696 330.650674     695345   5009.527     589951  0.000e+00
    -1.9597  27.162389    199.974 330.650677     695343   5009.602     590042  0.000e+00
    -1.9597  27.162506    200.245 330.650680     695343   5009.609     590131  0.000e+00
    -1.9598  27.162913    200.525 330.650683     695346   5009.637     590223  0.000e+00
    -1.9599  27.163088    200.805 330.650686     695347   5009.648     590315  0.000e+00
    -1.9601  27.162624    201.070 330.650689     695351   5009.617     590402  0.000e+00
    -1.9597  27.163090    201.335 330.650692     695342   5009.648     590489  0.000e+00
    -1.9598  27.163672    201.603 330.650694     695345   5009.688     590577  0.000e+00
    -1.9600  27.163615    201.865 330.650697     695349   5009.684     590663  0.000e+00
    -1.9600  27.163150    202.109 330.650700     695350   5009.652     590743  0.000e+00
    -1.9600  27.163965    202.362 330.650703     695349   5009.707     590826  0.000e+00
    -1.9603  27.163907    202.612 330.650706     695356   5009.703     590908  0.000e+00
    -1.9601  27.163966    202.843 330.650709     695353   5009.707     590984  0.000e+00
    -1.9600  27.165304    203.062 330.650712     695349   5009.797     591056  0.000e+00
    -1.9598  27.164490    203.279 330.650715     695345   5009.742     591127  0.000e+00
    -1.9601  27.164491    203.498 330.650718     695351   5009.742     591199  0.000e+00
    -1.9604  27.165015    203.723 330.650720     695359   5009.777     591273  0.000e+00
    -1.9605  27.165829    203.958 330.650723     695361   5009.832     591350  0.000e+00
    -1.9607  27.165597    204.199 330.650726     695366   5009.816     591429  0.000e+00
    -1.9610  27.166063    204.448 330.650729     695372   5009.848     591511  0.000e+00
    -1.9613  27.165890    204.710 330.650732     695379   5009.836     591597  0.000e+00
    -1.9612  27.166588    204.966 330.650735     695377   5009.883     591681  0.000e+00
    -1.9615  27.166705    205.240 330.650738     695383   5009.891     591771  0.000e+00
    -1.9616  27.167113    205.515 330.650741     695386   5009.918     591861  0.000e+00
    -1.9615  27.167637    205.786 330.650744     695382   5009.953     591950  0.000e+00
    -1.9615  27.164207    206.078 330.650747     695382   5009.723     592046  0.000e+00
    -1.9616  27.168162    206.364 330.650749     695386   5009.988     592140  0.000e+00
    -1.9616  27.168686    206.642 330.650752     695385   5010.023     592231  0.000e+00
    -1.9614  27.169500    206.928 330.650755     695380   5010.078     592325  0.000e+00
    -1.9616  27.169501    207.223 330.650758     695385   5010.078     592422  0.000e+00
    -1.9616  27.169502    207.504 330.650761     695385   5010.078     592514  0.000e+00
    -1.9613  27.170026    207.781 330.650764     695378   5010.113     592605  0.000e+00
    -1.9615  27.170376    208.073 330.650767     695383   5010.137     592701  0.000e+00
    -1.9619  27.170027    208.357 330.650770     695392   5010.113     592794  0.000e+00
    -1.9621  27.170610    208.628 330.650773     695397   5010.152     592883  0.000e+00
    -1.9622  27.170320    208.917 330.650775     695398   5010.133     592978  0.000e+00
    -1.9627  27.169797    209.191 330.650778     695409   5010.098     593068  0.000e+00
    -1.9629  27.170554    209.468 330.650781     695415   5010.148     593159  0.000e+00
    -1.9633  27.171078    209.755 330.650784     695423   5010.184     593253  0.000e+00
    -1.9634  27.171195    210.047 330.650787     695425   5010.191     593349  0.000e+00
    -1.9637  27.171893    210.324 330.650790     695433   5010.238     593440  0.000e+00
    -1.9637  27.172010    210.611 330.650793     695431   5010.246     593534  0.000e+00
    -1.9636  27.172418    210.915 330.650796     695429   5010.273     593634  0.000e+00
    -1.9637  27.172594    211.202 330.650799     695431   5010.285     593728  0.000e+00
    -1.9637  27.172943    211.482 330.650802     695431   5010.309     593820  0.000e+00
    -1.9634  27.173467    211.780 330.650804     695425   5010.344     593918  0.000e+00
    -1.9634  27.173701    212.076 330.650807     695426   5010.359     594015  0.000e+00
    -1.9635  27.173759    212.356 330.650810     695428   5010.363     594107  0.000e+00
    -1.9633  27.173993    212.645 330.650813     695424   5010.379     594202  0.000e+00
    -1.9635  27.174517    212.938 330.650816     695427   5010.414     594298  0.000e+00
    -1.9635  27.174285    213.206 330.650819     695428   5010.398     594386  0.000e+00
    -1.9633  27.175042    213.483 330.650822     695422   5010.449     594477  0.000e+00
    -1.9635  27.175333    213.772 330.650825     695427   5010.469     594572  0.000e+00
    -1.9634  27.175101    214.044 330.650828     695426   5010.453     594661  0.000e+00
    -1.9634  27.176149    214.315 330.650830     695425   5010.523     594750  0.000e+00
    -1.9634  27.176498    214.592 330.650833     695425   5010.547     594841  0.000e+00
    -1.9635  27.176150    214.869 330.650836     695428   5010.523     594932  0.000e+00
    -1.9637  27.176791    215.134 330.650839     695431   5010.566     595019  0.000e+00
    -1.9633  27.177722    215.408 330.650842     695423   5010.629     595109  0.000e+00
    -1.9633  27.177432    215.694 330.650845     695422   5010.609     595203  0.000e+00
    -1.9634  27.177665    215.966 330.650848     695425   5010.625     595292  0.000e+00
    -1.9635  27.178480    216.237 330.650851     695428   5010.680     595381  0.000e+00
    -1.9632  27.179062    216.514 330.650854     695421   5010.719     595472  0.000e+00
    -1.9633  27.179063    216.803 330.650856     695422   5010.719     595567  0.000e+00
    -1.9633  27.179296    217.074 330.650859     695422   5010.734     595656  0.000e+00
    -1.9628  27.179820    217.361 330.650862     695413   5010.770     595750  0.000e+00
    -1.9630  27.180112    217.647 330.650865     695416   5010.789     595844  0.000e+00
    -1.9630  27.180171    217.924 330.650868     695416   5010.793     595935  0.000e+00
    -1.9628  27.180637    218.201 330.650871     695411   5010.824     596026  0.000e+00
    -1.9628  27.180986    218.506 330.650874     695411   5010.848     596126  0.000e+00
    -1.9630  27.181394    218.801 330.650877     695416   5010.875     596223  0.000e+00
    -1.9628  27.181860    219.088 330.650880     695412   5010.906     596317  0.000e+00
    -1.9622  27.182210    219.392 330.650883     695399   5010.930     596417  0.000e+00
    -1.9624  27.182211    219.706 330.650885     695404   5010.930     596520  0.000e+00
    -1.9628  27.182677    219.995 330.650888     695413   5010.961     596615  0.000e+00
    -1.9624  27.183026    220.306 330.650891     695404   5010.984     596717  0.000e+00
    -1.9625  27.183493    220.617 330.650894     695405   5011.016     596819  0.000e+00
    -1.9630  27.183784    220.915 330.650897     695417   5011.035     596917  0.000e+00
    -1.9627  27.183785    221.220 330.650900     695409   5011.035     597017  0.000e+00
    -1.9625  27.184077    221.540 330.650903     695406   5011.055     597122  0.000e+00
    -1.9627  27.184310    221.838 330.650906     695409   5011.070     597220  0.000e+00
    -1.9628  27.184950    222.134 330.650909     695411   5011.113     597317  0.000e+00
    -1.9623  27.185940    222.441 330.650911     695401   5011.180     597418  0.000e+00
    -1.9622  27.186348    222.743 330.650914     695399   5011.207     597517  0.000e+00
    -1.9622  27.187221    223.026 330.650917     695398   5011.266     597610  0.000e+00
    -1.9617  27.187745    223.331 330.650920     695387   5011.301     597710  0.000e+00
    -1.9616  27.187746    223.629 330.650923     695385   5011.301     597808  0.000e+00
    -1.9617  27.188038    223.916 330.650926     695387   5011.320     597902  0.000e+00
    -1.9615  27.188562    224.217 330.650929     695382   5011.355     598001  0.000e+00
    -1.9612  27.188562    224.513 330.650932     695377   5011.355     598098  0.000e+00
    -1.9615  27.188854    224.796 330.650935     695383   5011.375     598191  0.000e+00
    -1.9614  27.189378    225.095 330.650938     695381   5011.410     598289  0.000e+00
    -1.9611  27.189379    225.390 330.650940     695374   5011.410     598386  0.000e+00
    -1.9614  27.189671    225.682 330.650943     695380   5011.430     598482  0.000e+00
    -1.9616  27.189904    225.972 330.650946     695386   5011.445     598577  0.000e+00
    -1.9615  27.190254    226.276 330.650949     695382   5011.469     598677  0.000e+00
    -1.9614  27.190429    226.563 330.650952     695381   5011.480     598771  0.000e+00
    -1.9616  27.190837    226.849 330.650955     695385   5011.508     598865  0.000e+00
    -1.9615  27.191187    227.154 330.650958     695382   5011.531     598965  0.000e+00
    -1.9615  27.191187    227.449 330.650961     695383   5011.531     599062  0.000e+00
    -1.9615  27.191363    227.729 330.650964     695383   5011.543     599154  0.000e+00
    -1.9615  27.191771    228.016 330.650966     695383   5011.570     599248  0.000e+00
    -1.9613  27.192237    228.317 330.650969     695378   5011.602     599347  0.000e+00
    -1.9613  27.192296    228.603 330.650972     695378   5011.605     599441  0.000e+00
    -1.9615  27.192762    228.890 330.650975     695384   5011.637     599535  0.000e+00
    -1.9612  27.193053    229.188 330.650978     695377   5011.656     599633  0.000e+00
    -1.9613  27.193345    229.478 330.650981     695379   5011.676     599728  0.000e+00
    -1.9613  27.193636    229.755 330.650984     695378   5011.695     599819  0.000e+00
    -1.9611  27.193579    230.059 330.650987     695374   5011.691     599919  0.000e+00
    -1.9610  27.194161    230.343 330.650990     695371   5011.730     600012  0.000e+00
    -1.9608  27.194104    230.614 330.650992     695367   5011.727     600101  0.000e+00
    -1.9607  27.194744    230.894 330.650995     695365   5011.770     600193  0.000e+00
    -1.9607  27.194920    231.183 330.650998     695365   5011.781     600288  0.000e+00
    -1.9604  27.194920    231.454 330.651001     695359   5011.781     600377  0.000e+00
    -1.9605  27.195561    231.719 330.651004     695360   5011.824     600464  0.000e+00
    -1.9602  27.195736    232.012 330.651007     695354   5011.836     600560  0.000e+00
    -1.9602  27.195853    232.280 330.651010     695354   5011.844     600648  0.000e+00
    -1.9601  27.196261    232.548 330.651013     695353   5011.871     600736  0.000e+00
    -1.9601  27.196494    232.816 330.651016     695351   5011.887     600824  0.000e+00
    -1.9600  27.196728    233.087 330.651019     695350   5011.902     600913  0.000e+00
    -1.9601  27.196787    233.340 330.651021     695351   5011.906     600996  0.000e+00
    -1.9600  27.197253    233.602 330.651024     695350   5011.938     601082  0.000e+00
    -1.9601  27.197312    233.879 330.651027     695351   5011.941     601173  0.000e+00
    -1.9600  27.197254    234.150 330.651030     695349   5011.938     601262  0.000e+00
    -1.9597  27.197313    234.406 330.651033     695344   5011.941     601346  0.000e+00
    -1.9597  27.197023    234.665 330.651036     695344   5011.922     601431  0.000e+00
    -1.9600  27.196965    234.918 330.651039     695350   5011.918     601514  0.000e+00
    -1.9601  27.195221    235.152 330.651042     695352   5011.801     601591  0.000e+00
    -1.9599  27.197257    235.390 330.651045     695347   5011.938     601669  0.000e+00
    -1.9597  27.197840    235.637 330.651047     695343   5011.977     601750  0.000e+00
    -1.9598  27.197840    235.899 330.651050     695345   5011.977     601836  0.000e+00
    -1.9600  27.198132    236.154 330.651053     695350   5011.996     601920  0.000e+00
    -1.9599  27.198656    236.410 330.651056     695347   5012.031     602004  0.000e+00
    -1.9597  27.198948    236.690 330.651059     695343   5012.051     602096  0.000e+00
    -1.9598  27.199181    236.961 330.651062     695345   5012.066     602185  0.000e+00
    -1.9593  27.199240    237.223 330.651065     695335   5012.070     602271  0.000e+00
    -1.9591  27.199938    237.485 330.651068     695329   5012.117     602357  0.000e+00
