sbs/tests/resources/orca-test-data/SBE19plus/4794/4794_016_KiM.cnv
* Sea-Bird SBE19plus Data File:
* FileName = C:\Documents and Settings\stevens\Desktop\K131_2007\CTD\4794_016.hex
* Software Version 1.50
* Temperature SN =  4977
* Conductivity SN =  4977
* System UpLoad Time = Nov 26 2007 14:43:56
** K131 McMurdo SeaIce Work
** nov-dec 2007
** using chch plastic ctd
** times are local (NZ daylight savings)
# nquan = 8
# nvalues = 2569                                  
# units = specified
# name 0 = tv290C: Temperature [ITS-90, deg C]
# name 1 = c0mS/cm: Conductivity [mS/cm]
# name 2 = prdM: Pressure, Strain Gauge [db]
# name 3 = timeJ: Julian Days
# name 4 = f0: Frequency 0
# name 5 = f1: Frequency 1
# name 6 = f2: Frequency 2
# name 7 = flag:  0.000e+00
# span 0 =    -3.7953,    -1.9060                 
# span 1 =   0.043091,  27.380696                 
# span 2 =     -0.008,    362.828                 
# span 3 = 330.593993, 330.601424                 
# span 4 =     694152,     736895                 
# span 5 =   2607.609,   5024.219                 
# span 6 =     524407,     643513                 
# span 7 = 0.0000e+00, 0.0000e+00                 
# interval = seconds: 0.25
# start_time = Nov 26 2007 14:15:21 [Instrument's time stamp, header]
# bad_flag = -9.990e-29
*END*
[from data line 360]
    -2.0554  20.971107     19.646 330.595035     697470   4574.508     530856  0.000e+00
    -2.0553  20.972221     19.975 330.595038     697469   4574.590     530964  0.000e+00
    -2.0552  20.974237     20.344 330.595041     697466   4574.738     531085  0.000e+00
    -2.0553  20.975617     20.770 330.595043     697468   4574.840     531225  0.000e+00
    -2.0553  20.977421     21.276 330.595046     697469   4574.973     531391  0.000e+00
    -2.0555  20.978907     21.843 330.595049     697473   4575.082     531577  0.000e+00
    -2.0553  20.980340     22.483 330.595052     697469   4575.188     531787  0.000e+00
    -2.0553  20.982145     23.236 330.595055     697469   4575.320     532034  0.000e+00
    -2.0553  20.983525     24.010 330.595058     697469   4575.422     532288  0.000e+00
    -2.0553  20.985542     24.854 330.595061     697469   4575.570     532565  0.000e+00
    -2.0553  20.987135     25.728 330.595064     697468   4575.688     532852  0.000e+00
    -2.0552  20.988940     26.715 330.595067     697467   4575.820     533176  0.000e+00
    -2.0552  20.990958     27.752 330.595069     697467   4575.969     533516  0.000e+00
    -2.0553  20.992658     28.742 330.595072     697469   4576.094     533841  0.000e+00
    -2.0553  20.994357     29.814 330.595075     697468   4576.219     534193  0.000e+00
    -2.0551  20.996163     31.015 330.595078     697465   4576.352     534587  0.000e+00
    -2.0551  20.998022     32.146 330.595081     697463   4576.488     534958  0.000e+00
    -2.0551  21.000252     33.212 330.595084     697463   4576.652     535308  0.000e+00
    -2.0550  21.001634     34.178 330.595087     697462   4576.754     535625  0.000e+00
    -2.0548  21.003652     35.156 330.595090     697458   4576.902     535946  0.000e+00
    -2.0549  21.005670     36.079 330.595093     697459   4577.051     536249  0.000e+00
    -2.0550  21.007634     36.914 330.595095     697461   4577.195     536523  0.000e+00
    -2.0550  21.009758     37.743 330.595098     697461   4577.352     536795  0.000e+00
    -2.0549  21.011830     38.679 330.595101     697460   4577.504     537102  0.000e+00
    -2.0549  21.014061     39.964 330.595104     697459   4577.668     537524  0.000e+00
    -2.0548  21.015868     41.509 330.595107     697457   4577.801     538031  0.000e+00
    -2.0547  21.017941     43.106 330.595110     697456   4577.953     538555  0.000e+00
    -2.0546  21.020173     44.770 330.595113     697453   4578.117     539101  0.000e+00
    -2.0546  21.022246     46.443 330.595116     697452   4578.270     539650  0.000e+00
    -2.0545  21.024266     47.990 330.595119     697450   4578.418     540158  0.000e+00
    -2.0546  21.026445     49.426 330.595122     697452   4578.578     540629  0.000e+00
    -2.0546  21.028358     50.702 330.595124     697453   4578.719     541048  0.000e+00
    -2.0545  21.030590     51.839 330.595127     697451   4578.883     541421  0.000e+00
    -2.0543  21.032662     52.936 330.595130     697447   4579.035     541781  0.000e+00
    -2.0543  21.034681     53.899 330.595133     697447   4579.184     542097  0.000e+00
    -2.0543  21.036965     54.679 330.595136     697447   4579.352     542353  0.000e+00
    -2.0542  21.039249     55.322 330.595139     697445   4579.520     542564  0.000e+00
    -2.0543  21.041480     55.858 330.595142     697446   4579.684     542740  0.000e+00
    -2.0542  21.043551     56.321 330.595145     697444   4579.836     542892  0.000e+00
    -2.0541  21.046047     56.745 330.595148     697442   4580.020     543031  0.000e+00
    -2.0542  21.048278     57.156 330.595150     697445   4580.184     543166  0.000e+00
    -2.0543  21.050349     57.525 330.595153     697447   4580.336     543287  0.000e+00
    -2.0542  21.052845     57.863 330.595156     697445   4580.520     543398  0.000e+00
    -2.0541  21.055342     58.189 330.595159     697442   4580.703     543505  0.000e+00
    -2.0542  21.057360     58.472 330.595162     697444   4580.852     543598  0.000e+00
    -2.0540  21.060069     58.747 330.595165     697440   4581.051     543688  0.000e+00
    -2.0540  21.062353     59.000 330.595168     697439   4581.219     543771  0.000e+00
    -2.0539  21.064849     59.237 330.595171     697438   4581.402     543849  0.000e+00
    -2.0538  21.067080     59.472 330.595174     697435   4581.566     543926  0.000e+00
    -2.0537  21.069364     59.685 330.595177     697433   4581.734     543996  0.000e+00
    -2.0537  21.071861     59.892 330.595179     697433   4581.918     544064  0.000e+00
    -2.0535  21.074358     60.093 330.595182     697429   4582.102     544130  0.000e+00
    -2.0533  21.076855     60.276 330.595185     697425   4582.285     544190  0.000e+00
    -2.0534  21.079352     60.450 330.595188     697426   4582.469     544247  0.000e+00
    -2.0532  21.082114     60.596 330.595191     697421   4582.672     544295  0.000e+00
    -2.0531  21.084824     60.730 330.595194     697419   4582.871     544339  0.000e+00
    -2.0531  21.088011     60.861 330.595197     697420   4583.105     544382  0.000e+00
    -2.0529  21.091412     61.032 330.595200     697415   4583.355     544438  0.000e+00
    -2.0529  21.094707     61.358 330.595203     697416   4583.598     544545  0.000e+00
    -2.0528  21.097524     61.754 330.595205     697413   4583.805     544675  0.000e+00
    -2.0527  21.098693     62.101 330.595208     697411   4583.891     544789  0.000e+00
    -2.0525  21.100926     62.394 330.595211     697407   4584.055     544885  0.000e+00
    -2.0526  21.103424     62.674 330.595214     697408   4584.238     544977  0.000e+00
    -2.0524  21.106188     62.942 330.595217     697405   4584.441     545065  0.000e+00
    -2.0523  21.109590     63.208 330.595220     697402   4584.691     545152  0.000e+00
    -2.0522  21.112088     63.540 330.595223     697399   4584.875     545261  0.000e+00
    -2.0521  21.113683     63.863 330.595226     697397   4584.992     545367  0.000e+00
    -2.0520  21.115703     64.119 330.595229     697395   4585.141     545451  0.000e+00
    -2.0519  21.117511     64.326 330.595231     697393   4585.273     545519  0.000e+00
    -2.0518  21.119637     64.448 330.595234     697390   4585.430     545559  0.000e+00
    -2.0515  21.122083     64.530 330.595237     697385   4585.609     545586  0.000e+00
    -2.0518  21.124581     64.588 330.595240     697391   4585.793     545605  0.000e+00
    -2.0516  21.127080     64.631 330.595243     697386   4585.977     545619  0.000e+00
    -2.0515  21.129844     64.664 330.595246     697384   4586.180     545630  0.000e+00
    -2.0514  21.132343     64.679 330.595249     697381   4586.363     545635  0.000e+00
    -2.0513  21.135267     64.698 330.595252     697380   4586.578     545641  0.000e+00
    -2.0512  21.137766     64.716 330.595255     697378   4586.762     545647  0.000e+00
    -2.0511  21.140531     64.728 330.595258     697376   4586.965     545651  0.000e+00
    -2.0512  21.143456     64.740 330.595260     697378   4587.180     545655  0.000e+00
    -2.0509  21.146221     64.756 330.595263     697371   4587.383     545660  0.000e+00
    -2.0507  21.149146     64.759 330.595266     697366   4587.598     545661  0.000e+00
    -2.0506  21.152177     64.777 330.595269     697363   4587.820     545667  0.000e+00
    -2.0503  21.155102     64.792 330.595272     697357   4588.035     545672  0.000e+00
    -2.0500  21.158506     64.804 330.595275     697350   4588.285     545676  0.000e+00
    -2.0496  21.161485     64.820 330.595278     697342   4588.504     545681  0.000e+00
    -2.0494  21.164676     64.841 330.595281     697338   4588.738     545688  0.000e+00
    -2.0490  21.167868     64.865 330.595284     697329   4588.973     545696  0.000e+00
    -2.0489  21.170794     64.893 330.595286     697325   4589.188     545705  0.000e+00
    -2.0487  21.174252     64.914 330.595289     697322   4589.441     545712  0.000e+00
    -2.0483  21.176965     64.938 330.595292     697313   4589.641     545720  0.000e+00
    -2.0480  21.180371     64.966 330.595295     697307   4589.891     545729  0.000e+00
    -2.0476  21.183350     65.002 330.595298     697298   4590.109     545741  0.000e+00
    -2.0474  21.186543     65.057 330.595301     697293   4590.344     545759  0.000e+00
    -2.0472  21.189949     65.167 330.595304     697288   4590.594     545795  0.000e+00
    -2.0467  21.192716     65.307 330.595307     697278   4590.797     545841  0.000e+00
    -2.0465  21.196229     65.399 330.595310     697273   4591.055     545871  0.000e+00
    -2.0462  21.199316     65.472 330.595312     697267   4591.281     545895  0.000e+00
    -2.0460  21.202722     65.548 330.595315     697262   4591.531     545920  0.000e+00
    -2.0458  21.205969     65.615 330.595318     697258   4591.770     545942  0.000e+00
    -2.0455  21.209376     65.685 330.595321     697251   4592.020     545965  0.000e+00
    -2.0453  21.212357     65.761 330.595324     697247   4592.238     545990  0.000e+00
    -2.0452  21.215765     65.810 330.595327     697244   4592.488     546006  0.000e+00
    -2.0450  21.219438     65.844 330.595330     697239   4592.758     546017  0.000e+00
    -2.0449  21.223059     65.859 330.595333     697237   4593.023     546022  0.000e+00
    -2.0447  21.226520     65.880 330.595336     697232   4593.277     546029  0.000e+00
    -2.0446  21.230141     65.923 330.595339     697230   4593.543     546043  0.000e+00
    -2.0443  21.233602     65.975 330.595341     697224   4593.797     546060  0.000e+00
    -2.0440  21.236797     66.030 330.595344     697217   4594.031     546078  0.000e+00
    -2.0438  21.240685     66.090 330.595347     697213   4594.316     546098  0.000e+00
    -2.0436  21.244094     66.154 330.595350     697209   4594.566     546119  0.000e+00
    -2.0435  21.247290     66.212 330.595353     697207   4594.801     546138  0.000e+00
    -2.0432  21.250752     66.261 330.595356     697199   4595.055     546154  0.000e+00
    -2.0433  21.254002     66.319 330.595359     697201   4595.293     546173  0.000e+00
    -2.0431  21.257145     66.471 330.595362     697196   4595.523     546223  0.000e+00
    -2.0428  21.261035     66.828 330.595365     697191   4595.809     546340  0.000e+00
    -2.0428  21.264019     67.133 330.595367     697191   4596.027     546440  0.000e+00
    -2.0428  21.267696     67.334 330.595370     697190   4596.297     546506  0.000e+00
    -2.0428  21.271586     67.437 330.595373     697191   4596.582     546540  0.000e+00
    -2.0428  21.274996     67.486 330.595376     697190   4596.832     546556  0.000e+00
    -2.0428  21.278460     67.514 330.595379     697190   4597.086     546565  0.000e+00
    -2.0428  21.282350     67.547 330.595382     697191   4597.371     546576  0.000e+00
    -2.0427  21.285761     67.584 330.595385     697187   4597.621     546588  0.000e+00
    -2.0427  21.289706     67.617 330.595388     697187   4597.910     546599  0.000e+00
    -2.0425  21.293597     67.654 330.595391     697184   4598.195     546611  0.000e+00
    -2.0425  21.297008     67.690 330.595394     697183   4598.445     546623  0.000e+00
    -2.0422  21.300900     67.709 330.595396     697178   4598.730     546629  0.000e+00
    -2.0421  21.304579     68.102 330.595399     697175   4599.000     546758  0.000e+00
    -2.0420  21.308740     69.061 330.595402     697172   4599.305     547073  0.000e+00
    -2.0418  21.312635     70.289 330.595405     697167   4599.590     547476  0.000e+00
    -2.0416  21.316529     71.426 330.595408     697164   4599.875     547849  0.000e+00
    -2.0413  21.320211     72.276 330.595411     697158   4600.145     548128  0.000e+00
    -2.0412  21.323892     73.135 330.595414     697155   4600.414     548410  0.000e+00
    -2.0411  21.327307     74.043 330.595417     697153   4600.664     548708  0.000e+00
    -2.0408  21.330775     74.585 330.595420     697146   4600.918     548886  0.000e+00
    -2.0407  21.334242     74.878 330.595422     697143   4601.172     548982  0.000e+00
    -2.0406  21.334243     75.091 330.595425     697142   4601.172     549052  0.000e+00
    -2.0405  21.335577     75.247 330.595428     697139   4601.270     549103  0.000e+00
    -2.0404  21.339044     75.393 330.595431     697138   4601.523     549151  0.000e+00
    -2.0401  21.342725     75.503 330.595434     697131   4601.793     549187  0.000e+00
    -2.0400  21.346406     75.609 330.595437     697129   4602.063     549222  0.000e+00
    -2.0399  21.350141     75.701 330.595440     697125   4602.336     549252  0.000e+00
    -2.0397  21.353983     75.795 330.595443     697122   4602.617     549283  0.000e+00
    -2.0395  21.358145     75.878 330.595446     697118   4602.922     549310  0.000e+00
    -2.0395  21.362042     76.755 330.595448     697116   4603.207     549598  0.000e+00
    -2.0394  21.365727     78.077 330.595451     697115   4603.477     550032  0.000e+00
    -2.0393  21.369626     79.424 330.595454     697112   4603.762     550474  0.000e+00
    -2.0394  21.373578     81.121 330.595457     697115   4604.051     551031  0.000e+00
    -2.0393  21.377265     83.129 330.595460     697113   4604.320     551690  0.000e+00
    -2.0393  21.381647     85.393 330.595463     697112   4604.641     552433  0.000e+00
    -2.0394  21.385762     87.733 330.595466     697114   4604.941     553201  0.000e+00
    -2.0393  21.389932     90.405 330.595469     697113   4605.246     554078  0.000e+00
    -2.0393  21.393835     93.376 330.595472     697113   4605.531     555053  0.000e+00
    -2.0395  21.397792     96.444 330.595475     697116   4605.820     556060  0.000e+00
    -2.0394  21.401910     99.308 330.595477     697115   4606.121     557000  0.000e+00
    -2.0395  21.406081    102.074 330.595480     697116   4606.426     557908  0.000e+00
    -2.0394  21.410252    104.779 330.595483     697115   4606.730     558796  0.000e+00
    -2.0394  21.414370    107.570 330.595486     697114   4607.031     559712  0.000e+00
    -2.0395  21.418328    110.492 330.595489     697116   4607.320     560671  0.000e+00
    -2.0397  21.422500    113.536 330.595492     697121   4607.625     561670  0.000e+00
    -2.0399  21.426620    116.558 330.595495     697126   4607.926     562662  0.000e+00
    -2.0403  21.430578    119.236 330.595498     697135   4608.215     563541  0.000e+00
    -2.0404  21.435178    121.756 330.595501     697138   4608.551     564368  0.000e+00
    -2.0408  21.439350    123.876 330.595503     697145   4608.855     565064  0.000e+00
    -2.0409  21.443253    125.253 330.595506     697147   4609.141     565516  0.000e+00
    -2.0411  21.447423    126.368 330.595509     697153   4609.445     565882  0.000e+00
    -2.0414  21.452075    127.550 330.595512     697159   4609.785     566270  0.000e+00
    -2.0420  21.456246    128.702 330.595515     697173   4610.090     566648  0.000e+00
    -2.0423  21.460364    130.091 330.595518     697180   4610.391     567104  0.000e+00
    -2.0428  21.464536    131.648 330.595521     697190   4610.695     567615  0.000e+00
    -2.0432  21.468495    133.137 330.595524     697200   4610.984     568104  0.000e+00
    -2.0435  21.472186    134.490 330.595527     697207   4611.254     568548  0.000e+00
    -2.0439  21.476359    135.797 330.595530     697214   4611.559     568977  0.000e+00
    -2.0444  21.480745    137.013 330.595532     697225   4611.879     569376  0.000e+00
    -2.0447  21.485132    138.195 330.595535     697233   4612.199     569764  0.000e+00
    -2.0449  21.489304    139.161 330.595538     697237   4612.504     570081  0.000e+00
    -2.0453  21.493263    140.071 330.595541     697247   4612.793     570380  0.000e+00
    -2.0456  21.497864    140.665 330.595544     697253   4613.129     570575  0.000e+00
    -2.0458  21.501823    141.521 330.595547     697257   4613.418     570856  0.000e+00
    -2.0461  21.505782    141.914 330.595550     697263   4613.707     570985  0.000e+00
