sbs/tests/resources/orca-test-data/SBE19plus/4794/4794_031_KiM.cnv
* Sea-Bird SBE19plus Data File:
* FileName = C:\Documents and Settings\stevens\Desktop\K131_2007\CTD\4794_031.hex
* Software Version 1.50
* Temperature SN =  4977
* Conductivity SN =  4977
* System UpLoad Time = Nov 27 2007 03:47:52
** K131 McMurdo SeaIce Work
** nov-dec 2007
** using chch plastic ctd
** times are local (NZ daylight savings)
# nquan = 8
# nvalues = 8223                                  
# units = specified
# name 0 = tv290C: Temperature [ITS-90, deg C]
# name 1 = c0mS/cm: Conductivity [mS/cm]
# name 2 = prdM: Pressure, Strain Gauge [db]
# name 3 = timeJ: Julian Days
# name 4 = f0: Frequency 0
# name 5 = f1: Frequency 1
# name 6 = f2: Frequency 2
# name 7 = flag:  0.000e+00
# span 0 =    -5.9646,    -1.9083                 
# span 1 =   0.001493,  27.377888                 
# span 2 =     -0.259,    359.561                 
# span 3 = 331.131424, 331.155214                 
# span 4 =     694202,     787957                 
# span 5 =   2602.215,   5024.031                 
# span 6 =     524319,     642440                 
# span 7 = 0.0000e+00, 0.0000e+00                 
# interval = seconds: 0.25
# start_time = Nov 27 2007 03:09:15 [Instrument's time stamp, header]
# bad_flag = -9.990e-29
*END*
[from data line 3596]
    -2.1398   2.871116    300.821 331.141829     699351   2951.309     623152  0.000e+00
    -2.1398   2.867771    300.453 331.141832     699350   2950.926     623031  0.000e+00
    -2.1393   2.865792    300.072 331.141834     699340   2950.699     622906  0.000e+00
    -2.1391   2.861254    299.688 331.141837     699334   2950.180     622780  0.000e+00
    -2.1389   2.859411    299.302 331.141840     699330   2949.969     622653  0.000e+00
    -2.1384   2.856204    298.921 331.141843     699320   2949.602     622528  0.000e+00
    -2.1382   2.853714    298.537 331.141846     699314   2949.316     622402  0.000e+00
    -2.1380   2.848872    298.150 331.141849     699311   2948.762     622275  0.000e+00
    -2.1377   2.849417    297.767 331.141852     699303   2948.824     622149  0.000e+00
    -2.1373   2.848189    297.380 331.141855     699295   2948.684     622022  0.000e+00
    -2.1371   2.843620    296.993 331.141858     699291   2948.160     621895  0.000e+00
    -2.1369   2.842325    296.600 331.141861     699286   2948.012     621766  0.000e+00
    -2.1366   2.837211    296.210 331.141863     699279   2947.426     621638  0.000e+00
    -2.1365   2.835473    295.811 331.141866     699277   2947.227     621507  0.000e+00
    -2.1362   2.831110    295.428 331.141869     699270   2946.727     621381  0.000e+00
    -2.1360   2.826715    295.038 331.141872     699265   2946.223     621253  0.000e+00
    -2.1354   2.825965    294.648 331.141875     699253   2946.137     621125  0.000e+00
    -2.1352   2.826987    294.264 331.141878     699249   2946.254     620999  0.000e+00
    -2.1351   2.824568    293.871 331.141881     699245   2945.977     620870  0.000e+00
    -2.1345   2.818709    293.482 331.141884     699233   2945.305     620742  0.000e+00
    -2.1343   2.816563    293.095 331.141887     699228   2945.059     620615  0.000e+00
    -2.1340   2.812374    292.708 331.141889     699222   2944.578     620488  0.000e+00
    -2.1340   2.809412    292.327 331.141892     699222   2944.238     620363  0.000e+00
    -2.1334   2.805735    291.941 331.141895     699209   2943.816     620236  0.000e+00
    -2.1332   2.802364    291.566 331.141898     699204   2943.430     620113  0.000e+00
    -2.1331   2.799777    291.185 331.141901     699202   2943.133     619988  0.000e+00
    -2.1329   2.797463    290.795 331.141904     699197   2942.867     619860  0.000e+00
    -2.1325   2.793652    290.415 331.141907     699188   2942.430     619735  0.000e+00
    -2.1323   2.789466    290.031 331.141910     699183   2941.949     619609  0.000e+00
    -2.1321   2.792018    289.650 331.141913     699178   2942.242     619484  0.000e+00
    -2.1317   2.786711    289.267 331.141916     699171   2941.633     619358  0.000e+00
    -2.1314   2.787697    288.880 331.141918     699163   2941.746     619231  0.000e+00
    -2.1311   2.780962    288.502 331.141921     699157   2940.973     619107  0.000e+00
    -2.1311   2.778411    288.124 331.141924     699156   2940.680     618983  0.000e+00
    -2.1303   2.778819    287.735 331.141927     699140   2940.727     618855  0.000e+00
    -2.1303   2.775827    287.360 331.141930     699139   2940.383     618732  0.000e+00
    -2.1302   2.773514    286.967 331.141933     699136   2940.117     618603  0.000e+00
    -2.1298   2.769230    286.589 331.141936     699128   2939.625     618479  0.000e+00
    -2.1295   2.767667    286.209 331.141939     699122   2939.445     618354  0.000e+00
    -2.1293   2.766069    285.828 331.141942     699117   2939.262     618229  0.000e+00
    -2.1289   2.762874    285.447 331.141944     699107   2938.895     618104  0.000e+00
    -2.1287   2.760631    285.067 331.141947     699104   2938.637     617979  0.000e+00
    -2.1284   2.759475    284.689 331.141950     699097   2938.504     617855  0.000e+00
    -2.1281   2.755364    284.320 331.141953     699090   2938.031     617734  0.000e+00
    -2.1278   2.753869    283.949 331.141956     699083   2937.859     617612  0.000e+00
    -2.1277   2.752068    283.577 331.141959     699080   2937.652     617490  0.000e+00
    -2.1274   2.749554    283.206 331.141962     699074   2937.363     617368  0.000e+00
    -2.1269   2.747924    282.834 331.141965     699063   2937.176     617246  0.000e+00
    -2.1266   2.746803    282.456 331.141968     699056   2937.047     617122  0.000e+00
    -2.1266   2.745682    282.082 331.141970     699057   2936.918     616999  0.000e+00
    -2.1261   2.743644    281.710 331.141973     699045   2936.684     616877  0.000e+00
    -2.1260   2.742523    281.330 331.141976     699042   2936.555     616752  0.000e+00
    -2.1258   2.739535    280.955 331.141979     699039   2936.211     616629  0.000e+00
    -2.1253   2.734985    280.583 331.141982     699028   2935.688     616507  0.000e+00
    -2.1251   2.733355    280.212 331.141985     699022   2935.500     616385  0.000e+00
    -2.1249   2.732676    279.834 331.141988     699019   2935.422     616261  0.000e+00
    -2.1248   2.728875    279.463 331.141991     699016   2934.984     616139  0.000e+00
    -2.1243   2.725277    279.097 331.141994     699006   2934.570     616019  0.000e+00
    -2.1239   2.724394    278.729 331.141997     698997   2934.469     615898  0.000e+00
    -2.1239   2.722189    278.372 331.141999     698996   2934.215     615781  0.000e+00
    -2.1236   2.718728    278.010 331.142002     698990   2933.816     615662  0.000e+00
    -2.1233   2.717167    277.638 331.142005     698983   2933.637     615540  0.000e+00
    -2.1228   2.715437    277.276 331.142008     698972   2933.438     615421  0.000e+00
    -2.1225   2.712893    276.901 331.142011     698964   2933.145     615298  0.000e+00
    -2.1225   2.710383    276.530 331.142014     698964   2932.855     615176  0.000e+00
    -2.1224   2.709297    276.158 331.142017     698962   2932.730     615054  0.000e+00
    -2.1218   2.707093    275.787 331.142020     698949   2932.477     614932  0.000e+00
    -2.1216   2.703973    275.409 331.142023     698944   2932.117     614808  0.000e+00
    -2.1212   2.702684    275.028 331.142025     698936   2931.969     614683  0.000e+00
    -2.1210   2.699124    274.650 331.142028     698931   2931.559     614559  0.000e+00
    -2.1207   2.698582    274.270 331.142031     698926   2931.496     614434  0.000e+00
    -2.1204   2.695395    273.889 331.142034     698919   2931.129     614309  0.000e+00
    -2.1201   2.693531    273.514 331.142037     698912   2930.914     614186  0.000e+00
    -2.1200   2.691633    273.134 331.142040     698909   2930.695     614061  0.000e+00
    -2.1197   2.688888    272.753 331.142043     698903   2930.379     613936  0.000e+00
    -2.1194   2.683737    272.378 331.142046     698896   2929.785     613813  0.000e+00
    -2.1193   2.682754    272.004 331.142049     698893   2929.672     613690  0.000e+00
    -2.1190   2.680247    271.629 331.142052     698886   2929.383     613567  0.000e+00
    -2.1187   2.677741    271.255 331.142054     698881   2929.094     613444  0.000e+00
    -2.1184   2.682043    270.877 331.142057     698873   2929.590     613320  0.000e+00
    -2.1182   2.697089    270.502 331.142060     698870   2931.324     613197  0.000e+00
    -2.1177   2.692784    270.140 331.142063     698857   2930.828     613078  0.000e+00
    -2.1174   2.694682    269.790 331.142066     698852   2931.047     612963  0.000e+00
    -2.1171   2.698750    269.421 331.142069     698844   2931.516     612842  0.000e+00
    -2.1167   2.700784    269.053 331.142072     698836   2931.750     612721  0.000e+00
    -2.1165   2.698750    268.693 331.142075     698832   2931.516     612603  0.000e+00
    -2.1163   2.696682    268.328 331.142078     698826   2931.277     612483  0.000e+00
    -2.1161   2.694885    267.968 331.142080     698822   2931.070     612365  0.000e+00
    -2.1160   2.694038    267.609 331.142083     698820   2930.973     612247  0.000e+00
    -2.1155   2.689835    267.249 331.142086     698809   2930.488     612129  0.000e+00
    -2.1153   2.690038    266.890 331.142089     698805   2930.512     612011  0.000e+00
    -2.1150   2.690038    266.537 331.142092     698799   2930.512     611895  0.000e+00
    -2.1150   2.688411    266.180 331.142095     698797   2930.324     611778  0.000e+00
    -2.1146   2.686988    265.827 331.142098     698790   2930.160     611662  0.000e+00
    -2.1141   2.684447    265.471 331.142101     698777   2929.867     611545  0.000e+00
    -2.1140   2.685192    265.117 331.142104     698776   2929.953     611429  0.000e+00
    -2.1139   2.680754    264.752 331.142106     698773   2929.441     611309  0.000e+00
    -2.1135   2.677095    264.393 331.142109     698764   2929.020     611191  0.000e+00
    -2.1132   2.673742    264.027 331.142112     698757   2928.633     611071  0.000e+00
    -2.1129   2.671541    263.665 331.142115     698752   2928.379     610952  0.000e+00
    -2.1124   2.669204    263.311 331.142118     698741   2928.109     610836  0.000e+00
    -2.1124   2.666190    262.940 331.142121     698741   2927.762     610714  0.000e+00
    -2.1119   2.664193    262.583 331.142124     698728   2927.531     610597  0.000e+00
    -2.1119   2.660909    262.218 331.142127     698729   2927.152     610477  0.000e+00
    -2.1116   2.656204    261.855 331.142130     698723   2926.609     610358  0.000e+00
    -2.1115   2.654850    261.490 331.142133     698719   2926.453     610238  0.000e+00
    -2.1109   2.662398    261.121 331.142135     698707   2927.324     610117  0.000e+00
    -2.1106   2.661958    260.759 331.142138     698700   2927.273     609998  0.000e+00
    -2.1105   2.661755    260.390 331.142141     698698   2927.250     609877  0.000e+00
    -2.1101   2.660299    260.025 331.142144     698688   2927.082     609757  0.000e+00
    -2.1099   2.658640    259.666 331.142147     698685   2926.891     609639  0.000e+00
    -2.1096   2.656406    259.306 331.142150     698678   2926.633     609521  0.000e+00
    -2.1093   2.654477    258.947 331.142153     698671   2926.410     609403  0.000e+00
    -2.1090   2.651702    258.590 331.142156     698665   2926.090     609286  0.000e+00
    -2.1089   2.650958    258.222 331.142159     698663   2926.004     609165  0.000e+00
    -2.1088   2.649198    257.853 331.142161     698660   2925.801     609044  0.000e+00
    -2.1081   2.648555    257.494 331.142164     698644   2925.727     608926  0.000e+00
    -2.1080   2.646762    257.125 331.142167     698642   2925.520     608805  0.000e+00
    -2.1076   2.646254    256.760 331.142170     698632   2925.461     608685  0.000e+00
    -2.1076   2.646085    256.394 331.142173     698632   2925.441     608565  0.000e+00
    -2.1072   2.645104    256.029 331.142176     698625   2925.328     608445  0.000e+00
    -2.1070   2.644800    255.657 331.142179     698620   2925.293     608323  0.000e+00
    -2.1067   2.644021    255.295 331.142182     698613   2925.203     608204  0.000e+00
    -2.1063   2.644461    254.920 331.142185     698603   2925.254     608081  0.000e+00
    -2.1059   2.642499    254.549 331.142187     698595   2925.027     607959  0.000e+00
    -2.1058   2.642702    254.180 331.142190     698593   2925.051     607838  0.000e+00
    -2.1054   2.640537    253.809 331.142193     698585   2924.801     607716  0.000e+00
    -2.1055   2.637561    253.434 331.142196     698586   2924.457     607593  0.000e+00
    -2.1050   2.637966    253.062 331.142199     698576   2924.504     607471  0.000e+00
    -2.1048   2.637899    252.697 331.142202     698571   2924.496     607351  0.000e+00
    -2.1043   2.635666    252.322 331.142205     698559   2924.238     607228  0.000e+00
    -2.1043   2.637628    251.938 331.142208     698560   2924.465     607102  0.000e+00
    -2.1041   2.637459    251.564 331.142211     698555   2924.445     606979  0.000e+00
    -2.1036   2.637323    251.183 331.142214     698545   2924.430     606854  0.000e+00
    -2.1032   2.635666    250.802 331.142216     698535   2924.238     606729  0.000e+00
    -2.1032   2.636004    250.416 331.142219     698534   2924.277     606602  0.000e+00
    -2.1027   2.637424    250.029 331.142222     698523   2924.441     606475  0.000e+00
    -2.1025   2.633705    249.639 331.142225     698519   2924.012     606347  0.000e+00
    -2.1023   2.629410    249.267 331.142228     698516   2923.516     606225  0.000e+00
    -2.1021   2.630458    248.893 331.142231     698510   2923.637     606102  0.000e+00
    -2.1017   2.631506    248.524 331.142234     698502   2923.758     605981  0.000e+00
    -2.1015   2.629613    248.146 331.142237     698497   2923.539     605857  0.000e+00
    -2.1010   2.628768    247.775 331.142240     698487   2923.441     605735  0.000e+00
    -2.1010   2.627652    247.400 331.142242     698485   2923.313     605612  0.000e+00
    -2.1006   2.628463    247.019 331.142245     698478   2923.406     605487  0.000e+00
    -2.1004   2.627077    246.642 331.142248     698472   2923.246     605363  0.000e+00
    -2.1000   2.628869    246.252 331.142251     698463   2923.453     605235  0.000e+00
    -2.0997   2.626468    245.877 331.142254     698457   2923.176     605112  0.000e+00
    -2.0995   2.625387    245.487 331.142257     698452   2923.051     604984  0.000e+00
    -2.0992   2.625758    245.104 331.142260     698447   2923.094     604858  0.000e+00
    -2.0990   2.625285    244.720 331.142263     698441   2923.039     604732  0.000e+00
    -2.0987   2.624609    244.333 331.142266     698435   2922.961     604605  0.000e+00
    -2.0985   2.624710    243.952 331.142269     698431   2922.973     604480  0.000e+00
    -2.0982   2.623865    243.565 331.142271     698424   2922.875     604353  0.000e+00
    -2.0976   2.622716    243.188 331.142274     698411   2922.742     604229  0.000e+00
    -2.0976   2.624237    242.801 331.142277     698411   2922.918     604102  0.000e+00
    -2.0973   2.624270    242.414 331.142280     698403   2922.922     603975  0.000e+00
    -2.0968   2.623222    242.033 331.142283     698393   2922.801     603850  0.000e+00
    -2.0967   2.623357    241.650 331.142286     698391   2922.816     603724  0.000e+00
    -2.0963   2.623459    241.266 331.142289     698381   2922.828     603598  0.000e+00
    -2.0961   2.623019    240.888 331.142292     698377   2922.777     603474  0.000e+00
    -2.0957   2.624168    240.498 331.142295     698369   2922.910     603346  0.000e+00
    -2.0956   2.623864    240.111 331.142297     698365   2922.875     603219  0.000e+00
    -2.0952   2.625013    239.731 331.142300     698356   2923.008     603094  0.000e+00
    -2.0951   2.624236    239.347 331.142303     698355   2922.918     602968  0.000e+00
    -2.0946   2.623762    238.975 331.142306     698344   2922.863     602846  0.000e+00
    -2.0944   2.625959    238.598 331.142309     698339   2923.117     602722  0.000e+00
    -2.0940   2.624911    238.220 331.142312     698329   2922.996     602598  0.000e+00
    -2.0939   2.625216    237.839 331.142315     698327   2923.031     602473  0.000e+00
    -2.0935   2.632146    237.458 331.142318     698318   2923.832     602348  0.000e+00
    -2.0932   2.633600    237.069 331.142321     698312   2924.000     602220  0.000e+00
    -2.0931   2.633803    236.694 331.142323     698309   2924.023     602097  0.000e+00
    -2.0929   2.635155    236.322 331.142326     698306   2924.180     601975  0.000e+00
    -2.0926   2.635561    235.926 331.142329     698299   2924.227     601845  0.000e+00
    -2.0923   2.636203    235.543 331.142332     698292   2924.301     601719  0.000e+00
    -2.0919   2.638909    235.168 331.142335     698284   2924.613     601596  0.000e+00
    -2.0916   2.637691    234.781 331.142338     698277   2924.473     601469  0.000e+00
    -2.0912   2.639348    234.394 331.142341     698267   2924.664     601342  0.000e+00
    -2.0912   2.649192    234.011 331.142344     698267   2925.801     601216  0.000e+00
