sbs/tests/resources/orca-test-data/SBE19plus/4794/4794_016_KiM.cnv
* Sea-Bird SBE19plus Data File:
* FileName = C:\Documents and Settings\stevens\Desktop\K131_2007\CTD\4794_016.hex
* Software Version 1.50
* Temperature SN =  4977
* Conductivity SN =  4977
* System UpLoad Time = Nov 26 2007 14:43:56
** K131 McMurdo SeaIce Work
** nov-dec 2007
** using chch plastic ctd
** times are local (NZ daylight savings)
# nquan = 8
# nvalues = 2569                                  
# units = specified
# name 0 = tv290C: Temperature [ITS-90, deg C]
# name 1 = c0mS/cm: Conductivity [mS/cm]
# name 2 = prdM: Pressure, Strain Gauge [db]
# name 3 = timeJ: Julian Days
# name 4 = f0: Frequency 0
# name 5 = f1: Frequency 1
# name 6 = f2: Frequency 2
# name 7 = flag:  0.000e+00
# span 0 =    -3.7953,    -1.9060                 
# span 1 =   0.043091,  27.380696                 
# span 2 =     -0.008,    362.828                 
# span 3 = 330.593993, 330.601424                 
# span 4 =     694152,     736895                 
# span 5 =   2607.609,   5024.219                 
# span 6 =     524407,     643513                 
# span 7 = 0.0000e+00, 0.0000e+00                 
# interval = seconds: 0.25
# start_time = Nov 26 2007 14:15:21 [Instrument's time stamp, header]
# bad_flag = -9.990e-29
*END*
[from data line 899]
    -1.9274  27.049127    345.532 330.596594     694627   5001.961     637834  0.000e+00
    -1.9269  27.053192    345.873 330.596597     694615   5002.234     637946  0.000e+00
    -1.9264  27.055805    346.211 330.596600     694604   5002.410     638057  0.000e+00
    -1.9268  27.059522    346.543 330.596603     694612   5002.660     638166  0.000e+00
    -1.9279  27.059987    346.872 330.596606     694638   5002.691     638274  0.000e+00
    -1.9292  27.064227    347.207 330.596609     694666   5002.977     638384  0.000e+00
    -1.9292  27.065853    347.539 330.596612     694666   5003.086     638493  0.000e+00
    -1.9283  27.069222    347.880 330.596615     694647   5003.313     638605  0.000e+00
    -1.9273  27.071371    348.203 330.596617     694624   5003.457     638711  0.000e+00
    -1.9264  27.073056    348.535 330.596620     694604   5003.570     638820  0.000e+00
    -1.9255  27.075031    348.873 330.596623     694583   5003.703     638931  0.000e+00
    -1.9251  27.077239    349.205 330.596626     694574   5003.852     639040  0.000e+00
    -1.9256  27.078692    349.534 330.596629     694585   5003.949     639148  0.000e+00
    -1.9256  27.079796    349.866 330.596632     694587   5004.023     639257  0.000e+00
    -1.9256  27.082120    350.194 330.596635     694585   5004.180     639365  0.000e+00
    -1.9258  27.083921    350.520 330.596638     694590   5004.301     639472  0.000e+00
    -1.9257  27.085025    350.849 330.596641     694589   5004.375     639580  0.000e+00
    -1.9257  27.086478    351.181 330.596644     694589   5004.473     639689  0.000e+00
    -1.9256  27.086886    351.513 330.596646     694586   5004.500     639798  0.000e+00
    -1.9249  27.094496    351.839 330.596649     694571   5005.012     639905  0.000e+00
    -1.9244  27.099260    352.168 330.596652     694560   5005.332     640013  0.000e+00
    -1.9252  27.101062    352.509 330.596655     694577   5005.453     640125  0.000e+00
    -1.9256  27.102631    352.832 330.596658     694586   5005.559     640231  0.000e+00
    -1.9260  27.102922    353.173 330.596661     694594   5005.578     640343  0.000e+00
    -1.9253  27.105944    353.496 330.596664     694580   5005.781     640449  0.000e+00
    -1.9235  27.108733    353.828 330.596667     694540   5005.969     640558  0.000e+00
    -1.9216  27.109896    354.156 330.596670     694498   5006.047     640666  0.000e+00
    -1.9199  27.111640    354.485 330.596672     694460   5006.164     640774  0.000e+00
    -1.9188  27.113209    354.808 330.596675     694436   5006.270     640880  0.000e+00
    -1.9181  27.114895    355.131 330.596678     694419   5006.383     640986  0.000e+00
    -1.9175  27.116639    355.463 330.596681     694406   5006.500     641095  0.000e+00
    -1.9174  27.117976    355.798 330.596684     694404   5006.590     641205  0.000e+00
    -1.9175  27.119546    356.133 330.596687     694406   5006.695     641315  0.000e+00
    -1.9174  27.121581    356.477 330.596690     694405   5006.832     641428  0.000e+00
    -1.9174  27.123209    356.809 330.596693     694404   5006.941     641537  0.000e+00
    -1.9174  27.125244    357.153 330.596696     694404   5007.078     641650  0.000e+00
    -1.9173  27.126639    357.488 330.596698     694402   5007.172     641760  0.000e+00
    -1.9173  27.128500    357.826 330.596701     694401   5007.297     641871  0.000e+00
    -1.9172  27.128036    358.179 330.596704     694400   5007.266     641987  0.000e+00
    -1.9182  27.131117    358.536 330.596707     694421   5007.473     642104  0.000e+00
    -1.9189  27.133849    358.886 330.596710     694438   5007.656     642219  0.000e+00
    -1.9185  27.135361    359.230 330.596713     694429   5007.758     642332  0.000e+00
    -1.9183  27.136931    359.583 330.596716     694423   5007.863     642448  0.000e+00
    -1.9178  27.138792    359.933 330.596719     694412   5007.988     642563  0.000e+00
    -1.9170  27.139432    360.268 330.596722     694395   5008.031     642673  0.000e+00
    -1.9166  27.140072    360.588 330.596725     694387   5008.074     642778  0.000e+00
    -1.9166  27.141410    360.899 330.596727     694386   5008.164     642880  0.000e+00
    -1.9162  27.142806    361.203 330.596730     694378   5008.258     642980  0.000e+00
    -1.9160  27.143272    361.508 330.596733     694372   5008.289     643080  0.000e+00
    -1.9155  27.144784    361.815 330.596736     694362   5008.391     643181  0.000e+00
    -1.9154  27.136647    362.144 330.596739     694360   5007.844     643289  0.000e+00
    -1.9151  26.964811    362.373 330.596742     694353   4996.281     643364  0.000e+00
    -1.9166  27.086391    362.430 330.596745     694386   5004.465     643383  0.000e+00
    -1.9239  27.081222    362.464 330.596748     694548   5004.117     643394  0.000e+00
    -1.9307  27.057996    362.476 330.596751     694699   5002.555     643398  0.000e+00
    -1.9364  26.991317    362.485 330.596753     694826   4998.066     643401  0.000e+00
    -1.9410  26.990563    362.494 330.596756     694928   4998.016     643404  0.000e+00
    -1.9464  26.982966    362.503 330.596759     695048   4997.504     643407  0.000e+00
    -1.9524  27.037216    362.504 330.596762     695180   5001.156     643407  0.000e+00
    -1.9542  27.036984    362.507 330.596765     695220   5001.141     643408  0.000e+00
    -1.9546  26.976703    362.516 330.596768     695229   4997.082     643411  0.000e+00
    -1.9535  26.965917    362.519 330.596771     695206   4996.355     643412  0.000e+00
    -1.9511  26.983082    362.519 330.596774     695152   4997.512     643412  0.000e+00
    -1.9480  26.967250    362.525 330.596777     695084   4996.445     643414  0.000e+00
    -1.9449  27.012493    362.522 330.596780     695015   4999.492     643413  0.000e+00
    -1.9426  27.007851    362.531 330.596782     694963   4999.180     643416  0.000e+00
    -1.9408  26.993638    362.531 330.596785     694924   4998.223     643416  0.000e+00
    -1.9403  26.992652    362.534 330.596788     694912   4998.156     643417  0.000e+00
    -1.9402  26.995552    362.537 330.596791     694911   4998.352     643418  0.000e+00
    -1.9407  26.999207    362.534 330.596794     694922   4998.598     643417  0.000e+00
    -1.9412  27.014176    362.540 330.596797     694932   4999.605     643419  0.000e+00
    -1.9416  27.028335    362.540 330.596800     694941   5000.559     643419  0.000e+00
    -1.9420  27.053062    362.546 330.596803     694951   5002.223     643421  0.000e+00
    -1.9421  27.061132    362.543 330.596806     694953   5002.766     643420  0.000e+00
    -1.9423  27.062700    362.540 330.596808     694957   5002.871     643419  0.000e+00
    -1.9424  27.063106    362.546 330.596811     694959   5002.898     643421  0.000e+00
    -1.9428  27.062177    362.546 330.596814     694968   5002.836     643421  0.000e+00
    -1.9432  27.062526    362.549 330.596817     694977   5002.859     643422  0.000e+00
    -1.9437  27.053236    362.549 330.596820     694987   5002.234     643422  0.000e+00
    -1.9441  27.047779    362.546 330.596823     694996   5001.867     643421  0.000e+00
    -1.9445  27.052191    362.543 330.596826     695006   5002.164     643420  0.000e+00
    -1.9447  27.053643    362.540 330.596829     695011   5002.262     643419  0.000e+00
    -1.9452  27.054281    362.540 330.596832     695020   5002.305     643419  0.000e+00
    -1.9453  27.049173    362.537 330.596834     695024   5001.961     643418  0.000e+00
    -1.9455  27.047721    362.537 330.596837     695028   5001.863     643418  0.000e+00
    -1.9458  27.052482    362.540 330.596840     695034   5002.184     643419  0.000e+00
    -1.9456  27.051959    362.537 330.596843     695031   5002.148     643418  0.000e+00
    -1.9455  27.054572    362.531 330.596846     695027   5002.324     643416  0.000e+00
    -1.9451  27.058926    362.525 330.596849     695018   5002.617     643414  0.000e+00
    -1.9449  27.062990    362.528 330.596852     695014   5002.891     643415  0.000e+00
    -1.9447  27.070597    362.522 330.596855     695009   5003.402     643413  0.000e+00
    -1.9447  27.074023    362.519 330.596858     695009   5003.633     643412  0.000e+00
    -1.9445  27.074778    362.516 330.596861     695006   5003.684     643411  0.000e+00
    -1.9445  27.076114    362.513 330.596863     695006   5003.773     643410  0.000e+00
    -1.9445  27.076462    362.504 330.596866     695006   5003.797     643407  0.000e+00
    -1.9447  27.076636    362.504 330.596869     695010   5003.809     643407  0.000e+00
    -1.9451  27.076462    362.497 330.596872     695018   5003.797     643405  0.000e+00
    -1.9452  27.076404    362.491 330.596875     695022   5003.793     643403  0.000e+00
    -1.9457  27.076927    362.482 330.596878     695032   5003.828     643400  0.000e+00
    -1.9461  27.078437    362.485 330.596881     695041   5003.930     643401  0.000e+00
    -1.9465  27.078727    362.470 330.596884     695051   5003.949     643396  0.000e+00
    -1.9473  27.080063    362.473 330.596887     695068   5004.039     643397  0.000e+00
    -1.9480  27.084012    362.464 330.596889     695083   5004.305     643394  0.000e+00
    -1.9488  27.089298    362.455 330.596892     695102   5004.660     643391  0.000e+00
    -1.9498  27.092957    362.443 330.596895     695124   5004.906     643387  0.000e+00
    -1.9507  27.094874    362.440 330.596898     695143   5005.035     643386  0.000e+00
    -1.9515  27.095861    362.431 330.596901     695161   5005.102     643383  0.000e+00
    -1.9521  27.096617    362.421 330.596904     695175   5005.152     643380  0.000e+00
    -1.9529  27.096500    362.418 330.596907     695191   5005.145     643379  0.000e+00
    -1.9535  27.096907    362.412 330.596910     695205   5005.172     643377  0.000e+00
    -1.9541  27.097081    362.400 330.596913     695218   5005.184     643373  0.000e+00
    -1.9546  27.097140    362.394 330.596916     695230   5005.188     643371  0.000e+00
    -1.9552  27.097372    362.394 330.596918     695244   5005.203     643371  0.000e+00
    -1.9558  27.097721    362.388 330.596921     695256   5005.227     643369  0.000e+00
    -1.9564  27.097895    362.385 330.596924     695270   5005.238     643368  0.000e+00
    -1.9569  27.097953    362.376 330.596927     695282   5005.242     643365  0.000e+00
    -1.9574  27.098476    362.376 330.596930     695293   5005.277     643365  0.000e+00
    -1.9579  27.098185    362.370 330.596933     695303   5005.258     643363  0.000e+00
    -1.9582  27.098476    362.370 330.596936     695310   5005.277     643363  0.000e+00
    -1.9585  27.098476    362.370 330.596939     695317   5005.277     643363  0.000e+00
    -1.9590  27.098476    362.373 330.596942     695328   5005.277     643364  0.000e+00
    -1.9595  27.098476    362.364 330.596944     695338   5005.277     643361  0.000e+00
    -1.9597  27.098766    362.370 330.596947     695343   5005.297     643363  0.000e+00
    -1.9602  27.098767    362.370 330.596950     695354   5005.297     643363  0.000e+00
    -1.9604  27.098999    362.370 330.596953     695359   5005.313     643363  0.000e+00
    -1.9608  27.099289    362.373 330.596956     695368   5005.332     643364  0.000e+00
    -1.9611  27.099522    362.373 330.596959     695374   5005.348     643364  0.000e+00
    -1.9614  27.100335    362.373 330.596962     695381   5005.402     643364  0.000e+00
    -1.9619  27.100393    362.364 330.596965     695392   5005.406     643361  0.000e+00
    -1.9621  27.100858    362.370 330.596968     695397   5005.438     643363  0.000e+00
    -1.9624  27.100684    362.364 330.596970     695402   5005.426     643361  0.000e+00
    -1.9628  27.101090    362.364 330.596973     695413   5005.453     643361  0.000e+00
    -1.9632  27.100974    362.367 330.596976     695420   5005.445     643362  0.000e+00
    -1.9635  27.101381    362.364 330.596979     695427   5005.473     643361  0.000e+00
    -1.9638  27.101265    362.361 330.596982     695434   5005.465     643360  0.000e+00
    -1.9640  27.101381    362.361 330.596985     695438   5005.473     643360  0.000e+00
    -1.9645  27.101671    362.354 330.596988     695450   5005.492     643358  0.000e+00
    -1.9646  27.101555    362.351 330.596991     695453   5005.484     643357  0.000e+00
    -1.9649  27.101672    362.354 330.596994     695459   5005.492     643358  0.000e+00
    -1.9652  27.101788    362.351 330.596997     695465   5005.500     643357  0.000e+00
    -1.9655  27.101904    362.364 330.596999     695472   5005.508     643361  0.000e+00
    -1.9658  27.101788    362.358 330.597002     695478   5005.500     643359  0.000e+00
    -1.9662  27.101672    362.354 330.597005     695487   5005.492     643358  0.000e+00
    -1.9663  27.101788    362.361 330.597008     695489   5005.500     643360  0.000e+00
    -1.9665  27.101381    362.364 330.597011     695495   5005.473     643361  0.000e+00
    -1.9669  27.101381    362.354 330.597014     695503   5005.473     643358  0.000e+00
    -1.9672  27.101556    362.364 330.597017     695510   5005.484     643361  0.000e+00
    -1.9673  27.101672    362.364 330.597020     695513   5005.492     643361  0.000e+00
    -1.9677  27.101556    362.370 330.597023     695521   5005.484     643363  0.000e+00
    -1.9681  27.101672    362.370 330.597025     695530   5005.492     643363  0.000e+00
    -1.9682  27.101788    362.364 330.597028     695531   5005.500     643361  0.000e+00
    -1.9684  27.102195    362.367 330.597031     695537   5005.527     643362  0.000e+00
    -1.9687  27.102079    362.367 330.597034     695543   5005.520     643362  0.000e+00
    -1.9691  27.102195    362.367 330.597037     695551   5005.527     643362  0.000e+00
    -1.9692  27.102079    362.373 330.597040     695555   5005.520     643364  0.000e+00
    -1.9696  27.102195    362.370 330.597043     695562   5005.527     643363  0.000e+00
    -1.9697  27.102427    362.370 330.597046     695566   5005.543     643363  0.000e+00
    -1.9700  27.102369    362.376 330.597049     695572   5005.539     643365  0.000e+00
    -1.9704  27.102718    362.376 330.597052     695581   5005.563     643365  0.000e+00
    -1.9707  27.102950    362.379 330.597054     695587   5005.578     643366  0.000e+00
    -1.9709  27.102718    362.379 330.597057     695592   5005.563     643366  0.000e+00
    -1.9710  27.102950    362.382 330.597060     695594   5005.578     643367  0.000e+00
    -1.9713  27.102950    362.388 330.597063     695600   5005.578     643369  0.000e+00
    -1.9716  27.103183    362.379 330.597066     695607   5005.594     643366  0.000e+00
    -1.9719  27.103241    362.376 330.597069     695615   5005.598     643365  0.000e+00
    -1.9721  27.103241    362.379 330.597072     695618   5005.598     643366  0.000e+00
    -1.9724  27.103183    362.388 330.597075     695626   5005.594     643369  0.000e+00
    -1.9726  27.103473    362.385 330.597078     695629   5005.613     643368  0.000e+00
    -1.9728  27.103473    362.379 330.597080     695634   5005.613     643366  0.000e+00
    -1.9731  27.103764    362.388 330.597083     695640   5005.633     643369  0.000e+00
    -1.9734  27.103764    362.391 330.597086     695647   5005.633     643370  0.000e+00
    -1.9737  27.103764    362.388 330.597089     695654   5005.633     643369  0.000e+00
    -1.9738  27.104345    362.388 330.597092     695657   5005.672     643369  0.000e+00
    -1.9741  27.104519    362.391 330.597095     695662   5005.684     643370  0.000e+00
    -1.9744  27.104519    362.394 330.597098     695669   5005.684     643371  0.000e+00
    -1.9745  27.104868    362.394 330.597101     695671   5005.707     643371  0.000e+00
    -1.9749  27.105042    362.391 330.597104     695680   5005.719     643370  0.000e+00
    -1.9751  27.104868    362.397 330.597106     695685   5005.707     643372  0.000e+00
    -1.9753  27.105333    362.397 330.597109     695689   5005.738     643372  0.000e+00
