sbs/tests/resources/orca-test-data/SBE19plus/4794/4794_040_KiM.cnv
* Sea-Bird SBE19plus Data File:
* FileName = C:\Documents and Settings\stevens\Desktop\K131_2007\CTD\4794_040.hex
* Software Version 1.50
* Temperature SN =  4977
* Conductivity SN =  4977
* System UpLoad Time = Nov 27 2007 13:06:00
** K131 McMurdo SeaIce Work
** nov-dec 2007
** using chch plastic ctd
** times are local (NZ daylight savings)
# nquan = 8
# nvalues = 3411                                  
# units = specified
# name 0 = tv290C: Temperature [ITS-90, deg C]
# name 1 = c0mS/cm: Conductivity [mS/cm]
# name 2 = prdM: Pressure, Strain Gauge [db]
# name 3 = timeJ: Julian Days
# name 4 = f0: Frequency 0
# name 5 = f1: Frequency 1
# name 6 = f2: Frequency 2
# name 7 = flag:  0.000e+00
# span 0 =    -1.9517,    -1.6080                 
# span 1 =  -0.000433,  27.770376                 
# span 2 =     -0.278,    356.163                 
# span 3 = 331.506829, 331.516696                 
# span 4 =     687560,     695166                 
# span 5 =   2601.965,   5050.316                 
# span 6 =     524312,     641324                 
# span 7 = 0.0000e+00, 0.0000e+00                 
# interval = seconds: 0.25
# start_time = Nov 27 2007 12:09:50 [Instrument's time stamp, header]
# bad_flag = -9.990e-29
*END*
[from data line 2338]
    -1.9126  27.362657    354.317 331.513594     694298   5023.012     640718  0.000e+00
    -1.9124  27.362016    354.311 331.513597     694294   5022.969     640716  0.000e+00
    -1.9123  27.362366    354.311 331.513600     694291   5022.992     640716  0.000e+00
    -1.9124  27.362249    354.305 331.513602     694292   5022.984     640714  0.000e+00
    -1.9125  27.362016    354.305 331.513605     694296   5022.969     640714  0.000e+00
    -1.9126  27.361783    354.299 331.513608     694298   5022.953     640712  0.000e+00
    -1.9126  27.362249    354.296 331.513611     694298   5022.984     640711  0.000e+00
    -1.9126  27.361783    354.299 331.513614     694297   5022.953     640712  0.000e+00
    -1.9125  27.362249    354.290 331.513617     694296   5022.984     640709  0.000e+00
    -1.9126  27.362541    354.281 331.513620     694298   5023.004     640706  0.000e+00
    -1.9125  27.362657    354.281 331.513623     694296   5023.012     640706  0.000e+00
    -1.9127  27.361725    354.278 331.513626     694299   5022.949     640705  0.000e+00
    -1.9126  27.362249    354.272 331.513628     694298   5022.984     640703  0.000e+00
    -1.9125  27.362366    354.266 331.513631     694296   5022.992     640701  0.000e+00
    -1.9126  27.362249    354.259 331.513634     694298   5022.984     640699  0.000e+00
    -1.9125  27.361491    354.256 331.513637     694295   5022.934     640698  0.000e+00
    -1.9125  27.362016    354.259 331.513640     694296   5022.969     640699  0.000e+00
    -1.9128  27.361491    354.256 331.513643     694301   5022.934     640698  0.000e+00
    -1.9127  27.362366    354.250 331.513646     694300   5022.992     640696  0.000e+00
    -1.9128  27.362249    354.247 331.513649     694302   5022.984     640695  0.000e+00
    -1.9127  27.361724    354.238 331.513652     694300   5022.949     640692  0.000e+00
    -1.9127  27.361783    354.241 331.513655     694299   5022.953     640693  0.000e+00
    -1.9127  27.361491    354.232 331.513657     694300   5022.934     640690  0.000e+00
    -1.9128  27.362366    354.235 331.513660     694301   5022.992     640691  0.000e+00
    -1.9126  27.361200    354.232 331.513663     694298   5022.914     640690  0.000e+00
    -1.9127  27.362016    354.226 331.513666     694299   5022.969     640688  0.000e+00
    -1.9127  27.361783    354.220 331.513669     694300   5022.953     640686  0.000e+00
    -1.9128  27.362016    354.220 331.513672     694301   5022.969     640686  0.000e+00
    -1.9128  27.361724    354.211 331.513675     694301   5022.949     640683  0.000e+00
    -1.9128  27.361491    354.211 331.513678     694302   5022.934     640683  0.000e+00
    -1.9127  27.361200    354.205 331.513681     694299   5022.914     640681  0.000e+00
    -1.9126  27.361491    354.199 331.513683     694298   5022.934     640679  0.000e+00
    -1.9126  27.362249    354.202 331.513686     694298   5022.984     640680  0.000e+00
    -1.9127  27.361724    354.192 331.513689     694300   5022.949     640677  0.000e+00
    -1.9126  27.361783    354.192 331.513692     694298   5022.953     640677  0.000e+00
    -1.9126  27.361724    354.186 331.513695     694298   5022.949     640675  0.000e+00
    -1.9126  27.362016    354.189 331.513698     694297   5022.969     640676  0.000e+00
    -1.9126  27.361783    354.186 331.513701     694298   5022.953     640675  0.000e+00
    -1.9126  27.362191    354.174 331.513704     694297   5022.980     640671  0.000e+00
    -1.9124  27.361491    354.168 331.513707     694293   5022.934     640669  0.000e+00
    -1.9124  27.361724    354.162 331.513709     694293   5022.949     640667  0.000e+00
    -1.9124  27.362074    354.168 331.513712     694294   5022.973     640669  0.000e+00
    -1.9126  27.361491    354.165 331.513715     694297   5022.934     640668  0.000e+00
    -1.9127  27.362365    354.156 331.513718     694299   5022.992     640665  0.000e+00
    -1.9125  27.361491    354.156 331.513721     694296   5022.934     640665  0.000e+00
    -1.9125  27.361782    354.144 331.513724     694295   5022.953     640661  0.000e+00
    -1.9127  27.360908    354.153 331.513727     694299   5022.895     640664  0.000e+00
    -1.9126  27.361724    354.144 331.513730     694297   5022.949     640661  0.000e+00
    -1.9126  27.362016    354.141 331.513733     694298   5022.969     640660  0.000e+00
    -1.9124  27.361782    354.129 331.513736     694293   5022.953     640656  0.000e+00
    -1.9126  27.361199    354.132 331.513738     694297   5022.914     640657  0.000e+00
    -1.9124  27.361782    354.125 331.513741     694293   5022.953     640655  0.000e+00
    -1.9124  27.361199    354.125 331.513744     694292   5022.914     640655  0.000e+00
    -1.9125  27.362540    354.122 331.513747     694296   5023.004     640654  0.000e+00
    -1.9124  27.360966    354.116 331.513750     694294   5022.898     640652  0.000e+00
    -1.9123  27.362016    354.113 331.513753     694291   5022.969     640651  0.000e+00
    -1.9126  27.361491    354.110 331.513756     694297   5022.934     640650  0.000e+00
    -1.9125  27.361491    354.107 331.513759     694295   5022.934     640649  0.000e+00
    -1.9124  27.362016    354.101 331.513762     694294   5022.969     640647  0.000e+00
    -1.9125  27.362074    354.095 331.513764     694295   5022.973     640645  0.000e+00
    -1.9125  27.361724    354.095 331.513767     694295   5022.949     640645  0.000e+00
    -1.9124  27.361491    354.092 331.513770     694292   5022.934     640644  0.000e+00
    -1.9124  27.361782    354.089 331.513773     694292   5022.953     640643  0.000e+00
    -1.9123  27.361724    354.086 331.513776     694291   5022.949     640642  0.000e+00
    -1.9124  27.361782    354.086 331.513779     694293   5022.953     640642  0.000e+00
    -1.9123  27.361724    354.077 331.513782     694290   5022.949     640639  0.000e+00
    -1.9124  27.362015    354.071 331.513785     694292   5022.969     640637  0.000e+00
    -1.9121  27.362074    354.068 331.513788     694287   5022.973     640636  0.000e+00
    -1.9123  27.362015    354.058 331.513791     694291   5022.969     640633  0.000e+00
    -1.9121  27.361724    354.062 331.513793     694287   5022.949     640634  0.000e+00
    -1.9121  27.361782    354.059 331.513796     694287   5022.953     640633  0.000e+00
    -1.9122  27.361199    354.052 331.513799     694289   5022.914     640631  0.000e+00
    -1.9122  27.361491    354.055 331.513802     694289   5022.934     640632  0.000e+00
    -1.9121  27.362015    354.052 331.513805     694287   5022.969     640631  0.000e+00
    -1.9121  27.361199    354.046 331.513808     694287   5022.914     640629  0.000e+00
    -1.9121  27.361782    354.040 331.513811     694286   5022.953     640627  0.000e+00
    -1.9120  27.362773    354.034 331.513814     694285   5023.020     640625  0.000e+00
    -1.9120  27.362074    354.031 331.513817     694285   5022.973     640624  0.000e+00
    -1.9122  27.363065    354.028 331.513819     694288   5023.039     640623  0.000e+00
    -1.9124  27.362365    354.028 331.513822     694293   5022.992     640623  0.000e+00
    -1.9123  27.361724    354.019 331.513825     694291   5022.949     640620  0.000e+00
    -1.9123  27.362248    354.019 331.513828     694290   5022.984     640620  0.000e+00
    -1.9121  27.361724    354.016 331.513831     694287   5022.949     640619  0.000e+00
    -1.9121  27.362365    354.013 331.513834     694286   5022.992     640618  0.000e+00
    -1.9122  27.362190    354.001 331.513837     694289   5022.980     640614  0.000e+00
    -1.9124  27.362248    354.004 331.513840     694292   5022.984     640615  0.000e+00
    -1.9122  27.362248    354.001 331.513843     694289   5022.984     640614  0.000e+00
    -1.9124  27.362074    353.998 331.513845     694294   5022.973     640613  0.000e+00
    -1.9124  27.362015    353.998 331.513848     694294   5022.969     640613  0.000e+00
    -1.9125  27.361782    353.988 331.513851     694295   5022.953     640610  0.000e+00
    -1.9124  27.362773    353.982 331.513854     694294   5023.020     640608  0.000e+00
    -1.9124  27.362248    353.979 331.513857     694294   5022.984     640607  0.000e+00
    -1.9125  27.362073    353.973 331.513860     694295   5022.973     640605  0.000e+00
    -1.9124  27.362015    353.970 331.513863     694294   5022.969     640604  0.000e+00
    -1.9124  27.361782    353.970 331.513866     694293   5022.953     640604  0.000e+00
    -1.9124  27.362773    353.967 331.513869     694294   5023.020     640603  0.000e+00
    -1.9124  27.362773    353.958 331.513872     694292   5023.020     640600  0.000e+00
    -1.9124  27.362656    353.955 331.513874     694294   5023.012     640599  0.000e+00
    -1.9125  27.362248    353.955 331.513877     694296   5022.984     640599  0.000e+00
    -1.9123  27.362248    353.952 331.513880     694291   5022.984     640598  0.000e+00
    -1.9124  27.362073    353.952 331.513883     694294   5022.973     640598  0.000e+00
    -1.9124  27.362773    353.946 331.513886     694292   5023.020     640596  0.000e+00
    -1.9124  27.361490    353.940 331.513889     694294   5022.934     640594  0.000e+00
    -1.9124  27.361724    353.937 331.513892     694294   5022.949     640593  0.000e+00
    -1.9125  27.362656    353.931 331.513895     694295   5023.012     640591  0.000e+00
    -1.9122  27.362015    353.925 331.513898     694288   5022.969     640589  0.000e+00
    -1.9123  27.362540    353.928 331.513900     694290   5023.004     640590  0.000e+00
    -1.9123  27.361724    353.925 331.513903     694291   5022.949     640589  0.000e+00
    -1.9124  27.362890    353.921 331.513906     694293   5023.027     640588  0.000e+00
    -1.9124  27.362015    353.915 331.513909     694294   5022.969     640586  0.000e+00
    -1.9122  27.362773    353.915 331.513912     694288   5023.020     640586  0.000e+00
    -1.9124  27.362073    353.906 331.513915     694293   5022.973     640583  0.000e+00
    -1.9125  27.362248    353.903 331.513918     694295   5022.984     640582  0.000e+00
    -1.9124  27.361199    353.900 331.513921     694292   5022.914     640581  0.000e+00
    -1.9124  27.362248    353.894 331.513924     694293   5022.984     640579  0.000e+00
    -1.9124  27.362365    353.891 331.513927     694294   5022.992     640578  0.000e+00
    -1.9122  27.362015    353.888 331.513929     694289   5022.969     640577  0.000e+00
    -1.9122  27.362248    353.885 331.513932     694289   5022.984     640576  0.000e+00
    -1.9123  27.362365    353.885 331.513935     694290   5022.992     640576  0.000e+00
    -1.9124  27.361490    353.879 331.513938     694293   5022.934     640574  0.000e+00
    -1.9124  27.362248    353.873 331.513941     694294   5022.984     640572  0.000e+00
    -1.9124  27.361490    353.873 331.513944     694294   5022.934     640572  0.000e+00
    -1.9125  27.362540    353.864 331.513947     694296   5023.004     640569  0.000e+00
    -1.9124  27.362365    353.861 331.513950     694292   5022.992     640568  0.000e+00
    -1.9124  27.362248    353.867 331.513953     694293   5022.984     640570  0.000e+00
    -1.9125  27.362015    353.854 331.513955     694295   5022.969     640566  0.000e+00
    -1.9125  27.361490    353.854 331.513958     694295   5022.934     640566  0.000e+00
    -1.9124  27.362015    353.851 331.513961     694294   5022.969     640565  0.000e+00
    -1.9125  27.362073    353.842 331.513964     694295   5022.973     640562  0.000e+00
    -1.9123  27.362015    353.839 331.513967     694290   5022.969     640561  0.000e+00
    -1.9124  27.362248    353.842 331.513970     694294   5022.984     640562  0.000e+00
    -1.9123  27.362190    353.836 331.513973     694290   5022.980     640560  0.000e+00
    -1.9122  27.362248    353.833 331.513976     694289   5022.984     640559  0.000e+00
    -1.9123  27.361782    353.830 331.513979     694291   5022.953     640558  0.000e+00
    -1.9124  27.361490    353.824 331.513981     694292   5022.934     640556  0.000e+00
    -1.9125  27.361490    353.818 331.513984     694296   5022.934     640554  0.000e+00
    -1.9124  27.361723    353.815 331.513987     694293   5022.949     640553  0.000e+00
    -1.9124  27.362365    353.815 331.513990     694294   5022.992     640553  0.000e+00
    -1.9124  27.362015    353.806 331.513993     694292   5022.969     640550  0.000e+00
    -1.9124  27.361782    353.803 331.513996     694294   5022.953     640549  0.000e+00
    -1.9124  27.362248    353.800 331.513999     694293   5022.984     640548  0.000e+00
    -1.9124  27.361723    353.797 331.514002     694292   5022.949     640547  0.000e+00
    -1.9124  27.361490    353.784 331.514005     694292   5022.934     640543  0.000e+00
    -1.9124  27.361723    353.794 331.514008     694294   5022.949     640546  0.000e+00
    -1.9124  27.361782    353.787 331.514010     694294   5022.953     640544  0.000e+00
    -1.9124  27.361723    353.787 331.514013     694293   5022.949     640544  0.000e+00
    -1.9124  27.361723    353.775 331.514016     694294   5022.949     640540  0.000e+00
    -1.9124  27.361781    353.772 331.514019     694292   5022.953     640539  0.000e+00
    -1.9124  27.362539    353.766 331.514022     694292   5023.004     640537  0.000e+00
    -1.9125  27.361723    353.769 331.514025     694295   5022.949     640538  0.000e+00
    -1.9124  27.362073    353.766 331.514028     694294   5022.973     640537  0.000e+00
    -1.9123  27.361723    353.763 331.514031     694290   5022.949     640536  0.000e+00
    -1.9124  27.362073    353.754 331.514034     694292   5022.973     640533  0.000e+00
    -1.9123  27.361723    353.754 331.514036     694291   5022.949     640533  0.000e+00
    -1.9123  27.362248    353.754 331.514039     694291   5022.984     640533  0.000e+00
    -1.9124  27.361781    353.754 331.514042     694292   5022.953     640533  0.000e+00
    -1.9124  27.361723    353.745 331.514045     694293   5022.949     640530  0.000e+00
    -1.9125  27.362073    353.742 331.514048     694295   5022.973     640529  0.000e+00
    -1.9124  27.362248    353.736 331.514051     694294   5022.984     640527  0.000e+00
    -1.9125  27.362015    353.730 331.514054     694296   5022.969     640525  0.000e+00
    -1.9124  27.362364    353.733 331.514057     694294   5022.992     640526  0.000e+00
    -1.9124  27.362539    353.730 331.514060     694294   5023.004     640525  0.000e+00
    -1.9124  27.361490    353.727 331.514063     694293   5022.934     640524  0.000e+00
    -1.9123  27.362014    353.714 331.514065     694291   5022.969     640520  0.000e+00
    -1.9123  27.362015    353.720 331.514068     694291   5022.969     640522  0.000e+00
    -1.9124  27.362014    353.711 331.514071     694293   5022.969     640519  0.000e+00
    -1.9125  27.362073    353.711 331.514074     694295   5022.973     640519  0.000e+00
    -1.9124  27.362248    353.705 331.514077     694293   5022.984     640517  0.000e+00
    -1.9124  27.362073    353.702 331.514080     694294   5022.973     640516  0.000e+00
    -1.9123  27.362248    353.693 331.514083     694291   5022.984     640513  0.000e+00
    -1.9124  27.362014    353.690 331.514086     694292   5022.969     640512  0.000e+00
    -1.9124  27.362073    353.684 331.514089     694293   5022.973     640510  0.000e+00
    -1.9126  27.362014    353.687 331.514091     694297   5022.969     640511  0.000e+00
    -1.9124  27.362073    353.684 331.514094     694294   5022.973     640510  0.000e+00
    -1.9124  27.361723    353.672 331.514097     694294   5022.949     640506  0.000e+00
    -1.9126  27.361490    353.675 331.514100     694298   5022.934     640507  0.000e+00
    -1.9125  27.362539    353.672 331.514103     694296   5023.004     640506  0.000e+00
    -1.9124  27.361606    353.669 331.514106     694293   5022.941     640505  0.000e+00
