sbs/tests/resources/orca-test-data/SBE19plus/4794/4794_035_KiM.cnv
* Sea-Bird SBE19plus Data File:
* FileName = C:\Documents and Settings\stevens\Desktop\K131_2007\CTD\4794_035.hex
* Software Version 1.50
* Temperature SN =  4977
* Conductivity SN =  4977
* System UpLoad Time = Nov 27 2007 07:42:40
** K131 McMurdo SeaIce Work
** nov-dec 2007
** using chch plastic ctd
** times are local (NZ daylight savings)
# nquan = 8
# nvalues = 6646                                  
# units = specified
# name 0 = tv290C: Temperature [ITS-90, deg C]
# name 1 = c0mS/cm: Conductivity [mS/cm]
# name 2 = prdM: Pressure, Strain Gauge [db]
# name 3 = timeJ: Julian Days
# name 4 = f0: Frequency 0
# name 5 = f1: Frequency 1
# name 6 = f2: Frequency 2
# name 7 = flag:  0.000e+00
# span 0 =    -3.6144,    -1.9017                 
# span 1 =  -0.000493,  27.364881                 
# span 2 =     -0.274,    357.914                 
# span 3 = 331.297604, 331.316832                 
# span 4 =     694055,     732731                 
# span 5 =   2601.957,   5023.160                 
# span 6 =     524314,     641899                 
# span 7 = 0.0000e+00, 0.0000e+00                 
# interval = seconds: 0.25
# start_time = Nov 27 2007 07:08:33 [Instrument's time stamp, header]
# bad_flag = -9.990e-29
*END*
[from data line 3416]
    -1.9374  27.237141    201.867 331.307488     694849   5014.621     590663  0.000e+00
    -1.9376  27.238362    201.501 331.307491     694853   5014.703     590543  0.000e+00
    -1.9375  27.236906    201.130 331.307494     694850   5014.605     590421  0.000e+00
    -1.9376  27.237138    200.752 331.307497     694852   5014.621     590297  0.000e+00
    -1.9372  27.237486    200.371 331.307500     694844   5014.645     590172  0.000e+00
    -1.9370  27.237427    199.997 331.307503     694840   5014.641     590049  0.000e+00
    -1.9364  27.237484    199.622 331.307506     694825   5014.645     589926  0.000e+00
    -1.9361  27.237425    199.238 331.307509     694819   5014.641     589800  0.000e+00
    -1.9358  27.237656    198.854 331.307512     694812   5014.656     589674  0.000e+00
    -1.9355  27.236666    198.474 331.307514     694805   5014.590     589549  0.000e+00
    -1.9354  27.236607    198.087 331.307517     694804   5014.586     589422  0.000e+00
    -1.9349  27.236373    197.703 331.307520     694793   5014.570     589296  0.000e+00
    -1.9352  27.236081    197.316 331.307523     694800   5014.551     589169  0.000e+00
    -1.9353  27.235556    196.932 331.307526     694801   5014.516     589043  0.000e+00
    -1.9354  27.235788    196.533 331.307529     694803   5014.531     588912  0.000e+00
    -1.9353  27.235554    196.152 331.307532     694802   5014.516     588787  0.000e+00
    -1.9354  27.234680    195.781 331.307535     694803   5014.457     588665  0.000e+00
    -1.9355  27.234505    195.409 331.307538     694805   5014.445     588543  0.000e+00
    -1.9357  27.233863    195.031 331.307541     694811   5014.402     588419  0.000e+00
    -1.9359  27.232117    194.645 331.307543     694814   5014.285     588292  0.000e+00
    -1.9365  27.230544    194.264 331.307546     694827   5014.180     588167  0.000e+00
    -1.9374  27.228507    193.877 331.307549     694847   5014.043     588040  0.000e+00
    -1.9384  27.226294    193.490 331.307552     694871   5013.895     587913  0.000e+00
    -1.9396  27.226003    193.097 331.307555     694897   5013.875     587784  0.000e+00
    -1.9407  27.224721    192.710 331.307558     694921   5013.789     587657  0.000e+00
    -1.9415  27.224139    192.323 331.307561     694939   5013.750     587530  0.000e+00
    -1.9425  27.222916    191.937 331.307564     694962   5013.668     587403  0.000e+00
    -1.9431  27.222566    191.544 331.307567     694974   5013.645     587274  0.000e+00
    -1.9436  27.222914    191.151 331.307569     694985   5013.668     587145  0.000e+00
    -1.9438  27.222331    190.764 331.307572     694991   5013.629     587018  0.000e+00
    -1.9440  27.221515    190.377 331.307575     694994   5013.574     586891  0.000e+00
    -1.9442  27.221223    189.990 331.307578     694999   5013.555     586764  0.000e+00
    -1.9446  27.221513    189.606 331.307581     695007   5013.574     586638  0.000e+00
    -1.9446  27.221221    189.216 331.307584     695007   5013.555     586510  0.000e+00
    -1.9447  27.220988    188.827 331.307587     695009   5013.539     586382  0.000e+00
    -1.9444  27.220114    188.440 331.307590     695003   5013.480     586255  0.000e+00
    -1.9446  27.220171    188.047 331.307593     695008   5013.484     586126  0.000e+00
    -1.9445  27.220694    187.657 331.307595     695006   5013.520     585998  0.000e+00
    -1.9446  27.220111    187.264 331.307598     695008   5013.480     585869  0.000e+00
    -1.9448  27.218073    186.874 331.307601     695013   5013.344     585741  0.000e+00
    -1.9449  27.218945    186.481 331.307604     695015   5013.402     585612  0.000e+00
    -1.9446  27.219409    186.085 331.307607     695008   5013.434     585482  0.000e+00
    -1.9449  27.219117    185.686 331.307610     695015   5013.414     585351  0.000e+00
    -1.9449  27.218709    185.293 331.307613     695015   5013.387     585222  0.000e+00
    -1.9447  27.218068    184.897 331.307616     695009   5013.344     585092  0.000e+00
    -1.9447  27.218125    184.498 331.307619     695010   5013.348     584961  0.000e+00
    -1.9447  27.219113    184.111 331.307622     695010   5013.414     584834  0.000e+00
    -1.9447  27.218938    183.721 331.307624     695010   5013.402     584706  0.000e+00
    -1.9445  27.217540    183.340 331.307627     695006   5013.309     584581  0.000e+00
    -1.9448  27.216725    182.954 331.307630     695012   5013.254     584454  0.000e+00
    -1.9451  27.216724    182.579 331.307633     695019   5013.254     584331  0.000e+00
    -1.9453  27.217014    182.195 331.307636     695023   5013.273     584205  0.000e+00
    -1.9453  27.217013    181.814 331.307639     695023   5013.273     584080  0.000e+00
    -1.9456  27.216721    181.427 331.307642     695029   5013.254     583953  0.000e+00
    -1.9456  27.216196    181.056 331.307645     695030   5013.219     583831  0.000e+00
    -1.9456  27.216137    180.663 331.307648     695030   5013.215     583702  0.000e+00
    -1.9456  27.215380    180.276 331.307650     695030   5013.164     583575  0.000e+00
    -1.9456  27.216426    179.895 331.307653     695030   5013.234     583450  0.000e+00
    -1.9455  27.215145    179.499 331.307656     695027   5013.148     583320  0.000e+00
    -1.9456  27.215609    179.106 331.307659     695030   5013.180     583191  0.000e+00
    -1.9456  27.215376    178.713 331.307662     695030   5013.164     583062  0.000e+00
    -1.9456  27.215375    178.323 331.307665     695029   5013.164     582934  0.000e+00
    -1.9457  27.214210    177.930 331.307668     695033   5013.086     582805  0.000e+00
    -1.9457  27.214616    177.543 331.307671     695032   5013.113     582678  0.000e+00
    -1.9457  27.214208    177.141 331.307674     695032   5013.086     582546  0.000e+00
    -1.9455  27.214090    176.752 331.307677     695028   5013.078     582418  0.000e+00
    -1.9458  27.214089    176.358 331.307679     695034   5013.078     582289  0.000e+00
    -1.9460  27.213623    175.969 331.307682     695038   5013.047     582161  0.000e+00
    -1.9457  27.213040    175.573 331.307685     695033   5013.008     582031  0.000e+00
    -1.9460  27.212806    175.186 331.307688     695038   5012.992     581904  0.000e+00
    -1.9460  27.212747    174.793 331.307691     695039   5012.988     581775  0.000e+00
    -1.9461  27.212804    174.400 331.307694     695041   5012.992     581646  0.000e+00
    -1.9460  27.212454    174.013 331.307697     695039   5012.969     581519  0.000e+00
    -1.9461  27.212453    173.626 331.307700     695041   5012.969     581392  0.000e+00
    -1.9461  27.212220    173.230 331.307703     695040   5012.953     581262  0.000e+00
    -1.9461  27.211695    172.849 331.307705     695040   5012.918     581137  0.000e+00
    -1.9461  27.211636    172.475 331.307708     695042   5012.914     581014  0.000e+00
    -1.9462  27.211926    172.088 331.307711     695043   5012.934     580887  0.000e+00
    -1.9460  27.211110    171.719 331.307714     695039   5012.879     580766  0.000e+00
    -1.9462  27.211400    171.332 331.307717     695044   5012.898     580639  0.000e+00
    -1.9462  27.211923    170.954 331.307720     695043   5012.934     580515  0.000e+00
    -1.9463  27.210525    170.577 331.307723     695046   5012.840     580391  0.000e+00
    -1.9462  27.210874    170.202 331.307726     695043   5012.863     580268  0.000e+00
    -1.9461  27.210233    169.824 331.307729     695041   5012.820     580144  0.000e+00
    -1.9461  27.209824    169.444 331.307731     695042   5012.793     580019  0.000e+00
    -1.9460  27.209823    169.060 331.307734     695038   5012.793     579893  0.000e+00
    -1.9462  27.209415    168.679 331.307737     695043   5012.766     579768  0.000e+00
    -1.9463  27.209298    168.289 331.307740     695046   5012.758     579640  0.000e+00
    -1.9461  27.208540    167.905 331.307743     695040   5012.707     579514  0.000e+00
    -1.9462  27.209005    167.524 331.307746     695043   5012.738     579389  0.000e+00
    -1.9462  27.209411    167.137 331.307749     695043   5012.766     579262  0.000e+00
    -1.9463  27.209294    166.754 331.307752     695046   5012.758     579136  0.000e+00
    -1.9462  27.208769    166.373 331.307755     695043   5012.723     579011  0.000e+00
    -1.9461  27.208012    165.983 331.307758     695042   5012.672     578883  0.000e+00
    -1.9461  27.209291    165.611 331.307760     695042   5012.758     578761  0.000e+00
    -1.9463  27.206614    165.237 331.307763     695045   5012.578     578638  0.000e+00
    -1.9460  27.207951    164.856 331.307766     695039   5012.668     578513  0.000e+00
    -1.9460  27.208473    164.484 331.307769     695039   5012.703     578391  0.000e+00
    -1.9461  27.207716    164.100 331.307772     695042   5012.652     578265  0.000e+00
    -1.9460  27.206901    163.720 331.307775     695038   5012.598     578140  0.000e+00
    -1.9462  27.208005    163.339 331.307778     695043   5012.672     578015  0.000e+00
    -1.9460  27.207422    162.964 331.307781     695039   5012.633     577892  0.000e+00
    -1.9461  27.206898    162.596 331.307784     695041   5012.598     577771  0.000e+00
    -1.9460  27.207188    162.224 331.307786     695038   5012.617     577649  0.000e+00
    -1.9460  27.206896    161.858 331.307789     695038   5012.598     577529  0.000e+00
    -1.9461  27.206604    161.493 331.307792     695042   5012.578     577409  0.000e+00
    -1.9462  27.206370    161.127 331.307795     695043   5012.563     577289  0.000e+00
    -1.9462  27.206020    160.765 331.307798     695043   5012.539     577170  0.000e+00
    -1.9461  27.205845    160.396 331.307801     695041   5012.527     577049  0.000e+00
    -1.9463  27.205204    160.024 331.307804     695046   5012.484     576927  0.000e+00
    -1.9462  27.205552    159.656 331.307807     695043   5012.508     576806  0.000e+00
    -1.9464  27.205318    159.296 331.307810     695047   5012.492     576688  0.000e+00
    -1.9462  27.206016    158.940 331.307813     695043   5012.539     576571  0.000e+00
    -1.9461  27.205316    158.574 331.307815     695042   5012.492     576451  0.000e+00
    -1.9463  27.204908    158.209 331.307818     695046   5012.465     576331  0.000e+00
    -1.9461  27.204791    157.846 331.307821     695041   5012.457     576212  0.000e+00
    -1.9462  27.204266    157.472 331.307824     695043   5012.422     576089  0.000e+00
    -1.9462  27.204324    157.106 331.307827     695044   5012.426     575969  0.000e+00
    -1.9461  27.203741    156.734 331.307830     695040   5012.387     575847  0.000e+00
    -1.9461  27.203798    156.363 331.307833     695040   5012.391     575725  0.000e+00
    -1.9462  27.203972    155.985 331.307836     695044   5012.402     575601  0.000e+00
    -1.9462  27.204029    155.613 331.307839     695043   5012.406     575479  0.000e+00
    -1.9462  27.203155    155.236 331.307841     695043   5012.348     575355  0.000e+00
    -1.9464  27.203445    154.858 331.307844     695047   5012.367     575231  0.000e+00
    -1.9462  27.203793    154.483 331.307847     695044   5012.391     575108  0.000e+00
    -1.9462  27.202396    154.102 331.307850     695044   5012.297     574983  0.000e+00
    -1.9465  27.201523    153.722 331.307853     695049   5012.238     574858  0.000e+00
    -1.9467  27.202627    153.335 331.307856     695055   5012.313     574731  0.000e+00
    -1.9465  27.201579    152.948 331.307859     695050   5012.242     574604  0.000e+00
    -1.9468  27.201520    152.567 331.307862     695056   5012.238     574479  0.000e+00
    -1.9467  27.201868    152.186 331.307865     695054   5012.262     574354  0.000e+00
    -1.9468  27.201518    151.796 331.307867     695056   5012.238     574226  0.000e+00
    -1.9469  27.201575    151.409 331.307870     695058   5012.242     574099  0.000e+00
    -1.9467  27.200934    151.016 331.307873     695054   5012.199     573970  0.000e+00
    -1.9469  27.200526    150.629 331.307876     695059   5012.172     573843  0.000e+00
    -1.9469  27.200525    150.240 331.307879     695058   5012.172     573715  0.000e+00
    -1.9467  27.200698    149.850 331.307882     695055   5012.184     573587  0.000e+00
    -1.9467  27.200523    149.466 331.307885     695055   5012.172     573461  0.000e+00
    -1.9466  27.200114    149.076 331.307888     695053   5012.145     573333  0.000e+00
    -1.9469  27.200230    148.689 331.307891     695058   5012.152     573206  0.000e+00
    -1.9466  27.199531    148.287 331.307894     695053   5012.105     573074  0.000e+00
    -1.9468  27.199471    147.891 331.307896     695056   5012.102     572944  0.000e+00
    -1.9469  27.198947    147.501 331.307899     695058   5012.066     572816  0.000e+00
    -1.9468  27.199295    147.105 331.307902     695057   5012.090     572686  0.000e+00
    -1.9470  27.198945    146.718 331.307905     695060   5012.066     572559  0.000e+00
    -1.9469  27.199293    146.307 331.307908     695059   5012.090     572424  0.000e+00
    -1.9469  27.199175    145.917 331.307911     695058   5012.082     572296  0.000e+00
    -1.9469  27.198709    145.515 331.307914     695058   5012.051     572164  0.000e+00
    -1.9467  27.198650    145.119 331.307917     695055   5012.047     572034  0.000e+00
    -1.9469  27.198416    144.713 331.307920     695058   5012.031     571901  0.000e+00
    -1.9470  27.197601    144.317 331.307922     695060   5011.977     571771  0.000e+00
    -1.9467  27.197891    143.918 331.307925     695054   5011.996     571640  0.000e+00
    -1.9468  27.198122    143.516 331.307928     695057   5012.012     571508  0.000e+00
    -1.9470  27.197074    143.117 331.307931     695061   5011.941     571377  0.000e+00
    -1.9469  27.196782    142.721 331.307934     695058   5011.922     571247  0.000e+00
    -1.9469  27.196723    142.325 331.307937     695058   5011.918     571117  0.000e+00
    -1.9471  27.196548    141.926 331.307940     695063   5011.906     570986  0.000e+00
    -1.9473  27.196721    141.536 331.307943     695067   5011.918     570858  0.000e+00
    -1.9472  27.196255    141.143 331.307946     695066   5011.887     570729  0.000e+00
    -1.9472  27.196486    140.759 331.307948     695065   5011.902     570603  0.000e+00
    -1.9471  27.196020    140.363 331.307951     695063   5011.871     570473  0.000e+00
    -1.9471  27.194972    139.979 331.307954     695063   5011.801     570347  0.000e+00
    -1.9473  27.195029    139.577 331.307957     695067   5011.805     570215  0.000e+00
    -1.9472  27.194679    139.184 331.307960     695065   5011.781     570086  0.000e+00
    -1.9472  27.194504    138.785 331.307963     695065   5011.770     569955  0.000e+00
    -1.9474  27.194444    138.389 331.307966     695071   5011.766     569825  0.000e+00
    -1.9473  27.194211    137.990 331.307969     695068   5011.750     569694  0.000e+00
    -1.9473  27.194675    137.588 331.307972     695068   5011.781     569562  0.000e+00
    -1.9473  27.194674    137.186 331.307975     695068   5011.781     569430  0.000e+00
    -1.9473  27.193917    136.793 331.307977     695067   5011.730     569301  0.000e+00
    -1.9474  27.193857    136.391 331.307980     695069   5011.727     569169  0.000e+00
    -1.9473  27.193100    135.983 331.307983     695067   5011.676     569035  0.000e+00
    -1.9473  27.193623    135.580 331.307986     695067   5011.711     568903  0.000e+00
    -1.9472  27.193098    135.184 331.307989     695065   5011.676     568773  0.000e+00
    -1.9473  27.192225    134.785 331.307992     695068   5011.617     568642  0.000e+00
    -1.9475  27.193096    134.383 331.307995     695072   5011.676     568510  0.000e+00
    -1.9474  27.192513    133.975 331.307998     695071   5011.637     568376  0.000e+00
    -1.9471  27.192280    133.582 331.308001     695064   5011.621     568247  0.000e+00
    -1.9474  27.191697    133.192 331.308003     695069   5011.582     568119  0.000e+00
