sbs/tests/resources/orca-test-data/SBE19plus/4794/4794_032_KiM.cnv
* Sea-Bird SBE19plus Data File:
* FileName = C:\Documents and Settings\stevens\Desktop\K131_2007\CTD\4794_032.hex
* Software Version 1.50
* Temperature SN =  4977
* Conductivity SN =  4977
* System UpLoad Time = Nov 27 2007 04:51:18
** K131 McMurdo SeaIce Work
** nov-dec 2007
** using chch plastic ctd
** times are local (NZ daylight savings)
# nquan = 8
# nvalues = 8049                                  
# units = specified
# name 0 = tv290C: Temperature [ITS-90, deg C]
# name 1 = c0mS/cm: Conductivity [mS/cm]
# name 2 = prdM: Pressure, Strain Gauge [db]
# name 3 = timeJ: Julian Days
# name 4 = f0: Frequency 0
# name 5 = f1: Frequency 1
# name 6 = f2: Frequency 2
# name 7 = flag:  0.000e+00
# span 0 =    -3.3088,    -1.9024                 
# span 1 =  -0.000403,  27.376897                 
# span 2 =     -0.274,    359.692                 
# span 3 = 331.174699, 331.197986                 
# span 4 =     694072,     725731                 
# span 5 =   2601.969,   5023.973                 
# span 6 =     524314,     642483                 
# span 7 = 0.0000e+00, 0.0000e+00                 
# interval = seconds: 0.25
# start_time = Nov 27 2007 04:11:34 [Instrument's time stamp, header]
# bad_flag = -9.990e-29
*END*
[from data line 5214]
    -1.9401  27.194922    121.058 331.189786     694907   5011.801     564136  0.000e+00
    -1.9400  27.194108    121.210 331.189789     694906   5011.746     564186  0.000e+00
    -1.9402  27.194458    121.350 331.189792     694911   5011.770     564232  0.000e+00
    -1.9402  27.194632    121.478 331.189795     694910   5011.781     564274  0.000e+00
    -1.9403  27.194982    121.615 331.189797     694913   5011.805     564319  0.000e+00
    -1.9403  27.194110    121.737 331.189800     694913   5011.746     564359  0.000e+00
    -1.9403  27.195680    121.881 331.189803     694912   5011.852     564406  0.000e+00
    -1.9403  27.195565    122.063 331.189806     694912   5011.844     564466  0.000e+00
    -1.9402  27.194925    122.206 331.189809     694911   5011.801     564513  0.000e+00
    -1.9403  27.195565    122.331 331.189812     694912   5011.844     564554  0.000e+00
    -1.9403  27.195973    122.426 331.189815     694912   5011.871     564585  0.000e+00
    -1.9403  27.195275    122.505 331.189818     694913   5011.824     564611  0.000e+00
    -1.9404  27.194926    122.578 331.189821     694915   5011.801     564635  0.000e+00
    -1.9404  27.195450    122.627 331.189823     694914   5011.836     564651  0.000e+00
    -1.9404  27.194752    122.654 331.189826     694915   5011.789     564660  0.000e+00
    -1.9404  27.194926    122.666 331.189829     694915   5011.801     564664  0.000e+00
    -1.9403  27.194752    122.666 331.189832     694913   5011.789     564664  0.000e+00
    -1.9404  27.195159    122.685 331.189835     694915   5011.816     564670  0.000e+00
    -1.9404  27.194985    122.782 331.189838     694914   5011.805     564702  0.000e+00
    -1.9403  27.195160    122.944 331.189841     694913   5011.816     564755  0.000e+00
    -1.9403  27.195684    123.136 331.189844     694913   5011.852     564818  0.000e+00
    -1.9402  27.195277    123.306 331.189847     694911   5011.824     564874  0.000e+00
    -1.9403  27.195161    123.455 331.189850     694913   5011.816     564923  0.000e+00
    -1.9405  27.195569    123.602 331.189852     694916   5011.844     564971  0.000e+00
    -1.9404  27.195976    123.745 331.189855     694915   5011.871     565018  0.000e+00
    -1.9404  27.195453    123.900 331.189858     694914   5011.836     565069  0.000e+00
    -1.9403  27.195861    124.095 331.189861     694912   5011.863     565133  0.000e+00
    -1.9403  27.195977    124.269 331.189864     694912   5011.871     565190  0.000e+00
    -1.9403  27.196152    124.406 331.189867     694912   5011.883     565235  0.000e+00
    -1.9404  27.196211    124.549 331.189870     694914   5011.887     565282  0.000e+00
    -1.9403  27.195862    124.695 331.189873     694912   5011.863     565330  0.000e+00
    -1.9402  27.196735    124.845 331.189876     694911   5011.922     565379  0.000e+00
    -1.9402  27.196212    125.049 331.189878     694911   5011.887     565446  0.000e+00
    -1.9403  27.196445    125.223 331.189881     694912   5011.902     565503  0.000e+00
    -1.9403  27.196504    125.369 331.189884     694912   5011.906     565551  0.000e+00
    -1.9402  27.196679    125.506 331.189887     694910   5011.918     565596  0.000e+00
    -1.9402  27.197028    125.631 331.189890     694911   5011.941     565637  0.000e+00
    -1.9402  27.195865    125.743 331.189893     694909   5011.863     565674  0.000e+00
    -1.9402  27.196505    125.881 331.189896     694909   5011.906     565719  0.000e+00
    -1.9402  27.196738    126.054 331.189899     694909   5011.922     565776  0.000e+00
    -1.9401  27.196448    126.213 331.189902     694908   5011.902     565828  0.000e+00
    -1.9402  27.196506    126.341 331.189905     694910   5011.906     565870  0.000e+00
    -1.9403  27.196972    126.465 331.189907     694912   5011.938     565911  0.000e+00
    -1.9402  27.196740    126.581 331.189910     694910   5011.922     565949  0.000e+00
    -1.9402  27.197263    126.694 331.189913     694909   5011.957     565986  0.000e+00
    -1.9402  27.197555    126.807 331.189916     694909   5011.977     566023  0.000e+00
    -1.9402  27.197264    126.953 331.189919     694910   5011.957     566071  0.000e+00
    -1.9402  27.198079    127.123 331.189922     694909   5012.012     566127  0.000e+00
    -1.9402  27.197556    127.270 331.189925     694910   5011.977     566175  0.000e+00
    -1.9403  27.197556    127.389 331.189928     694912   5011.977     566214  0.000e+00
    -1.9402  27.197847    127.513 331.189931     694910   5011.996     566255  0.000e+00
    -1.9401  27.197266    127.626 331.189933     694908   5011.957     566292  0.000e+00
    -1.9401  27.198081    127.736 331.189936     694908   5012.012     566328  0.000e+00
    -1.9400  27.198081    127.842 331.189939     694905   5012.012     566363  0.000e+00
    -1.9400  27.197558    128.004 331.189942     694906   5011.977     566416  0.000e+00
    -1.9399  27.198372    128.165 331.189945     694904   5012.031     566469  0.000e+00
    -1.9398  27.197849    128.299 331.189948     694901   5011.996     566513  0.000e+00
    -1.9399  27.198373    128.421 331.189951     694903   5012.031     566553  0.000e+00
    -1.9400  27.198373    128.549 331.189954     694905   5012.031     566595  0.000e+00
    -1.9400  27.197850    128.665 331.189957     694905   5011.996     566633  0.000e+00
    -1.9399  27.198374    128.781 331.189959     694904   5012.031     566671  0.000e+00
    -1.9399  27.198084    128.927 331.189962     694904   5012.012     566719  0.000e+00
    -1.9398  27.198608    129.110 331.189965     694902   5012.047     566779  0.000e+00
    -1.9398  27.198666    129.256 331.189968     694901   5012.051     566827  0.000e+00
    -1.9400  27.198376    129.387 331.189971     694906   5012.031     566870  0.000e+00
    -1.9399  27.198900    129.536 331.189974     694904   5012.066     566919  0.000e+00
    -1.9398  27.198667    129.670 331.189977     694902   5012.051     566963  0.000e+00
    -1.9400  27.198900    129.814 331.189980     694905   5012.066     567010  0.000e+00
    -1.9398  27.198377    129.999 331.189983     694901   5012.031     567071  0.000e+00
    -1.9398  27.198901    130.182 331.189986     694901   5012.066     567131  0.000e+00
    -1.9400  27.199425    130.334 331.189988     694906   5012.102     567181  0.000e+00
    -1.9399  27.198669    130.484 331.189991     694904   5012.051     567230  0.000e+00
    -1.9399  27.199135    130.627 331.189994     694904   5012.082     567277  0.000e+00
    -1.9399  27.199484    130.773 331.189997     694904   5012.105     567325  0.000e+00
    -1.9399  27.198903    130.959 331.190000     694903   5012.066     567386  0.000e+00
    -1.9399  27.199485    131.145 331.190003     694903   5012.105     567447  0.000e+00
    -1.9400  27.199137    131.309 331.190006     694905   5012.082     567501  0.000e+00
    -1.9399  27.199661    131.483 331.190009     694903   5012.117     567558  0.000e+00
    -1.9398  27.200068    131.651 331.190012     694902   5012.145     567613  0.000e+00
    -1.9400  27.199662    131.827 331.190014     694905   5012.117     567671  0.000e+00
    -1.9399  27.200069    132.050 331.190017     694904   5012.145     567744  0.000e+00
    -1.9399  27.199954    132.245 331.190020     694903   5012.137     567808  0.000e+00
    -1.9398  27.200070    132.431 331.190023     694901   5012.145     567869  0.000e+00
    -1.9396  27.199955    132.616 331.190026     694897   5012.137     567930  0.000e+00
    -1.9397  27.199955    132.793 331.190029     694900   5012.137     567988  0.000e+00
    -1.9398  27.200654    133.003 331.190032     694901   5012.184     568057  0.000e+00
    -1.9398  27.201527    133.189 331.190035     694901   5012.242     568118  0.000e+00
    -1.9396  27.200073    133.341 331.190038     694897   5012.145     568168  0.000e+00
    -1.9397  27.199666    133.485 331.190041     694899   5012.117     568215  0.000e+00
    -1.9397  27.200074    133.622 331.190043     694900   5012.145     568260  0.000e+00
    -1.9398  27.201005    133.765 331.190046     694901   5012.207     568307  0.000e+00
    -1.9398  27.200482    133.914 331.190049     694901   5012.172     568356  0.000e+00
    -1.9398  27.200889    134.088 331.190052     694902   5012.199     568413  0.000e+00
    -1.9398  27.201297    134.228 331.190055     694901   5012.227     568459  0.000e+00
    -1.9399  27.200890    134.350 331.190058     694903   5012.199     568499  0.000e+00
    -1.9401  27.200774    134.459 331.190061     694908   5012.191     568535  0.000e+00
    -1.9402  27.200192    134.566 331.190064     694909   5012.152     568570  0.000e+00
    -1.9400  27.200658    134.667 331.190067     694906   5012.184     568603  0.000e+00
    -1.9400  27.200484    134.761 331.190069     694906   5012.172     568634  0.000e+00
    -1.9402  27.200659    134.901 331.190072     694909   5012.184     568680  0.000e+00
    -1.9401  27.201299    135.066 331.190075     694907   5012.227     568734  0.000e+00
    -1.9399  27.201183    135.215 331.190078     694904   5012.219     568783  0.000e+00
    -1.9399  27.201532    135.343 331.190081     694904   5012.242     568825  0.000e+00
    -1.9401  27.201300    135.468 331.190084     694907   5012.227     568866  0.000e+00
    -1.9401  27.201184    135.593 331.190087     694907   5012.219     568907  0.000e+00
    -1.9400  27.201533    135.721 331.190090     694906   5012.242     568949  0.000e+00
    -1.9400  27.201185    135.855 331.190093     694905   5012.219     568993  0.000e+00
    -1.9399  27.201825    136.037 331.190095     694903   5012.262     569053  0.000e+00
    -1.9400  27.201535    136.199 331.190098     694906   5012.242     569106  0.000e+00
    -1.9400  27.202349    136.351 331.190101     694906   5012.297     569156  0.000e+00
    -1.9401  27.201303    136.491 331.190104     694907   5012.227     569202  0.000e+00
    -1.9400  27.201478    136.635 331.190107     694906   5012.238     569249  0.000e+00
    -1.9399  27.201827    136.778 331.190110     694904   5012.262     569296  0.000e+00
    -1.9399  27.201769    136.973 331.190113     694903   5012.258     569360  0.000e+00
    -1.9399  27.201828    137.156 331.190116     694904   5012.262     569420  0.000e+00
    -1.9400  27.202352    137.317 331.190119     694905   5012.297     569473  0.000e+00
    -1.9399  27.203167    137.469 331.190122     694903   5012.352     569523  0.000e+00
    -1.9399  27.202585    137.631 331.190124     694904   5012.313     569576  0.000e+00
    -1.9398  27.202586    137.798 331.190127     694902   5012.313     569631  0.000e+00
    -1.9399  27.201830    138.002 331.190130     694903   5012.262     569698  0.000e+00
    -1.9400  27.202587    138.188 331.190133     694905   5012.313     569759  0.000e+00
    -1.9401  27.201831    138.359 331.190136     694908   5012.262     569815  0.000e+00
    -1.9402  27.202588    138.532 331.190139     694909   5012.313     569872  0.000e+00
    -1.9402  27.201774    138.691 331.190142     694911   5012.258     569924  0.000e+00
    -1.9402  27.202589    138.877 331.190145     694910   5012.313     569985  0.000e+00
    -1.9403  27.203985    139.096 331.190148     694912   5012.406     570057  0.000e+00
    -1.9403  27.202881    139.279 331.190150     694913   5012.332     570117  0.000e+00
    -1.9402  27.203172    139.462 331.190153     694911   5012.352     570177  0.000e+00
    -1.9402  27.203405    139.635 331.190156     694910   5012.367     570234  0.000e+00
    -1.9403  27.203115    139.824 331.190159     694913   5012.348     570296  0.000e+00
    -1.9402  27.203464    140.056 331.190162     694911   5012.371     570372  0.000e+00
    -1.9403  27.202883    140.257 331.190165     694913   5012.332     570438  0.000e+00
    -1.9403  27.203465    140.440 331.190168     694912   5012.371     570498  0.000e+00
    -1.9402  27.203117    140.634 331.190171     694911   5012.348     570562  0.000e+00
    -1.9403  27.204223    140.829 331.190174     694913   5012.422     570626  0.000e+00
    -1.9403  27.203758    141.055 331.190177     694912   5012.391     570700  0.000e+00
    -1.9405  27.203409    141.253 331.190179     694916   5012.367     570765  0.000e+00
    -1.9403  27.203468    141.451 331.190182     694912   5012.371     570830  0.000e+00
    -1.9401  27.204457    141.676 331.190185     694908   5012.438     570904  0.000e+00
    -1.9402  27.204284    141.911 331.190188     694910   5012.426     570981  0.000e+00
    -1.9402  27.204459    142.194 331.190191     694910   5012.438     571074  0.000e+00
    -1.9400  27.204227    142.441 331.190194     694906   5012.422     571155  0.000e+00
    -1.9402  27.205158    142.700 331.190197     694909   5012.484     571240  0.000e+00
    -1.9401  27.205508    142.995 331.190200     694908   5012.508     571337  0.000e+00
    -1.9402  27.204578    143.291 331.190203     694909   5012.445     571434  0.000e+00
    -1.9400  27.206033    143.571 331.190205     694905   5012.543     571526  0.000e+00
    -1.9399  27.205510    143.876 331.190208     694904   5012.508     571626  0.000e+00
    -1.9400  27.205977    144.184 331.190211     694905   5012.539     571727  0.000e+00
    -1.9398  27.205803    144.418 331.190214     694901   5012.527     571804  0.000e+00
    -1.9397  27.206269    144.659 331.190217     694899   5012.559     571883  0.000e+00
    -1.9398  27.206327    144.896 331.190220     694902   5012.563     571961  0.000e+00
    -1.9397  27.206561    145.137 331.190223     694898   5012.578     572040  0.000e+00
    -1.9396  27.206561    145.326 331.190226     694896   5012.578     572102  0.000e+00
    -1.9397  27.206562    145.509 331.190229     694898   5012.578     572162  0.000e+00
    -1.9397  27.206853    145.679 331.190231     694898   5012.598     572218  0.000e+00
    -1.9396  27.207144    145.853 331.190234     694897   5012.617     572275  0.000e+00
    -1.9395  27.206854    146.036 331.190237     694895   5012.598     572335  0.000e+00
    -1.9397  27.207145    146.185 331.190240     694898   5012.617     572384  0.000e+00
    -1.9397  27.207087    146.334 331.190243     694898   5012.613     572433  0.000e+00
    -1.9397  27.207146    146.487 331.190246     694900   5012.617     572483  0.000e+00
    -1.9397  27.207146    146.651 331.190249     694898   5012.617     572537  0.000e+00
    -1.9397  27.206856    146.840 331.190252     694899   5012.598     572599  0.000e+00
    -1.9397  27.206857    147.059 331.190255     694899   5012.598     572671  0.000e+00
    -1.9397  27.207381    147.239 331.190258     694899   5012.633     572730  0.000e+00
    -1.9397  27.207381    147.410 331.190260     694898   5012.633     572786  0.000e+00
    -1.9396  27.208429    147.580 331.190263     694897   5012.703     572842  0.000e+00
    -1.9394  27.207091    147.754 331.190266     694893   5012.613     572899  0.000e+00
    -1.9395  27.207673    147.964 331.190269     694895   5012.652     572968  0.000e+00
    -1.9395  27.207965    148.144 331.190272     694894   5012.672     573027  0.000e+00
    -1.9397  27.208431    148.321 331.190275     694898   5012.703     573085  0.000e+00
    -1.9394  27.207675    148.485 331.190278     694893   5012.652     573139  0.000e+00
    -1.9394  27.208722    148.653 331.190281     694892   5012.723     573194  0.000e+00
    -1.9394  27.207908    148.854 331.190284     694892   5012.668     573260  0.000e+00
    -1.9393  27.208491    149.049 331.190286     694890   5012.707     573324  0.000e+00
    -1.9391  27.209771    149.228 331.190289     694886   5012.793     573383  0.000e+00
    -1.9388  27.208782    149.405 331.190292     694880   5012.727     573441  0.000e+00
    -1.9386  27.210063    149.576 331.190295     694875   5012.813     573497  0.000e+00
    -1.9383  27.208958    149.777 331.190298     694868   5012.738     573563  0.000e+00
    -1.9385  27.208493    149.990 331.190301     694873   5012.707     573633  0.000e+00
