sbs/tests/resources/orca-test-data/SBE19plus/4794/4794_018_KiM.cnv
* Sea-Bird SBE19plus Data File:
* FileName = C:\Documents and Settings\stevens\Desktop\K131_2007\CTD\4794_018.hex
* Software Version 1.50
* Temperature SN =  4977
* Conductivity SN =  4977
* System UpLoad Time = Nov 26 2007 16:00:05
** K131 McMurdo SeaIce Work
** nov-dec 2007
** using chch plastic ctd
** times are local (NZ daylight savings)
# nquan = 8
# nvalues = 4565                                  
# units = specified
# name 0 = tv290C: Temperature [ITS-90, deg C]
# name 1 = c0mS/cm: Conductivity [mS/cm]
# name 2 = prdM: Pressure, Strain Gauge [db]
# name 3 = timeJ: Julian Days
# name 4 = f0: Frequency 0
# name 5 = f1: Frequency 1
# name 6 = f2: Frequency 2
# name 7 = flag:  0.000e+00
# span 0 =    -2.4578,    -1.8968                 
# span 1 =   0.046830,  27.376381                 
# span 2 =     -0.304,    362.935                 
# span 3 = 330.648472, 330.661678                 
# span 4 =     693947,     706464                 
# span 5 =   2608.094,   5023.930                 
# span 6 =     524304,     643548                 
# span 7 = 0.0000e+00, 0.0000e+00                 
# interval = seconds: 0.25
# start_time = Nov 26 2007 15:33:48 [Instrument's time stamp, header]
# bad_flag = -9.990e-29
*END*
[from data line 1798]
    -1.9064  27.374214    359.259 330.653675     694160   5023.785     642341  0.000e+00
    -1.9064  27.373981    359.256 330.653678     694160   5023.770     642340  0.000e+00
    -1.9064  27.373923    359.265 330.653681     694161   5023.766     642343  0.000e+00
    -1.9064  27.374506    359.265 330.653683     694160   5023.805     642343  0.000e+00
    -1.9064  27.374272    359.262 330.653686     694159   5023.789     642342  0.000e+00
    -1.9064  27.374506    359.262 330.653689     694161   5023.805     642342  0.000e+00
    -1.9064  27.374797    359.265 330.653692     694161   5023.824     642343  0.000e+00
    -1.9066  27.374272    359.259 330.653695     694164   5023.789     642341  0.000e+00
    -1.9066  27.373923    359.262 330.653698     694164   5023.766     642342  0.000e+00
    -1.9065  27.373981    359.256 330.653701     694162   5023.770     642340  0.000e+00
    -1.9064  27.374506    359.259 330.653704     694161   5023.805     642341  0.000e+00
    -1.9066  27.374272    359.256 330.653707     694164   5023.789     642340  0.000e+00
    -1.9064  27.374272    359.259 330.653709     694159   5023.789     642341  0.000e+00
    -1.9065  27.373923    359.262 330.653712     694163   5023.766     642342  0.000e+00
    -1.9067  27.374272    359.256 330.653715     694166   5023.789     642340  0.000e+00
    -1.9067  27.373689    359.268 330.653718     694166   5023.750     642344  0.000e+00
    -1.9068  27.374214    359.262 330.653721     694168   5023.785     642342  0.000e+00
    -1.9066  27.374506    359.268 330.653724     694165   5023.805     642344  0.000e+00
    -1.9068  27.373923    359.262 330.653727     694168   5023.766     642342  0.000e+00
    -1.9067  27.373689    359.262 330.653730     694166   5023.750     642342  0.000e+00
    -1.9067  27.374506    359.262 330.653733     694167   5023.805     642342  0.000e+00
    -1.9066  27.373631    359.262 330.653736     694165   5023.746     642342  0.000e+00
    -1.9067  27.373689    359.265 330.653738     694166   5023.750     642343  0.000e+00
    -1.9067  27.374272    359.262 330.653741     694166   5023.789     642342  0.000e+00
    -1.9067  27.374214    359.262 330.653744     694166   5023.785     642342  0.000e+00
    -1.9064  27.374506    359.265 330.653747     694161   5023.805     642343  0.000e+00
    -1.9065  27.374506    359.262 330.653750     694162   5023.805     642342  0.000e+00
    -1.9064  27.374506    359.262 330.653753     694159   5023.805     642342  0.000e+00
    -1.9065  27.374272    359.268 330.653756     694163   5023.789     642344  0.000e+00
    -1.9065  27.374506    359.262 330.653759     694162   5023.805     642342  0.000e+00
    -1.9064  27.374272    359.268 330.653762     694160   5023.789     642344  0.000e+00
    -1.9064  27.373922    359.259 330.653764     694160   5023.766     642341  0.000e+00
    -1.9063  27.374506    359.262 330.653767     694157   5023.805     642342  0.000e+00
    -1.9063  27.374506    359.265 330.653770     694157   5023.805     642343  0.000e+00
    -1.9062  27.374214    359.265 330.653773     694156   5023.785     642343  0.000e+00
    -1.9062  27.373981    359.268 330.653776     694155   5023.770     642344  0.000e+00
    -1.9062  27.374506    359.262 330.653779     694155   5023.805     642342  0.000e+00
    -1.9063  27.374214    359.268 330.653782     694157   5023.785     642344  0.000e+00
    -1.9063  27.374506    359.259 330.653785     694158   5023.805     642341  0.000e+00
    -1.9064  27.373923    359.268 330.653788     694159   5023.766     642344  0.000e+00
    -1.9064  27.374506    359.265 330.653791     694159   5023.805     642343  0.000e+00
    -1.9063  27.373981    359.265 330.653793     694157   5023.770     642343  0.000e+00
    -1.9063  27.374506    359.272 330.653796     694157   5023.805     642345  0.000e+00
    -1.9062  27.373981    359.265 330.653799     694156   5023.770     642343  0.000e+00
    -1.9064  27.373689    359.265 330.653802     694159   5023.750     642343  0.000e+00
    -1.9063  27.374214    359.259 330.653805     694158   5023.785     642341  0.000e+00
    -1.9063  27.374506    359.268 330.653808     694157   5023.805     642344  0.000e+00
    -1.9064  27.374506    359.262 330.653811     694160   5023.805     642342  0.000e+00
    -1.9064  27.373689    359.262 330.653814     694159   5023.750     642342  0.000e+00
    -1.9064  27.374272    359.265 330.653817     694160   5023.789     642343  0.000e+00
    -1.9064  27.374214    359.268 330.653819     694159   5023.785     642344  0.000e+00
    -1.9064  27.374272    359.262 330.653822     694159   5023.789     642342  0.000e+00
    -1.9063  27.374506    359.259 330.653825     694157   5023.805     642341  0.000e+00
    -1.9064  27.374506    359.265 330.653828     694160   5023.805     642343  0.000e+00
    -1.9063  27.373981    359.265 330.653831     694157   5023.770     642343  0.000e+00
    -1.9064  27.374214    359.275 330.653834     694161   5023.785     642346  0.000e+00
    -1.9064  27.374506    359.265 330.653837     694161   5023.805     642343  0.000e+00
    -1.9063  27.374272    359.268 330.653840     694158   5023.789     642344  0.000e+00
    -1.9065  27.374214    359.268 330.653843     694162   5023.785     642344  0.000e+00
    -1.9066  27.373456    359.268 330.653845     694164   5023.734     642344  0.000e+00
    -1.9064  27.373689    359.265 330.653848     694161   5023.750     642343  0.000e+00
    -1.9064  27.374214    359.268 330.653851     694159   5023.785     642344  0.000e+00
    -1.9064  27.374506    359.262 330.653854     694159   5023.805     642342  0.000e+00
    -1.9065  27.374506    359.265 330.653857     694162   5023.805     642343  0.000e+00
    -1.9063  27.374272    359.268 330.653860     694158   5023.789     642344  0.000e+00
    -1.9064  27.373981    359.268 330.653863     694159   5023.770     642344  0.000e+00
    -1.9064  27.374214    359.268 330.653866     694161   5023.785     642344  0.000e+00
    -1.9066  27.374272    359.272 330.653869     694164   5023.789     642345  0.000e+00
    -1.9065  27.374506    359.272 330.653872     694162   5023.805     642345  0.000e+00
    -1.9064  27.374214    359.268 330.653874     694161   5023.785     642344  0.000e+00
    -1.9065  27.373981    359.271 330.653877     694163   5023.770     642345  0.000e+00
    -1.9065  27.374506    359.265 330.653880     694162   5023.805     642343  0.000e+00
    -1.9065  27.373981    359.268 330.653883     694162   5023.770     642344  0.000e+00
    -1.9065  27.374506    359.271 330.653886     694162   5023.805     642345  0.000e+00
    -1.9064  27.374739    359.268 330.653889     694161   5023.820     642344  0.000e+00
    -1.9064  27.374506    359.265 330.653892     694161   5023.805     642343  0.000e+00
    -1.9064  27.374506    359.262 330.653895     694161   5023.805     642342  0.000e+00
    -1.9065  27.373923    359.268 330.653898     694162   5023.766     642344  0.000e+00
    -1.9066  27.373689    359.268 330.653900     694165   5023.750     642344  0.000e+00
    -1.9066  27.373923    359.272 330.653903     694165   5023.766     642345  0.000e+00
    -1.9066  27.372931    359.268 330.653906     694165   5023.699     642344  0.000e+00
    -1.9069  27.373456    359.271 330.653909     694172   5023.734     642345  0.000e+00
    -1.9071  27.373631    359.268 330.653912     694175   5023.746     642344  0.000e+00
    -1.9073  27.373456    359.268 330.653915     694180   5023.734     642344  0.000e+00
    -1.9072  27.373981    359.272 330.653918     694177   5023.770     642345  0.000e+00
    -1.9069  27.374739    359.278 330.653921     694172   5023.820     642347  0.000e+00
    -1.9069  27.374506    359.268 330.653924     694171   5023.805     642344  0.000e+00
    -1.9066  27.373923    359.265 330.653927     694165   5023.766     642343  0.000e+00
    -1.9064  27.374506    359.268 330.653929     694161   5023.805     642344  0.000e+00
    -1.9064  27.373981    359.268 330.653932     694160   5023.770     642344  0.000e+00
    -1.9064  27.374506    359.272 330.653935     694160   5023.805     642345  0.000e+00
    -1.9063  27.374506    359.268 330.653938     694158   5023.805     642344  0.000e+00
    -1.9064  27.374506    359.268 330.653941     694159   5023.805     642344  0.000e+00
    -1.9063  27.374506    359.275 330.653944     694157   5023.805     642346  0.000e+00
    -1.9063  27.374506    359.268 330.653947     694157   5023.805     642344  0.000e+00
    -1.9064  27.373923    359.272 330.653950     694159   5023.766     642345  0.000e+00
    -1.9064  27.374272    359.271 330.653953     694160   5023.789     642345  0.000e+00
    -1.9064  27.374506    359.268 330.653955     694161   5023.805     642344  0.000e+00
    -1.9065  27.374506    359.268 330.653958     694163   5023.805     642344  0.000e+00
    -1.9066  27.374272    359.268 330.653961     694164   5023.789     642344  0.000e+00
    -1.9064  27.374797    359.281 330.653964     694161   5023.824     642348  0.000e+00
    -1.9063  27.374506    359.278 330.653967     694157   5023.805     642347  0.000e+00
    -1.9064  27.374506    359.268 330.653970     694160   5023.805     642344  0.000e+00
    -1.9064  27.374214    359.271 330.653973     694161   5023.785     642345  0.000e+00
    -1.9064  27.373689    359.275 330.653976     694159   5023.750     642346  0.000e+00
    -1.9064  27.373689    359.268 330.653979     694160   5023.750     642344  0.000e+00
    -1.9064  27.374214    359.271 330.653981     694159   5023.785     642345  0.000e+00
    -1.9064  27.374272    359.268 330.653984     694159   5023.789     642344  0.000e+00
    -1.9064  27.373981    359.278 330.653987     694159   5023.770     642347  0.000e+00
    -1.9064  27.374214    359.272 330.653990     694159   5023.785     642345  0.000e+00
    -1.9062  27.374506    359.272 330.653993     694156   5023.805     642345  0.000e+00
    -1.9064  27.373923    359.272 330.653996     694160   5023.766     642345  0.000e+00
    -1.9063  27.374797    359.278 330.653999     694158   5023.824     642347  0.000e+00
    -1.9064  27.373981    359.268 330.654002     694159   5023.770     642344  0.000e+00
    -1.9064  27.374506    359.265 330.654005     694160   5023.805     642343  0.000e+00
    -1.9063  27.374272    359.272 330.654008     694157   5023.789     642345  0.000e+00
    -1.9064  27.374272    359.278 330.654010     694161   5023.789     642347  0.000e+00
    -1.9065  27.373631    359.268 330.654013     694163   5023.746     642344  0.000e+00
    -1.9065  27.374272    359.268 330.654016     694162   5023.789     642344  0.000e+00
    -1.9067  27.374214    359.268 330.654019     694166   5023.785     642344  0.000e+00
    -1.9068  27.373981    359.265 330.654022     694169   5023.770     642343  0.000e+00
    -1.9073  27.373981    359.272 330.654025     694179   5023.770     642345  0.000e+00
    -1.9071  27.373631    359.268 330.654028     694175   5023.746     642344  0.000e+00
    -1.9071  27.374272    359.275 330.654031     694175   5023.789     642346  0.000e+00
    -1.9069  27.374272    359.272 330.654034     694172   5023.789     642345  0.000e+00
    -1.9068  27.373923    359.272 330.654036     694169   5023.766     642345  0.000e+00
    -1.9068  27.373981    359.268 330.654039     694168   5023.770     642344  0.000e+00
    -1.9066  27.374506    359.268 330.654042     694165   5023.805     642344  0.000e+00
    -1.9066  27.373981    359.272 330.654045     694165   5023.770     642345  0.000e+00
    -1.9064  27.374272    359.272 330.654048     694159   5023.789     642345  0.000e+00
    -1.9064  27.374739    359.268 330.654051     694159   5023.820     642344  0.000e+00
    -1.9065  27.374506    359.272 330.654054     694162   5023.805     642345  0.000e+00
    -1.9065  27.374797    359.272 330.654057     694162   5023.824     642345  0.000e+00
    -1.9064  27.374214    359.275 330.654060     694160   5023.785     642346  0.000e+00
    -1.9063  27.374506    359.275 330.654063     694157   5023.805     642346  0.000e+00
    -1.9064  27.374506    359.272 330.654065     694159   5023.805     642345  0.000e+00
    -1.9063  27.374506    359.275 330.654068     694158   5023.805     642346  0.000e+00
    -1.9064  27.374272    359.275 330.654071     694159   5023.789     642346  0.000e+00
    -1.9063  27.374506    359.275 330.654074     694158   5023.805     642346  0.000e+00
    -1.9065  27.374797    359.272 330.654077     694162   5023.824     642345  0.000e+00
    -1.9064  27.374272    359.275 330.654080     694159   5023.789     642346  0.000e+00
    -1.9063  27.373923    359.275 330.654083     694158   5023.766     642346  0.000e+00
    -1.9063  27.374272    359.275 330.654086     694158   5023.789     642346  0.000e+00
    -1.9063  27.375030    359.275 330.654089     694158   5023.840     642346  0.000e+00
    -1.9062  27.374506    359.272 330.654091     694156   5023.805     642345  0.000e+00
    -1.9062  27.374506    359.278 330.654094     694156   5023.805     642347  0.000e+00
    -1.9063  27.374506    359.272 330.654097     694157   5023.805     642345  0.000e+00
    -1.9061  27.374506    359.275 330.654100     694154   5023.805     642346  0.000e+00
    -1.9062  27.374506    359.275 330.654103     694155   5023.805     642346  0.000e+00
    -1.9064  27.374272    359.284 330.654106     694160   5023.789     642349  0.000e+00
    -1.9062  27.374506    359.275 330.654109     694156   5023.805     642346  0.000e+00
    -1.9063  27.374214    359.278 330.654112     694158   5023.785     642347  0.000e+00
    -1.9064  27.374272    359.278 330.654115     694160   5023.789     642347  0.000e+00
    -1.9063  27.374272    359.278 330.654117     694158   5023.789     642347  0.000e+00
    -1.9064  27.374214    359.275 330.654120     694159   5023.785     642346  0.000e+00
    -1.9063  27.374506    359.275 330.654123     694158   5023.805     642346  0.000e+00
    -1.9063  27.374739    359.281 330.654126     694158   5023.820     642348  0.000e+00
    -1.9064  27.374506    359.278 330.654129     694159   5023.805     642347  0.000e+00
    -1.9063  27.374506    359.281 330.654132     694158   5023.805     642348  0.000e+00
    -1.9064  27.373923    359.281 330.654135     694159   5023.766     642348  0.000e+00
    -1.9064  27.374272    359.278 330.654138     694159   5023.789     642347  0.000e+00
    -1.9063  27.374506    359.278 330.654141     694158   5023.805     642347  0.000e+00
    -1.9064  27.374214    359.281 330.654144     694159   5023.785     642348  0.000e+00
    -1.9063  27.374506    359.287 330.654146     694158   5023.805     642350  0.000e+00
    -1.9063  27.374506    359.281 330.654149     694158   5023.805     642348  0.000e+00
    -1.9063  27.374272    359.281 330.654152     694158   5023.789     642348  0.000e+00
    -1.9064  27.374272    359.281 330.654155     694159   5023.789     642348  0.000e+00
    -1.9063  27.373923    359.281 330.654158     694158   5023.766     642348  0.000e+00
    -1.9064  27.374797    359.281 330.654161     694159   5023.824     642348  0.000e+00
    -1.9064  27.374506    359.278 330.654164     694159   5023.805     642347  0.000e+00
    -1.9063  27.374739    359.278 330.654167     694157   5023.820     642347  0.000e+00
    -1.9064  27.374506    359.281 330.654170     694159   5023.805     642348  0.000e+00
    -1.9064  27.375030    359.278 330.654172     694160   5023.840     642347  0.000e+00
    -1.9064  27.374506    359.281 330.654175     694159   5023.805     642348  0.000e+00
    -1.9063  27.374272    359.284 330.654178     694158   5023.789     642349  0.000e+00
    -1.9064  27.373923    359.281 330.654181     694160   5023.766     642348  0.000e+00
    -1.9064  27.374272    359.281 330.654184     694159   5023.789     642348  0.000e+00
    -1.9064  27.374272    359.284 330.654187     694159   5023.789     642349  0.000e+00
    -1.9066  27.374506    359.278 330.654190     694164   5023.805     642347  0.000e+00
