sbs/tests/resources/orca-test-data/SBE19plus/4794/4794_022_KiM.cnv
* Sea-Bird SBE19plus Data File:
* FileName = C:\Documents and Settings\stevens\Desktop\K131_2007\CTD\4794_022.hex
* Software Version 1.50
* Temperature SN =  4977
* Conductivity SN =  4977
* System UpLoad Time = Nov 26 2007 19:45:27
** K131 McMurdo SeaIce Work
** nov-dec 2007
** using chch plastic ctd
** times are local (NZ daylight savings)
# nquan = 8
# nvalues = 6570                                  
# units = specified
# name 0 = tv290C: Temperature [ITS-90, deg C]
# name 1 = c0mS/cm: Conductivity [mS/cm]
# name 2 = prdM: Pressure, Strain Gauge [db]
# name 3 = timeJ: Julian Days
# name 4 = f0: Frequency 0
# name 5 = f1: Frequency 1
# name 6 = f2: Frequency 2
# name 7 = flag:  0.000e+00
# span 0 =    -4.2181,    -1.9055                 
# span 1 =   0.048941,  27.377419                 
# span 2 =     -0.283,    362.336                 
# span 3 = 330.801655, 330.820663                 
# span 4 =     694139,     746682                 
# span 5 =   2608.367,   5024.000                 
# span 6 =     524311,     643352                 
# span 7 = 0.0000e+00, 0.0000e+00                 
# interval = seconds: 0.25
# start_time = Nov 26 2007 19:14:23 [Instrument's time stamp, header]
# bad_flag = -9.990e-29
*END*
[from data line 2517]
    -1.9465  27.260851    253.495 330.808938     695050   5016.203     607613  0.000e+00
    -1.9465  27.260908    253.126 330.808941     695049   5016.207     607492  0.000e+00
    -1.9465  27.261140    252.752 330.808944     695049   5016.223     607369  0.000e+00
    -1.9465  27.260324    252.383 330.808947     695050   5016.168     607248  0.000e+00
    -1.9466  27.260847    252.012 330.808950     695052   5016.203     607126  0.000e+00
    -1.9466  27.260322    251.634 330.808953     695052   5016.168     607002  0.000e+00
    -1.9466  27.260030    251.256 330.808955     695052   5016.148     606878  0.000e+00
    -1.9466  27.259272    250.876 330.808958     695052   5016.098     606753  0.000e+00
    -1.9465  27.259795    250.495 330.808961     695051   5016.133     606628  0.000e+00
    -1.9465  27.258979    250.117 330.808964     695051   5016.078     606504  0.000e+00
    -1.9466  27.258920    249.733 330.808967     695052   5016.074     606378  0.000e+00
    -1.9467  27.258453    249.350 330.808970     695055   5016.043     606252  0.000e+00
    -1.9467  27.258452    248.981 330.808973     695055   5016.043     606131  0.000e+00
    -1.9469  27.258626    248.606 330.808976     695059   5016.055     606008  0.000e+00
    -1.9470  27.258450    248.229 330.808979     695060   5016.043     605884  0.000e+00
    -1.9469  27.257809    247.854 330.808981     695059   5016.000     605761  0.000e+00
    -1.9468  27.257400    247.476 330.808984     695056   5015.973     605637  0.000e+00
    -1.9469  27.256351    247.090 330.808987     695058   5015.902     605510  0.000e+00
    -1.9469  27.256409    246.712 330.808990     695059   5015.906     605386  0.000e+00
    -1.9471  27.256058    246.337 330.808993     695064   5015.883     605263  0.000e+00
    -1.9471  27.255825    245.960 330.808996     695064   5015.867     605139  0.000e+00
    -1.9474  27.256348    245.579 330.808999     695071   5015.902     605014  0.000e+00
    -1.9473  27.255532    245.186 330.809002     695068   5015.848     604885  0.000e+00
    -1.9472  27.255822    244.808 330.809005     695066   5015.867     604761  0.000e+00
    -1.9474  27.255297    244.428 330.809008     695069   5015.832     604636  0.000e+00
    -1.9473  27.255529    244.047 330.809010     695068   5015.848     604511  0.000e+00
    -1.9473  27.255295    243.663 330.809013     695067   5015.832     604385  0.000e+00
    -1.9472  27.254712    243.282 330.809016     695066   5015.793     604260  0.000e+00
    -1.9472  27.254711    242.899 330.809019     695066   5015.793     604134  0.000e+00
    -1.9471  27.254477    242.515 330.809022     695064   5015.777     604008  0.000e+00
    -1.9470  27.254417    242.131 330.809025     695060   5015.773     603882  0.000e+00
    -1.9469  27.254475    241.753 330.809028     695059   5015.777     603758  0.000e+00
    -1.9469  27.253659    241.376 330.809031     695058   5015.723     603634  0.000e+00
    -1.9470  27.254415    241.007 330.809034     695062   5015.773     603513  0.000e+00
    -1.9469  27.253657    240.623 330.809036     695059   5015.723     603387  0.000e+00
    -1.9469  27.253598    240.240 330.809039     695058   5015.719     603261  0.000e+00
    -1.9468  27.253422    239.859 330.809042     695057   5015.707     603136  0.000e+00
    -1.9468  27.253828    239.481 330.809045     695057   5015.734     603012  0.000e+00
    -1.9465  27.252896    239.119 330.809048     695050   5015.672     602893  0.000e+00
    -1.9462  27.253943    238.744 330.809051     695043   5015.742     602770  0.000e+00
    -1.9461  27.253593    238.385 330.809054     695040   5015.719     602652  0.000e+00
    -1.9458  27.253126    238.022 330.809057     695035   5015.688     602533  0.000e+00
    -1.9456  27.252426    237.654 330.809060     695031   5015.641     602412  0.000e+00
    -1.9456  27.252891    237.270 330.809062     695030   5015.672     602286  0.000e+00
    -1.9456  27.252599    236.901 330.809065     695029   5015.652     602165  0.000e+00
    -1.9454  27.252423    236.539 330.809068     695025   5015.641     602046  0.000e+00
    -1.9452  27.252597    236.170 330.809071     695021   5015.652     601925  0.000e+00
    -1.9450  27.252713    235.814 330.809074     695017   5015.660     601808  0.000e+00
    -1.9450  27.252362    235.445 330.809077     695017   5015.637     601687  0.000e+00
    -1.9449  27.251779    235.086 330.809080     695015   5015.598     601569  0.000e+00
    -1.9447  27.251604    234.714 330.809083     695010   5015.586     601447  0.000e+00
    -1.9447  27.251777    234.346 330.809086     695011   5015.598     601326  0.000e+00
    -1.9446  27.252184    233.983 330.809089     695007   5015.625     601207  0.000e+00
    -1.9445  27.252358    233.612 330.809091     695006   5015.637     601085  0.000e+00
    -1.9445  27.251251    233.249 330.809094     695006   5015.563     600966  0.000e+00
    -1.9445  27.251308    232.884 330.809097     695006   5015.566     600846  0.000e+00
    -1.9444  27.251773    232.518 330.809100     695003   5015.598     600726  0.000e+00
    -1.9441  27.251306    232.150 330.809103     694997   5015.566     600605  0.000e+00
    -1.9438  27.251014    231.781 330.809106     694991   5015.547     600484  0.000e+00
    -1.9437  27.250489    231.412 330.809109     694988   5015.512     600363  0.000e+00
    -1.9437  27.250197    231.041 330.809112     694987   5015.492     600241  0.000e+00
    -1.9438  27.250196    230.669 330.809115     694989   5015.492     600119  0.000e+00
    -1.9438  27.249613    230.298 330.809117     694991   5015.453     599997  0.000e+00
    -1.9437  27.249146    229.929 330.809120     694988   5015.422     599876  0.000e+00
    -1.9438  27.249087    229.551 330.809123     694991   5015.418     599752  0.000e+00
    -1.9438  27.248620    229.180 330.809126     694991   5015.387     599630  0.000e+00
    -1.9441  27.248619    228.799 330.809129     694996   5015.387     599505  0.000e+00
    -1.9439  27.248793    228.425 330.809132     694993   5015.398     599382  0.000e+00
    -1.9442  27.248094    228.041 330.809135     694998   5015.352     599256  0.000e+00
    -1.9445  27.247918    227.657 330.809138     695005   5015.340     599130  0.000e+00
    -1.9444  27.247277    227.279 330.809141     695004   5015.297     599006  0.000e+00
    -1.9447  27.247567    226.892 330.809144     695011   5015.316     598879  0.000e+00
    -1.9450  27.247100    226.521 330.809146     695017   5015.285     598757  0.000e+00
    -1.9451  27.245935    226.143 330.809149     695018   5015.207     598633  0.000e+00
    -1.9454  27.245992    225.765 330.809152     695026   5015.211     598509  0.000e+00
    -1.9455  27.245409    225.388 330.809155     695028   5015.172     598385  0.000e+00
    -1.9458  27.245408    225.007 330.809158     695034   5015.172     598260  0.000e+00
    -1.9461  27.244301    224.626 330.809161     695040   5015.098     598135  0.000e+00
    -1.9462  27.244126    224.239 330.809164     695043   5015.086     598008  0.000e+00
    -1.9464  27.243426    223.856 330.809167     695047   5015.039     597882  0.000e+00
    -1.9465  27.242261    223.475 330.809170     695050   5014.961     597757  0.000e+00
    -1.9468  27.242901    223.091 330.809172     695057   5015.004     597631  0.000e+00
    -1.9471  27.243016    222.710 330.809175     695064   5015.012     597506  0.000e+00
    -1.9473  27.242258    222.323 330.809178     695067   5014.961     597379  0.000e+00
    -1.9475  27.242025    221.943 330.809181     695072   5014.945     597254  0.000e+00
    -1.9477  27.241151    221.559 330.809184     695076   5014.887     597128  0.000e+00
    -1.9479  27.241208    221.209 330.809187     695080   5014.891     597013  0.000e+00
    -1.9481  27.240916    220.904 330.809190     695086   5014.871     596913  0.000e+00
    -1.9483  27.239344    220.560 330.809193     695091   5014.766     596800  0.000e+00
    -1.9486  27.239808    220.161 330.809196     695096   5014.797     596669  0.000e+00
    -1.9487  27.239574    219.777 330.809198     695099   5014.781     596543  0.000e+00
    -1.9488  27.239224    219.396 330.809201     695100   5014.758     596418  0.000e+00
    -1.9489  27.238816    218.997 330.809204     695103   5014.730     596287  0.000e+00
    -1.9492  27.238233    218.610 330.809207     695110   5014.691     596160  0.000e+00
    -1.9494  27.238115    218.227 330.809210     695114   5014.684     596034  0.000e+00
    -1.9496  27.237183    217.840 330.809213     695118   5014.621     595907  0.000e+00
    -1.9497  27.237008    217.447 330.809216     695122   5014.609     595778  0.000e+00
    -1.9499  27.236948    217.063 330.809219     695126   5014.605     595652  0.000e+00
    -1.9500  27.236656    216.679 330.809222     695128   5014.586     595526  0.000e+00
    -1.9502  27.236132    216.295 330.809225     695133   5014.551     595400  0.000e+00
    -1.9505  27.236131    215.906 330.809227     695139   5014.551     595272  0.000e+00
    -1.9505  27.235548    215.507 330.809230     695139   5014.512     595141  0.000e+00
    -1.9506  27.235314    215.120 330.809233     695142   5014.496     595014  0.000e+00
    -1.9509  27.234731    214.730 330.809236     695147   5014.457     594886  0.000e+00
    -1.9511  27.234555    214.343 330.809239     695152   5014.445     594759  0.000e+00
    -1.9512  27.234263    213.953 330.809242     695155   5014.426     594631  0.000e+00
    -1.9511  27.234146    213.557 330.809245     695153   5014.418     594501  0.000e+00
    -1.9515  27.233738    213.173 330.809248     695161   5014.391     594375  0.000e+00
    -1.9515  27.232747    212.780 330.809251     695161   5014.324     594246  0.000e+00
    -1.9517  27.232921    212.394 330.809253     695166   5014.336     594119  0.000e+00
    -1.9517  27.232687    212.013 330.809256     695165   5014.320     593994  0.000e+00
    -1.9519  27.231929    211.623 330.809259     695170   5014.270     593866  0.000e+00
    -1.9522  27.231638    211.239 330.809262     695176   5014.250     593740  0.000e+00
    -1.9523  27.230822    210.864 330.809265     695179   5014.195     593617  0.000e+00
    -1.9525  27.230821    210.475 330.809268     695184   5014.195     593489  0.000e+00
    -1.9527  27.231053    210.091 330.809271     695188   5014.211     593363  0.000e+00
    -1.9528  27.230586    209.707 330.809274     695189   5014.180     593237  0.000e+00
    -1.9528  27.230294    209.326 330.809277     695190   5014.160     593112  0.000e+00
    -1.9529  27.229420    208.948 330.809280     695191   5014.102     592988  0.000e+00
    -1.9528  27.229768    208.571 330.809282     695190   5014.125     592864  0.000e+00
    -1.9529  27.229127    208.190 330.809285     695193   5014.082     592739  0.000e+00
    -1.9531  27.229475    207.806 330.809288     695197   5014.105     592613  0.000e+00
    -1.9531  27.228951    207.419 330.809291     695197   5014.070     592486  0.000e+00
    -1.9534  27.228542    207.039 330.809294     695203   5014.043     592361  0.000e+00
    -1.9533  27.228425    206.655 330.809297     695202   5014.035     592235  0.000e+00
    -1.9536  27.227435    206.268 330.809300     695208   5013.969     592108  0.000e+00
    -1.9538  27.226852    205.893 330.809303     695211   5013.930     591985  0.000e+00
    -1.9538  27.225803    205.506 330.809306     695212   5013.859     591858  0.000e+00
    -1.9540  27.226326    205.132 330.809308     695217   5013.895     591735  0.000e+00
    -1.9540  27.226034    204.751 330.809311     695216   5013.875     591610  0.000e+00
    -1.9540  27.225742    204.376 330.809314     695216   5013.855     591487  0.000e+00
    -1.9542  27.225509    203.996 330.809317     695222   5013.840     591362  0.000e+00
    -1.9542  27.224867    203.612 330.809320     695222   5013.797     591236  0.000e+00
    -1.9542  27.224168    203.234 330.809323     695222   5013.750     591112  0.000e+00
    -1.9545  27.224167    202.850 330.809326     695228   5013.750     590986  0.000e+00
    -1.9544  27.224050    202.473 330.809329     695226   5013.742     590862  0.000e+00
    -1.9545  27.224456    202.098 330.809332     695228   5013.770     590739  0.000e+00
    -1.9547  27.223757    201.711 330.809334     695231   5013.723     590612  0.000e+00
    -1.9548  27.223407    201.346 330.809337     695234   5013.699     590492  0.000e+00
    -1.9549  27.222591    200.968 330.809340     695237   5013.645     590368  0.000e+00
    -1.9548  27.222357    200.596 330.809343     695235   5013.629     590246  0.000e+00
    -1.9548  27.221833    200.225 330.809346     695235   5013.594     590124  0.000e+00
    -1.9549  27.222356    199.859 330.809349     695236   5013.629     590004  0.000e+00
    -1.9551  27.222587    199.497 330.809352     695240   5013.645     589885  0.000e+00
    -1.9551  27.221539    199.119 330.809355     695240   5013.574     589761  0.000e+00
    -1.9553  27.221247    198.753 330.809358     695246   5013.555     589641  0.000e+00
    -1.9552  27.221013    198.382 330.809361     695243   5013.539     589519  0.000e+00
    -1.9553  27.220954    198.019 330.809363     695245   5013.535     589400  0.000e+00
    -1.9552  27.220721    197.641 330.809366     695244   5013.520     589276  0.000e+00
    -1.9552  27.220138    197.276 330.809369     695243   5013.480     589156  0.000e+00
    -1.9552  27.220195    196.907 330.809372     695243   5013.484     589035  0.000e+00
    -1.9550  27.220485    196.524 330.809375     695238   5013.504     588909  0.000e+00
    -1.9547  27.220135    196.152 330.809378     695233   5013.480     588787  0.000e+00
    -1.9543  27.219668    195.777 330.809381     695224   5013.449     588664  0.000e+00
    -1.9538  27.220366    195.412 330.809384     695212   5013.496     588544  0.000e+00
    -1.9530  27.221004    195.028 330.809387     695195   5013.539     588418  0.000e+00
    -1.9521  27.220654    194.659 330.809389     695175   5013.516     588297  0.000e+00
    -1.9514  27.220711    194.285 330.809392     695159   5013.520     588174  0.000e+00
    -1.9506  27.219954    193.898 330.809395     695142   5013.469     588047  0.000e+00
    -1.9501  27.220651    193.526 330.809398     695129   5013.516     587925  0.000e+00
    -1.9497  27.220185    193.142 330.809401     695121   5013.484     587799  0.000e+00
    -1.9495  27.220125    192.759 330.809404     695117   5013.480     587673  0.000e+00
    -1.9492  27.219950    192.384 330.809407     695109   5013.469     587550  0.000e+00
    -1.9490  27.219949    192.003 330.809410     695106   5013.469     587425  0.000e+00
    -1.9491  27.220122    191.625 330.809413     695107   5013.480     587301  0.000e+00
    -1.9488  27.220180    191.238 330.809416     695102   5013.484     587174  0.000e+00
    -1.9488  27.219539    190.861 330.809418     695101   5013.441     587050  0.000e+00
    -1.9489  27.219945    190.480 330.809421     695103   5013.469     586925  0.000e+00
    -1.9487  27.218722    190.087 330.809424     695099   5013.387     586796  0.000e+00
    -1.9488  27.219128    189.700 330.809427     695100   5013.414     586669  0.000e+00
    -1.9489  27.219651    189.313 330.809430     695103   5013.449     586542  0.000e+00
    -1.9488  27.218952    188.933 330.809433     695102   5013.402     586417  0.000e+00
    -1.9489  27.218311    188.549 330.809436     695103   5013.359     586291  0.000e+00
    -1.9488  27.218426    188.159 330.809439     695102   5013.367     586163  0.000e+00
    -1.9488  27.217785    187.772 330.809442     695101   5013.324     586036  0.000e+00
    -1.9488  27.217551    187.373 330.809444     695102   5013.309     585905  0.000e+00
    -1.9488  27.218132    186.986 330.809447     695100   5013.348     585778  0.000e+00
    -1.9488  27.217258    186.590 330.809450     695102   5013.289     585648  0.000e+00
    -1.9490  27.217024    186.191 330.809453     695105   5013.273     585517  0.000e+00
