sbs/tests/resources/orca-test-data/SBE19plus/4794/4794_022_KiM.cnv
* Sea-Bird SBE19plus Data File:
* FileName = C:\Documents and Settings\stevens\Desktop\K131_2007\CTD\4794_022.hex
* Software Version 1.50
* Temperature SN =  4977
* Conductivity SN =  4977
* System UpLoad Time = Nov 26 2007 19:45:27
** K131 McMurdo SeaIce Work
** nov-dec 2007
** using chch plastic ctd
** times are local (NZ daylight savings)
# nquan = 8
# nvalues = 6570                                  
# units = specified
# name 0 = tv290C: Temperature [ITS-90, deg C]
# name 1 = c0mS/cm: Conductivity [mS/cm]
# name 2 = prdM: Pressure, Strain Gauge [db]
# name 3 = timeJ: Julian Days
# name 4 = f0: Frequency 0
# name 5 = f1: Frequency 1
# name 6 = f2: Frequency 2
# name 7 = flag:  0.000e+00
# span 0 =    -4.2181,    -1.9055                 
# span 1 =   0.048941,  27.377419                 
# span 2 =     -0.283,    362.336                 
# span 3 = 330.801655, 330.820663                 
# span 4 =     694139,     746682                 
# span 5 =   2608.367,   5024.000                 
# span 6 =     524311,     643352                 
# span 7 = 0.0000e+00, 0.0000e+00                 
# interval = seconds: 0.25
# start_time = Nov 26 2007 19:14:23 [Instrument's time stamp, header]
# bad_flag = -9.990e-29
*END*
[from data line 720]
    -2.0522  23.678646    260.661 330.803738     697400   4769.707     609967  0.000e+00
    -2.0519  23.682740    261.045 330.803741     697393   4769.996     610093  0.000e+00
    -2.0520  23.686835    261.432 330.803744     697394   4770.285     610220  0.000e+00
    -2.0516  23.690709    261.819 330.803747     697387   4770.559     610347  0.000e+00
    -2.0516  23.695523    262.196 330.803750     697386   4770.898     610471  0.000e+00
    -2.0517  23.699398    262.583 330.803753     697389   4771.172     610598  0.000e+00
    -2.0518  23.704213    262.961 330.803756     697390   4771.512     610722  0.000e+00
    -2.0518  23.708586    263.344 330.803759     697391   4771.820     610848  0.000e+00
    -2.0515  23.712627    263.719 330.803762     697385   4772.105     610971  0.000e+00
    -2.0512  23.717332    264.103 330.803764     697377   4772.438     611097  0.000e+00
    -2.0505  23.722315    264.484 330.803767     697362   4772.789     611222  0.000e+00
    -2.0500  23.727132    264.864 330.803770     697351   4773.129     611347  0.000e+00
    -2.0492  23.731672    265.248 330.803773     697333   4773.449     611473  0.000e+00
    -2.0482  23.736822    265.614 330.803776     697311   4773.813     611593  0.000e+00
    -2.0471  23.741141    265.988 330.803779     697285   4774.117     611716  0.000e+00
    -2.0460  23.745572    266.357 330.803782     697261   4774.430     611837  0.000e+00
    -2.0449  23.750113    266.731 330.803785     697238   4774.750     611960  0.000e+00
    -2.0437  23.753215    267.109 330.803788     697210   4774.969     612084  0.000e+00
    -2.0427  23.757148    267.493 330.803791     697189   4775.246     612210  0.000e+00
    -2.0422  23.762688    267.870 330.803793     697178   4775.637     612334  0.000e+00
    -2.0417  23.768228    268.233 330.803796     697166   4776.027     612453  0.000e+00
    -2.0412  23.773048    268.608 330.803799     697154   4776.367     612576  0.000e+00
    -2.0409  23.778145    268.982 330.803802     697147   4776.727     612699  0.000e+00
    -2.0408  23.783465    269.360 330.803805     697146   4777.102     612823  0.000e+00
    -2.0409  23.788508    269.735 330.803808     697148   4777.457     612946  0.000e+00
    -2.0412  23.788065    270.106 330.803811     697154   4777.426     613068  0.000e+00
    -2.0411  23.794161    270.481 330.803814     697153   4777.855     613191  0.000e+00
    -2.0411  23.799593    270.858 330.803817     697152   4778.238     613315  0.000e+00
    -2.0407  23.805025    271.233 330.803819     697144   4778.621     613438  0.000e+00
    -2.0401  23.810125    271.599 330.803822     697131   4778.980     613558  0.000e+00
    -2.0390  23.815780    271.982 330.803825     697105   4779.379     613684  0.000e+00
    -2.0379  23.821324    272.366 330.803828     697081   4779.770     613810  0.000e+00
    -2.0368  23.826869    272.732 330.803831     697057   4780.160     613930  0.000e+00
    -2.0359  23.832026    273.103 330.803834     697036   4780.523     614052  0.000e+00
    -2.0354  23.836351    273.481 330.803837     697026   4780.828     614176  0.000e+00
    -2.0351  23.840733    273.868 330.803840     697020   4781.137     614303  0.000e+00
    -2.0352  23.846224    274.245 330.803843     697021   4781.523     614427  0.000e+00
    -2.0347  23.851882    274.608 330.803845     697010   4781.922     614546  0.000e+00
    -2.0345  23.857706    274.992 330.803848     697005   4782.332     614672  0.000e+00
    -2.0340  23.863531    275.369 330.803851     696994   4782.742     614796  0.000e+00
    -2.0333  23.870355    275.738 330.803854     696979   4783.223     614917  0.000e+00
    -2.0323  23.876681    276.109 330.803857     696957   4783.668     615039  0.000e+00
    -2.0312  23.882619    276.484 330.803860     696932   4784.086     615162  0.000e+00
    -2.0296  23.879568    276.868 330.803863     696897   4783.871     615288  0.000e+00
    -2.0276  23.730314    277.242 330.803866     696852   4773.352     615411  0.000e+00
    -2.0258  23.447907    277.614 330.803869     696813   4753.383     615533  0.000e+00
    -2.0243  23.274871    277.988 330.803872     696779   4741.105     615656  0.000e+00
    -2.0219  23.203927    278.378 330.803874     696726   4736.063     615784  0.000e+00
    -2.0200  23.342425    278.759 330.803877     696683   4745.902     615909  0.000e+00
    -2.0197  23.406137    279.140 330.803880     696677   4750.422     616034  0.000e+00
    -2.0218  23.416606    279.514 330.803883     696724   4751.164     616157  0.000e+00
    -2.0247  23.429006    279.898 330.803886     696788   4752.043     616283  0.000e+00
    -2.0274  23.440802    280.276 330.803889     696848   4752.879     616407  0.000e+00
    -2.0294  23.452324    280.663 330.803892     696893   4753.695     616534  0.000e+00
    -2.0306  23.463848    281.031 330.803895     696920   4754.512     616655  0.000e+00
    -2.0316  23.476698    281.406 330.803898     696941   4755.422     616778  0.000e+00
    -2.0325  23.489771    281.768 330.803900     696962   4756.348     616897  0.000e+00
    -2.0333  23.501798    282.137 330.803903     696980   4757.199     617018  0.000e+00
    -2.0337  23.514435    282.514 330.803906     696989   4758.094     617142  0.000e+00
    -2.0338  23.526356    282.883 330.803909     696991   4758.938     617263  0.000e+00
    -2.0335  23.536734    283.264 330.803912     696983   4759.672     617388  0.000e+00
    -2.0336  23.547720    283.654 330.803915     696985   4760.449     617516  0.000e+00
    -2.0333  23.558543    284.037 330.803918     696978   4761.215     617642  0.000e+00
    -2.0333  23.570030    284.418 330.803921     696978   4762.027     617767  0.000e+00
    -2.0329  23.581575    284.796 330.803924     696971   4762.844     617891  0.000e+00
    -2.0329  23.591851    285.176 330.803927     696971   4763.570     618016  0.000e+00
    -2.0324  23.602515    285.560 330.803929     696959   4764.324     618142  0.000e+00
    -2.0314  23.613015    285.929 330.803932     696936   4765.066     618263  0.000e+00
    -2.0304  23.624567    286.315 330.803935     696915   4765.883     618390  0.000e+00
    -2.0292  23.635955    286.693 330.803938     696887   4766.688     618514  0.000e+00
    -2.0283  23.645244    287.071 330.803941     696867   4767.344     618638  0.000e+00
    -2.0278  23.656138    287.455 330.803944     696857   4768.113     618764  0.000e+00
    -2.0271  23.666647    287.829 330.803947     696841   4768.855     618887  0.000e+00
    -2.0264  23.678485    288.210 330.803950     696826   4769.691     619012  0.000e+00
    -2.0253  23.691210    288.591 330.803953     696802   4770.590     619137  0.000e+00
    -2.0243  23.703052    288.974 330.803955     696779   4771.426     619263  0.000e+00
    -2.0233  23.714177    289.355 330.803958     696757   4772.211     619388  0.000e+00
    -2.0218  23.727407    289.739 330.803961     696723   4773.145     619514  0.000e+00
    -2.0208  23.740253    290.117 330.803964     696702   4774.051     619638  0.000e+00
    -2.0200  23.754264    290.494 330.803967     696683   4775.039     619762  0.000e+00
    -2.0198  23.767945    290.875 330.803970     696678   4776.004     619887  0.000e+00
    -2.0194  23.782793    291.246 330.803973     696670   4777.051     620009  0.000e+00
    -2.0198  23.795427    291.618 330.803976     696678   4777.941     620131  0.000e+00
    -2.0211  23.808618    291.996 330.803979     696708   4778.871     620255  0.000e+00
    -2.0207  23.814328    292.367 330.803981     696699   4779.273     620377  0.000e+00
    -2.0152  23.750890    292.742 330.803984     696576   4774.801     620500  0.000e+00
    -2.0069  23.667708    293.116 330.803987     696391   4768.930     620623  0.000e+00
    -1.9991  23.671746    293.491 330.803990     696219   4769.215     620746  0.000e+00
    -1.9928  23.658749    293.869 330.803993     696078   4768.297     620870  0.000e+00
    -1.9880  23.678496    294.246 330.803996     695971   4769.691     620994  0.000e+00
    -1.9848  23.694873    294.618 330.803999     695901   4770.848     621116  0.000e+00
    -1.9828  23.710977    294.999 330.804002     695856   4771.984     621241  0.000e+00
    -1.9814  23.726476    295.379 330.804005     695825   4773.078     621366  0.000e+00
    -1.9805  23.742422    295.757 330.804008     695805   4774.203     621490  0.000e+00
    -1.9803  23.752280    296.141 330.804010     695801   4774.898     621616  0.000e+00
    -1.9805  23.768564    296.518 330.804013     695805   4776.047     621740  0.000e+00
    -1.9807  23.785462    296.893 330.804016     695810   4777.238     621863  0.000e+00
    -1.9806  23.801699    297.277 330.804019     695807   4778.383     621989  0.000e+00
    -1.9806  23.815058    297.657 330.804022     695808   4779.324     622114  0.000e+00
    -1.9804  23.824039    298.035 330.804025     695804   4779.957     622238  0.000e+00
    -1.9807  23.839842    298.413 330.804028     695810   4781.070     622362  0.000e+00
    -1.9802  23.856813    298.803 330.804031     695799   4782.266     622490  0.000e+00
    -1.9799  23.870127    299.180 330.804034     695791   4783.203     622614  0.000e+00
    -1.9797  23.885775    299.552 330.804036     695788   4784.305     622736  0.000e+00
    -1.9800  23.902258    299.939 330.804039     695794   4785.465     622863  0.000e+00
    -1.9802  23.916636    300.313 330.804042     695798   4786.477     622986  0.000e+00
    -1.9802  23.932350    300.691 330.804045     695799   4787.582     623110  0.000e+00
    -1.9802  23.947567    301.075 330.804048     695798   4788.652     623236  0.000e+00
    -1.9801  23.965121    301.446 330.804051     695796   4789.887     623358  0.000e+00
    -1.9801  23.980291    301.830 330.804054     695796   4790.953     623484  0.000e+00
    -1.9800  23.995352    302.220 330.804057     695795   4792.012     623612  0.000e+00
    -1.9804  24.019869    302.601 330.804060     695804   4793.734     623737  0.000e+00
    -1.9805  24.036775    302.984 330.804062     695805   4794.922     623863  0.000e+00
    -1.9806  24.054908    303.377 330.804065     695808   4796.195     623992  0.000e+00
    -1.9804  24.073548    303.758 330.804068     695803   4797.504     624117  0.000e+00
    -1.9803  24.076721    304.132 330.804071     695800   4797.727     624240  0.000e+00
    -1.9802  24.066650    304.516 330.804074     695798   4797.020     624366  0.000e+00
    -1.9800  24.056970    304.894 330.804077     695794   4796.340     624490  0.000e+00
    -1.9795  24.206842    305.278 330.804080     695783   4806.852     624616  0.000e+00
    -1.9794  24.233276    305.652 330.804083     695780   4808.703     624739  0.000e+00
    -1.9791  24.237182    306.039 330.804086     695774   4808.977     624866  0.000e+00
    -1.9791  24.245829    306.401 330.804089     695773   4809.582     624985  0.000e+00
    -1.9792  24.251520    306.779 330.804091     695777   4809.980     625109  0.000e+00
    -1.9791  24.257714    307.151 330.804094     695773   4810.414     625231  0.000e+00
    -1.9793  24.272559    307.525 330.804097     695779   4811.453     625354  0.000e+00
    -1.9799  24.263185    307.894 330.804100     695792   4810.797     625475  0.000e+00
    -1.9803  24.276523    308.265 330.804103     695801   4811.730     625597  0.000e+00
    -1.9809  24.290367    308.637 330.804106     695813   4812.699     625719  0.000e+00
    -1.9809  24.303265    309.005 330.804109     695815   4813.602     625840  0.000e+00
    -1.9810  24.315885    309.365 330.804112     695817   4814.484     625958  0.000e+00
    -1.9809  24.329067    309.724 330.804115     695815   4815.406     626076  0.000e+00
    -1.9811  24.355604    310.059 330.804117     695819   4817.262     626186  0.000e+00
    -1.9814  24.365552    310.415 330.804120     695826   4817.957     626303  0.000e+00
    -1.9813  24.382936    310.778 330.804123     695822   4819.172     626422  0.000e+00
    -1.9813  24.394844    311.131 330.804126     695824   4820.004     626538  0.000e+00
    -1.9815  24.410781    311.491 330.804129     695828   4821.117     626656  0.000e+00
    -1.9806  24.429239    311.850 330.804132     695808   4822.406     626774  0.000e+00
    -1.9794  24.442890    312.228 330.804135     695781   4823.359     626898  0.000e+00
    -1.9786  24.454921    312.581 330.804138     695762   4824.199     627014  0.000e+00
    -1.9789  24.467122    312.937 330.804141     695769   4825.051     627131  0.000e+00
    -1.9790  24.480333    313.303 330.804144     695772   4825.973     627251  0.000e+00
    -1.9789  24.492595    313.659 330.804146     695770   4826.828     627368  0.000e+00
    -1.9788  24.503570    314.006 330.804149     695768   4827.594     627482  0.000e+00
    -1.9792  24.515836    314.366 330.804152     695776   4828.449     627600  0.000e+00
    -1.9795  24.529000    314.710 330.804155     695783   4829.367     627713  0.000e+00
    -1.9793  24.551861    315.066 330.804158     695778   4830.961     627830  0.000e+00
    -1.9786  24.566153    315.410 330.804161     695763   4831.957     627943  0.000e+00
    -1.9782  24.597718    315.757 330.804164     695755   4834.156     628057  0.000e+00
    -1.9778  24.657522    316.108 330.804167     695746   4838.320     628172  0.000e+00
    -1.9770  24.665605    316.461 330.804170     695727   4838.883     628288  0.000e+00
    -1.9760  24.680707    316.814 330.804172     695706   4839.934     628404  0.000e+00
    -1.9759  24.714459    317.158 330.804175     695704   4842.281     628517  0.000e+00
    -1.9755  24.727830    317.512 330.804178     695694   4843.211     628633  0.000e+00
    -1.9751  24.740979    317.859 330.804181     695685   4844.125     628747  0.000e+00
    -1.9750  24.753849    318.200 330.804184     695684   4845.020     628859  0.000e+00
    -1.9755  24.765991    318.541 330.804187     695695   4845.863     628971  0.000e+00
    -1.9759  24.784152    318.873 330.804190     695702   4847.125     629080  0.000e+00
    -1.9764  24.809460    319.208 330.804193     695713   4848.883     629190  0.000e+00
    -1.9768  24.830276    319.552 330.804196     695724   4850.328     629303  0.000e+00
    -1.9773  24.841419    319.896 330.804198     695734   4851.102     629416  0.000e+00
    -1.9778  24.854364    320.240 330.804201     695746   4852.000     629529  0.000e+00
    -1.9777  24.867537    320.590 330.804204     695744   4852.914     629644  0.000e+00
    -1.9776  24.876940    320.941 330.804207     695740   4853.566     629759  0.000e+00
    -1.9776  24.890399    321.285 330.804210     695740   4854.500     629872  0.000e+00
    -1.9784  24.906677    321.626 330.804213     695758   4855.629     629984  0.000e+00
    -1.9788  24.927016    321.982 330.804216     695767   4857.039     630101  0.000e+00
    -1.9793  24.947417    322.329 330.804219     695779   4858.453     630215  0.000e+00
    -1.9801  24.969572    322.677 330.804222     695797   4859.988     630329  0.000e+00
    -1.9805  24.992298    323.024 330.804225     695805   4861.563     630443  0.000e+00
    -1.9802  25.009389    323.374 330.804227     695798   4862.746     630558  0.000e+00
    -1.9798  25.025244    323.718 330.804230     695789   4863.844     630671  0.000e+00
    -1.9797  25.039578    324.062 330.804233     695788   4864.836     630784  0.000e+00
    -1.9802  25.107167    324.410 330.804236     695799   4869.512     630898  0.000e+00
    -1.9809  25.128752    324.760 330.804239     695814   4871.004     631013  0.000e+00
    -1.9806  25.142090    325.104 330.804242     695808   4871.926     631126  0.000e+00
    -1.9807  25.159049    325.448 330.804245     695809   4873.098     631239  0.000e+00
    -1.9804  25.175786    325.798 330.804248     695802   4874.254     631354  0.000e+00
    -1.9801  25.193771    326.136 330.804251     695796   4875.496     631465  0.000e+00
