sbs/tests/resources/orca-test-data/SBE19plus/4794/4794_014_KiM.cnv
* Sea-Bird SBE19plus Data File:
* FileName = C:\Documents and Settings\stevens\Desktop\K131_2007\CTD\4794_014.hex
* Software Version 1.50
* Temperature SN =  4977
* Conductivity SN =  4977
* System UpLoad Time = Nov 26 2007 12:51:11
** K131 McMurdo SeaIce Work
** nov-dec 2007
** using chch plastic ctd
** times are local (NZ daylight savings)
# nquan = 8
# nvalues = 7409                                  
# units = specified
# name 0 = tv290C: Temperature [ITS-90, deg C]
# name 1 = c0mS/cm: Conductivity [mS/cm]
# name 2 = prdM: Pressure, Strain Gauge [db]
# name 3 = timeJ: Julian Days
# name 4 = f0: Frequency 0
# name 5 = f1: Frequency 1
# name 6 = f2: Frequency 2
# name 7 = flag:  0.000e+00
# span 0 =    -3.7916,    -1.8957                 
# span 1 =   0.043242,  27.386355                 
# span 2 =     -0.295,    363.690                 
# span 3 = 330.511088, 330.532523                 
# span 4 =     693923,     736808                 
# span 5 =   2607.629,   5024.598                 
# span 6 =     524307,     643796                 
# span 7 = 0.0000e+00, 0.0000e+00                 
# interval = seconds: 0.25
# start_time = Nov 26 2007 12:15:58 [Instrument's time stamp, header]
# bad_flag = -9.990e-29
*END*
[from data line 7371]
    -1.8988   3.179024     -0.286 330.532416     693992   2986.352     524310  0.000e+00
    -1.8987   3.132546     -0.286 330.532419     693989   2981.090     524310  0.000e+00
    -1.8977   3.039219     -0.283 330.532422     693968   2970.496     524311  0.000e+00
    -1.8977   3.039494     -0.283 330.532425     693968   2970.527     524311  0.000e+00
    -1.8974   2.963790     -0.283 330.532428     693960   2961.906     524311  0.000e+00
    -1.8973   2.929184     -0.283 330.532431     693958   2957.957     524311  0.000e+00
    -1.8966   2.817027     -0.286 330.532433     693942   2945.121     524310  0.000e+00
    -1.8964   2.693085     -0.283 330.532436     693939   2930.871     524311  0.000e+00
    -1.8960   2.517321     -0.286 330.532439     693929   2910.543     524310  0.000e+00
    -1.8957   2.360400     -0.283 330.532442     693923   2892.273     524311  0.000e+00
    -1.8960   2.333123     -0.286 330.532445     693930   2889.086     524310  0.000e+00
    -1.8962   2.327478     -0.283 330.532448     693934   2888.426     524311  0.000e+00
    -1.8959   2.216270     -0.280 330.532451     693927   2875.391     524312  0.000e+00
    -1.8959   2.051607     -0.283 330.532454     693926   2855.980     524311  0.000e+00
    -1.8958   2.028698     -0.286 330.532457     693925   2853.270     524310  0.000e+00
    -1.8959   2.014383     -0.283 330.532459     693928   2851.574     524311  0.000e+00
    -1.8959   1.976360     -0.283 330.532462     693926   2847.066     524311  0.000e+00
    -1.8963   1.882583     -0.283 330.532465     693936   2835.918     524311  0.000e+00
    -1.8965   1.839892     -0.283 330.532468     693940   2830.828     524311  0.000e+00
    -1.8963   1.763482     -0.286 330.532471     693937   2821.695     524310  0.000e+00
    -1.8964   1.842543     -0.283 330.532474     693938   2831.145     524311  0.000e+00
    -1.8965   1.798617     -0.283 330.532477     693940   2825.898     524311  0.000e+00
    -1.8966   1.750173     -0.286 330.532480     693942   2820.102     524310  0.000e+00
    -1.8965   1.715240     -0.283 330.532483     693941   2815.914     524311  0.000e+00
    -1.8963   1.797767     -0.286 330.532486     693935   2825.797     524310  0.000e+00
    -1.8969   1.670835     -0.286 330.532488     693950   2810.582     524310  0.000e+00
    -1.8969   1.634983     -0.283 330.532491     693949   2806.270     524311  0.000e+00
    -1.8966   1.608583     -0.280 330.532494     693942   2803.090     524312  0.000e+00
    -1.8970   1.584221     -0.283 330.532497     693952   2800.152     524311  0.000e+00
    -1.8968   1.558655     -0.280 330.532500     693947   2797.066     524312  0.000e+00
    -1.8968   1.549406     -0.286 330.532503     693948   2795.949     524310  0.000e+00
    -1.8972   1.522652     -0.280 330.532506     693956   2792.715     524312  0.000e+00
    -1.8975   1.462857     -0.289 330.532509     693963   2785.473     524309  0.000e+00
    -1.8975   1.395445     -0.286 330.532512     693962   2777.285     524310  0.000e+00
    -1.8978   1.424785     -0.283 330.532514     693969   2780.852     524311  0.000e+00
    -1.8978   1.635826     -0.283 330.532517     693970   2806.371     524311  0.000e+00
    -1.8979   1.730224     -0.283 330.532520     693972   2817.711     524311  0.000e+00
    -1.8982   1.724685     -0.283 330.532523     693977   2817.047     524311  0.000e+00
