tests/resources/orca-test-data/SBE19plusV2/SBE19plus_01906398_2019_07_15/SBE19plus_01906398_2019_07_15_0033_cropped.cnv
* Sea-Bird SBE19plus  Data File:
* FileName = C:\Users\Matt.Talbot\Desktop\CTD Stuff\Field Sampling Casts\07.02.2019\SBE19plus_01906398_2019_07_15_0033.hex
* Software version 2.8.0.119
* Temperature SN = 6398
* Conductivity SN = 6398
* System UpLoad Time = Jul 15 2019 10:56:00
* <ApplicationData>
* <Seaterm232>
# nquan = 5
# nvalues = 400                                   
# units = specified
# name 0 = timeS: Time, Elapsed [seconds]
# name 1 = c0mS/cm: Conductivity [mS/cm]
# name 2 = prdM: Pressure, Strain Gauge [db]
# name 3 = tv290C: Temperature [ITS-90, deg C]
# name 4 = flag:  0.000e+00
# span 0 =    125.000,    224.750                 
# span 1 =   8.555660,  27.738922                 
# span 2 =     -0.016,     22.513                 
# span 3 =    22.9080,    26.7656                 
# span 4 =  0.0000e00,  0.0000e00                 
# interval = seconds: 0.25
# start_time = Jul 02 2019 15:46:41 [Instrument's time stamp, header]
# bad_flag = -9.990e-29
*END*
[from data line 286]
    196.500  25.283699     12.916    22.9250  0.000e+00
    196.750  25.253574     12.711    22.9274  0.000e+00
    197.000  25.216616     12.528    22.9296  0.000e+00
    197.250  25.140872     12.413    22.9301  0.000e+00
    197.500  25.158621     12.360    22.9279  0.000e+00
    197.750  25.097079     12.325    22.9247  0.000e+00
    198.000  25.095135     12.270    22.9204  0.000e+00
    198.250  25.089125     12.184    22.9159  0.000e+00
    198.500  25.081879     12.050    22.9127  0.000e+00
    198.750  25.064149     11.866    22.9107  0.000e+00
    199.000  25.059025     11.659    22.9106  0.000e+00
    199.250  24.894914     11.468    22.9118  0.000e+00
    199.500  24.729722     11.309    22.9194  0.000e+00
    199.750  24.708916     11.181    22.9376  0.000e+00
    200.000  24.626286     11.077    22.9565  0.000e+00
    200.250  24.574626     11.013    22.9765  0.000e+00
    200.500  24.477730     10.951    22.9969  0.000e+00
    200.750  24.431841     10.850    23.0183  0.000e+00
    201.000  24.392165     10.707    23.0430  0.000e+00
    201.250  24.292613     10.558    23.0646  0.000e+00
    201.500  24.197218     10.409    23.0936  0.000e+00
    201.750  24.123332     10.251    23.1249  0.000e+00
    202.000  23.989776     10.085    23.1509  0.000e+00
    202.250  23.786033      9.951    23.1788  0.000e+00
    202.500  23.745575      9.841    23.2074  0.000e+00
    202.750  23.683608      9.716    23.2328  0.000e+00
    203.000  23.555872      9.586    23.2516  0.000e+00
    203.250  23.453341      9.492    23.2657  0.000e+00
    203.500  23.391011      9.412    23.2787  0.000e+00
    203.750  23.320071      9.306    23.2900  0.000e+00
    204.000  23.241349      9.174    23.3004  0.000e+00
    204.250  23.033407      9.042    23.3095  0.000e+00
    204.500  23.021860      8.913    23.3201  0.000e+00
    204.750  22.899436      8.777    23.3301  0.000e+00
    205.000  22.627997      8.633    23.3394  0.000e+00
    205.250  22.384165      8.504    23.3542  0.000e+00
    205.500  22.261516      8.393    23.3771  0.000e+00
    205.750  21.659770      8.274    23.4025  0.000e+00
    206.000  20.761906      8.139    23.4500  0.000e+00
    206.250  20.147362      8.012    23.5439  0.000e+00
    206.500  19.854413      7.904    23.6627  0.000e+00
    206.750  19.875117      7.795    23.7644  0.000e+00
    207.000  19.955465      7.668    23.8327  0.000e+00
    207.250  18.942964      7.526    23.8766  0.000e+00
    207.500  18.137445      7.389    23.9580  0.000e+00
    207.750  18.186902      7.244    24.0874  0.000e+00
    208.000  17.936112      7.090    24.1934  0.000e+00
    208.250  17.523205      6.951    24.2666  0.000e+00
    208.500  17.548049      6.838    24.3406  0.000e+00
    208.750  17.458622      6.749    24.3994  0.000e+00
    209.000  17.254542      6.661    24.4402  0.000e+00
    209.250  17.174873      6.561    24.4827  0.000e+00
    209.500  17.099257      6.450    24.5189  0.000e+00
    209.750  17.028866      6.343    24.5492  0.000e+00
    210.000  17.003888      6.229    24.5726  0.000e+00
    210.250  16.990808      6.077    24.5904  0.000e+00
    210.500  16.833700      5.903    24.6020  0.000e+00
    210.750  16.696373      5.745    24.6195  0.000e+00
    211.000  16.699970      5.612    24.6402  0.000e+00
    211.250  16.407326      5.468    24.6568  0.000e+00
    211.500  15.386114      5.315    24.6797  0.000e+00
    211.750  14.983205      5.189    24.7490  0.000e+00
    212.000  15.091103      5.098    24.8463  0.000e+00
    212.250  14.783290      4.993    24.9231  0.000e+00
    212.500  14.725504      4.844    24.9783  0.000e+00
    212.750  14.169162      4.705    25.0242  0.000e+00
    213.000  14.260548      4.574    25.0852  0.000e+00
    213.250  13.703292      4.406    25.1378  0.000e+00
    213.500  13.256989      4.226    25.2015  0.000e+00
    213.750  12.666954      4.064    25.2941  0.000e+00
    214.000  12.455377      3.937    25.4212  0.000e+00
    214.250  12.468112      3.821    25.5492  0.000e+00
    214.500  12.583499      3.719    25.6394  0.000e+00
    214.750  12.081044      3.646    25.6849  0.000e+00
    215.000  11.803517      3.577    25.7601  0.000e+00
    215.250  11.854269      3.449    25.8834  0.000e+00
    215.500  11.975228      3.271    25.9800  0.000e+00
    215.750  11.824528      3.078    26.0202  0.000e+00
    216.000  11.679069      2.908    26.0529  0.000e+00
    216.250  11.647086      2.752    26.1127  0.000e+00
    216.500  11.584488      2.593    26.1820  0.000e+00
    216.750  11.580183      2.452    26.2488  0.000e+00
    217.000  11.579348      2.352    26.3036  0.000e+00
    217.250  11.585870      2.313    26.3436  0.000e+00
    217.500  11.586100      2.234    26.3751  0.000e+00
    217.750  11.586283      2.101    26.4047  0.000e+00
    218.000  11.584386      1.962    26.4243  0.000e+00
    218.250  11.580499      1.810    26.4339  0.000e+00
    218.500  11.583645      1.695    26.4415  0.000e+00
    218.750  11.584245      1.602    26.4572  0.000e+00
    219.000  11.590213      1.499    26.4735  0.000e+00
    219.250  11.594192      1.406    26.4857  0.000e+00
    219.500  11.594932      1.296    26.5001  0.000e+00
    219.750  11.605715      1.139    26.5122  0.000e+00
    220.000  11.610574      0.981    26.5315  0.000e+00
    220.250  11.618675      0.840    26.5536  0.000e+00
    220.500  11.629418      0.720    26.5727  0.000e+00
    220.750  11.634743      0.588    26.5967  0.000e+00
    221.000  11.636641      0.452    26.6183  0.000e+00
    221.250  11.637057      0.365    26.6379  0.000e+00
    221.500  11.637427      0.298    26.6522  0.000e+00
    221.750  11.639928      0.201    26.6611  0.000e+00
    222.000  11.642012      0.097    26.6692  0.000e+00
    222.250  11.639603      0.021    26.6768  0.000e+00
    222.500  11.632979     -0.016    26.6822  0.000e+00
    222.750  11.630200     -0.015    26.6806  0.000e+00
    223.000  11.619735     -0.014    26.6645  0.000e+00
    223.250  11.617190     -0.015    26.6426  0.000e+00
    223.500  11.632843     -0.015    26.6149  0.000e+00
    223.750  11.679231     -0.014    26.5899  0.000e+00
    224.000  11.707895     -0.015    26.5680  0.000e+00
    224.250  11.731147     -0.015    26.5446  0.000e+00
    224.500  11.705067     -0.015    26.5202  0.000e+00
    224.750   8.555660     -0.015    26.4984  0.000e+00
