tests/resources/orca-test-data/SBE19plusV2/SBE19plus_01906398_2019_07_15/SBE19plus_01906398_2019_07_15_0033_cropped.cnv
* Sea-Bird SBE19plus  Data File:
* FileName = C:\Users\Matt.Talbot\Desktop\CTD Stuff\Field Sampling Casts\07.02.2019\SBE19plus_01906398_2019_07_15_0033.hex
* Software version 2.8.0.119
* Temperature SN = 6398
* Conductivity SN = 6398
* System UpLoad Time = Jul 15 2019 10:56:00
* <ApplicationData>
* <Seaterm232>
# nquan = 5
# nvalues = 400                                   
# units = specified
# name 0 = timeS: Time, Elapsed [seconds]
# name 1 = c0mS/cm: Conductivity [mS/cm]
# name 2 = prdM: Pressure, Strain Gauge [db]
# name 3 = tv290C: Temperature [ITS-90, deg C]
# name 4 = flag:  0.000e+00
# span 0 =    125.000,    224.750                 
# span 1 =   8.555660,  27.738922                 
# span 2 =     -0.016,     22.513                 
# span 3 =    22.9080,    26.7656                 
# span 4 =  0.0000e00,  0.0000e00                 
# interval = seconds: 0.25
# start_time = Jul 02 2019 15:46:41 [Instrument's time stamp, header]
# bad_flag = -9.990e-29
*END*
    125.000  11.667867      0.879    26.7656  0.000e+00
    125.250  11.667589      0.890    26.7637  0.000e+00
    125.500  11.667450      0.870    26.7622  0.000e+00
    125.750  11.667358      0.826    26.7614  0.000e+00
    126.000  11.667450      0.780    26.7605  0.000e+00
    126.250  11.667728      0.750    26.7600  0.000e+00
    126.500  11.667867      0.741    26.7602  0.000e+00
    126.750  11.667960      0.753    26.7607  0.000e+00
    127.000  11.667728      0.784    26.7609  0.000e+00
    127.250  11.667450      0.856    26.7611  0.000e+00
    127.500  11.667960      0.995    26.7609  0.000e+00
    127.750  11.667033      1.161    26.7610  0.000e+00
    128.000  11.662908      1.311    26.7604  0.000e+00
    128.250  11.647339      1.437    26.7555  0.000e+00
    128.500  11.639834      1.554    26.7421  0.000e+00
    128.750  11.636129      1.672    26.7170  0.000e+00
    129.000  11.627932      1.789    26.6949  0.000e+00
    129.250  11.625340      1.880    26.6745  0.000e+00
    129.500  11.623350      1.959    26.6566  0.000e+00
    129.750  11.613627      2.054    26.6440  0.000e+00
    130.000  11.600759      2.171    26.6298  0.000e+00
    130.250  11.582436      2.291    26.6105  0.000e+00
    130.500  11.586509      2.419    26.5802  0.000e+00
    130.750  11.582901      2.532    26.5574  0.000e+00
    131.000  11.585863      2.633    26.5417  0.000e+00
    131.250  11.584845      2.733    26.5336  0.000e+00
    131.500  11.586095      2.842    26.5301  0.000e+00
    131.750  11.579433      2.959    26.5281  0.000e+00
    132.000  11.575686      3.092    26.5234  0.000e+00
    132.250  11.570599      3.227    26.5140  0.000e+00
    132.500  11.569628      3.336    26.5000  0.000e+00
    132.750  11.569213      3.408    26.4891  0.000e+00
    133.000  11.568057      3.475    26.4811  0.000e+00
    133.250  11.568381      3.541    26.4752  0.000e+00
    133.500  11.569028      3.582    26.4700  0.000e+00
    133.750  11.568150      3.630    26.4682  0.000e+00
    134.000  11.563664      3.708    26.4656  0.000e+00
    134.250  11.564405      3.826    26.4503  0.000e+00
    134.500  11.568892      3.990    26.4281  0.000e+00
    134.750  11.624149      4.167    26.4048  0.000e+00
    135.000  11.707304      4.316    26.3700  0.000e+00
    135.250  11.747410      4.431    26.3197  0.000e+00
    135.500  11.758652      4.507    26.2660  0.000e+00
    135.750  11.761069      4.540    26.2257  0.000e+00
    136.000  11.754010      4.575    26.2007  0.000e+00
    136.250  11.830990      4.660    26.1870  0.000e+00
    136.500  12.030103      4.782    26.1683  0.000e+00
    136.750  12.155156      4.924    26.1195  0.000e+00
    137.000  12.414137      5.076    26.0525  0.000e+00
    137.250  12.693573      5.217    25.9763  0.000e+00
    137.500  12.904825      5.334    25.8828  0.000e+00
    137.750  13.040672      5.452    25.7783  0.000e+00
    138.000  13.230718      5.576    25.6817  0.000e+00
    138.250  13.379260      5.707    25.5985  0.000e+00
    138.500  13.745601      5.838    25.5267  0.000e+00
    138.750  14.093655      5.952    25.4529  0.000e+00
    139.000  14.673901      6.060    25.3757  0.000e+00
    139.250  15.743799      6.176    25.2940  0.000e+00
    139.500  16.598402      6.294    25.1823  0.000e+00
    139.750  16.654266      6.407    25.0339  0.000e+00
    140.000  16.676211      6.552    24.9122  0.000e+00
    140.250  16.692610      6.715    24.8337  0.000e+00
    140.500  16.719040      6.864    24.7866  0.000e+00
    140.750  16.728300      6.996    24.7589  0.000e+00
    141.000  16.742551      7.114    24.7426  0.000e+00
    141.250  16.755621      7.223    24.7329  0.000e+00
    141.500  16.770548      7.343    24.7270  0.000e+00
    141.750  16.794130      7.474    24.7234  0.000e+00
    142.000  16.809376      7.603    24.7207  0.000e+00
    142.250  16.834934      7.711    24.7181  0.000e+00
    142.500  16.868238      7.809    24.7153  0.000e+00
    142.750  16.883144      7.909    24.7115  0.000e+00
    143.000  16.934702      8.015    24.7080  0.000e+00
    143.250  16.968016      8.158    24.7032  0.000e+00
    143.500  17.007297      8.337    24.6975  0.000e+00
    143.750  17.078435      8.506    24.6902  0.000e+00
    144.000  17.173621      8.628    24.6809  0.000e+00
    144.250  17.236098      8.706    24.6671  0.000e+00
    144.500  17.357050      8.777    24.6519  0.000e+00
    144.750  17.709615      8.865    24.6341  0.000e+00
    145.000  18.359999      8.952    24.5960  0.000e+00
    145.250  18.812872      9.038    24.5248  0.000e+00
    145.500  19.396674      9.154    24.4204  0.000e+00
    145.750  20.512405      9.312    24.2978  0.000e+00
    146.000  21.396906      9.480    24.1382  0.000e+00
    146.250  21.971539      9.640    23.9420  0.000e+00
    146.500  22.308340      9.783    23.7560  0.000e+00
    146.750  22.638434      9.912    23.6217  0.000e+00
    147.000  22.840407     10.040    23.5360  0.000e+00
    147.250  22.980942     10.158    23.4782  0.000e+00
    147.500  23.046263     10.258    23.4360  0.000e+00
    147.750  23.103635     10.335    23.4066  0.000e+00
    148.000  23.121608     10.401    23.3875  0.000e+00
    148.250  23.154186     10.462    23.3755  0.000e+00
    148.500  23.172171     10.547    23.3673  0.000e+00
    148.750  23.241348     10.671    23.3609  0.000e+00
    149.000  23.339304     10.818    23.3582  0.000e+00
    149.250  23.353892     10.970    23.3601  0.000e+00
    149.500  23.442523     11.137    23.3637  0.000e+00
    149.750  23.696186     11.301    23.3681  0.000e+00
    150.000  24.075169     11.437    23.3714  0.000e+00
    150.250  24.186557     11.532    23.3627  0.000e+00
    150.500  24.257541     11.598    23.3364  0.000e+00
    150.750  24.254983     11.656    23.2956  0.000e+00
    151.000  24.263136     11.723    23.2613  0.000e+00
    151.250  24.256152     11.803    23.2356  0.000e+00
    151.500  24.261802     11.878    23.2067  0.000e+00
    151.750  24.260756     11.953    23.1763  0.000e+00
    152.000  24.272519     12.050    23.1457  0.000e+00
    152.250  24.363006     12.173    23.1107  0.000e+00
    152.500  24.575148     12.317    23.0673  0.000e+00
    152.750  24.800323     12.483    23.0131  0.000e+00
    153.000  24.870417     12.649    22.9697  0.000e+00
    153.250  24.979039     12.801    22.9429  0.000e+00
    153.500  25.092484     12.925    22.9275  0.000e+00
    153.750  25.106568     13.014    22.9189  0.000e+00
    154.000  25.114407     13.090    22.9149  0.000e+00
    154.250  25.130263     13.171    22.9144  0.000e+00
    154.500  25.161690     13.262    22.9159  0.000e+00
    154.750  25.215497     13.361    22.9210  0.000e+00
    155.000  25.227774     13.480    22.9307  0.000e+00
    155.250  25.233500     13.618    22.9408  0.000e+00
    155.500  25.234327     13.763    22.9477  0.000e+00
    155.750  25.247139     13.902    22.9509  0.000e+00
    156.000  25.268281     14.028    22.9531  0.000e+00
    156.250  25.265978     14.142    22.9573  0.000e+00
    156.500  25.270290     14.265    22.9611  0.000e+00
    156.750  25.292798     14.400    22.9636  0.000e+00
    157.000  25.297407     14.535    22.9631  0.000e+00
    157.250  25.302253     14.655    22.9599  0.000e+00
    157.500  25.297586     14.767    22.9580  0.000e+00
    157.750  25.300245     14.886    22.9554  0.000e+00
    158.000  25.293332     15.003    22.9535  0.000e+00
    158.250  25.307574     15.121    22.9460  0.000e+00
    158.500  25.311594     15.227    22.9339  0.000e+00
    158.750  25.326964     15.340    22.9253  0.000e+00
    159.000  25.356232     15.474    22.9217  0.000e+00
    159.250  25.380484     15.625    22.9239  0.000e+00
    159.500  25.387465     15.778    22.9298  0.000e+00
    159.750  25.387228     15.916    22.9356  0.000e+00
    160.000  25.395453     16.036    22.9393  0.000e+00
    160.250  25.415870     16.155    22.9414  0.000e+00
    160.500  25.440142     16.258    22.9420  0.000e+00
    160.750  25.454117     16.317    22.9415  0.000e+00
    161.000  25.443754     16.338    22.9404  0.000e+00
    161.250  25.435939     16.370    22.9407  0.000e+00
    161.500  25.438189     16.456    22.9429  0.000e+00
    161.750  25.503941     16.597    22.9451  0.000e+00
    162.000  25.667756     16.780    22.9429  0.000e+00
    162.250  25.918389     16.982    22.9353  0.000e+00
    162.500  26.171038     17.160    22.9242  0.000e+00
    162.750  26.486369     17.282    22.9138  0.000e+00
    163.000  26.516175     17.343    22.9086  0.000e+00
    163.250  26.461862     17.371    22.9080  0.000e+00
    163.500  26.425235     17.409    22.9092  0.000e+00
    163.750  26.432799     17.486    22.9109  0.000e+00
    164.000  26.730519     17.589    22.9130  0.000e+00
    164.250  26.790643     17.710    22.9150  0.000e+00
    164.500  26.903667     17.852    22.9173  0.000e+00
    164.750  27.041983     18.006    22.9231  0.000e+00
    165.000  27.172068     18.157    22.9349  0.000e+00
    165.250  27.282275     18.306    22.9515  0.000e+00
    165.500  27.296790     18.443    22.9721  0.000e+00
    165.750  27.296121     18.548    22.9898  0.000e+00
    166.000  27.298610     18.616    23.0014  0.000e+00
    166.250  27.297699     18.653    23.0083  0.000e+00
    166.500  27.298974     18.682    23.0127  0.000e+00
    166.750  27.301161     18.729    23.0156  0.000e+00
    167.000  27.305899     18.820    23.0178  0.000e+00
    167.250  27.313008     18.943    23.0193  0.000e+00
    167.500  27.321515     19.091    23.0207  0.000e+00
    167.750  27.326255     19.257    23.0224  0.000e+00
    168.000  27.323703     19.423    23.0244  0.000e+00
    168.250  27.349412     19.580    23.0257  0.000e+00
    168.500  27.401707     19.710    23.0274  0.000e+00
    168.750  27.413387     19.785    23.0310  0.000e+00
    169.000  27.413205     19.826    23.0353  0.000e+00
    169.250  27.404627     19.871    23.0383  0.000e+00
    169.500  27.423305     19.945    23.0408  0.000e+00
    169.750  27.456535     20.069    23.0423  0.000e+00
    170.000  27.490207     20.240    23.0439  0.000e+00
    170.250  27.537726     20.425    23.0457  0.000e+00
    170.500  27.548757     20.599    23.0480  0.000e+00
    170.750  27.593020     20.735    23.0498  0.000e+00
    171.000  27.665995     20.816    23.0515  0.000e+00
    171.250  27.653420     20.860    23.0536  0.000e+00
    171.500  27.640543     20.930    23.0551  0.000e+00
    171.750  27.649026     21.060    23.0567  0.000e+00
    172.000  27.675580     21.209    23.0574  0.000e+00
    172.250  27.678877     21.366    23.0577  0.000e+00
    172.500  27.692738     21.506    23.0576  0.000e+00
    172.750  27.701594     21.619    23.0579  0.000e+00
    173.000  27.703426     21.716    23.0580  0.000e+00
    173.250  27.712894     21.813    23.0582  0.000e+00
    173.500  27.730061     21.910    23.0585  0.000e+00
    173.750  27.738371     22.016    23.0586  0.000e+00
    174.000  27.738371     22.127    23.0586  0.000e+00
    174.250  27.738738     22.229    23.0583  0.000e+00
    174.500  27.738738     22.291    23.0582  0.000e+00
    174.750  27.738555     22.317    23.0581  0.000e+00
    175.000  27.738555     22.337    23.0579  0.000e+00
    175.250  27.738922     22.366    23.0576  0.000e+00
    175.500  27.735072     22.393    23.0579  0.000e+00
    175.750  27.726335     22.415    23.0577  0.000e+00
    176.000  27.548639     22.438    23.0576  0.000e+00
    176.250  27.691825     22.463    23.0575  0.000e+00
    176.500  27.732995     22.485    23.0577  0.000e+00
    176.750  27.727313     22.502    23.0593  0.000e+00
    177.000  27.684619     22.507    23.0608  0.000e+00
    177.250  27.595768     22.508    23.0616  0.000e+00
    177.500  27.717843     22.509    23.0622  0.000e+00
    177.750  27.717660     22.513    23.0624  0.000e+00
    178.000  27.712346     22.510    23.0620  0.000e+00
    178.250  27.676315     22.497    23.0620  0.000e+00
    178.500  27.646954     22.475    23.0608  0.000e+00
    178.750  27.614921     22.449    23.0581  0.000e+00
    179.000  27.556259     22.423    23.0537  0.000e+00
    179.250  27.621022     22.383    23.0525  0.000e+00
    179.500  27.733423     22.316    23.0539  0.000e+00
    179.750  27.735988     22.177    23.0572  0.000e+00
    180.000  27.722851     22.006    23.0616  0.000e+00
    180.250  27.715276     21.828    23.0661  0.000e+00
    180.500  27.723583     21.649    23.0699  0.000e+00
    180.750  27.729142     21.479    23.0708  0.000e+00
    181.000  27.731341     21.312    23.0697  0.000e+00
    181.250  27.727675     21.146    23.0675  0.000e+00
    181.500  27.725414     20.977    23.0663  0.000e+00
    181.750  27.720649     20.837    23.0654  0.000e+00
    182.000  27.721382     20.699    23.0643  0.000e+00
    182.250  27.712524     20.548    23.0634  0.000e+00
    182.500  27.693834     20.399    23.0628  0.000e+00
    182.750  27.699575     20.285    23.0623  0.000e+00
    183.000  27.673135     20.178    23.0616  0.000e+00
    183.250  27.678507     20.047    23.0611  0.000e+00
    183.500  27.656957     19.891    23.0606  0.000e+00
    183.750  27.633705     19.726    23.0606  0.000e+00
    184.000  27.625589     19.532    23.0603  0.000e+00
    184.250  27.588624     19.314    23.0601  0.000e+00
    184.500  27.519563     19.123    23.0599  0.000e+00
    184.750  27.495013     18.938    23.0588  0.000e+00
    185.000  27.432975     18.741    23.0572  0.000e+00
    185.250  27.404257     18.550    23.0546  0.000e+00
    185.500  27.374151     18.383    23.0506  0.000e+00
    185.750  27.375610     18.230    23.0469  0.000e+00
    186.000  27.371354     18.098    23.0435  0.000e+00
    186.250  27.347765     18.010    23.0417  0.000e+00
    186.500  27.321328     17.912    23.0389  0.000e+00
    186.750  27.318472     17.766    23.0343  0.000e+00
    187.000  27.303526     17.582    23.0306  0.000e+00
    187.250  27.284088     17.398    23.0280  0.000e+00
    187.500  27.256095     17.214    23.0249  0.000e+00
    187.750  27.138105     17.040    23.0228  0.000e+00
    188.000  27.068613     16.910    23.0152  0.000e+00
    188.250  27.098172     16.813    23.0045  0.000e+00
    188.500  26.915078     16.721    22.9960  0.000e+00
    188.750  26.926381     16.613    22.9853  0.000e+00
    189.000  26.765723     16.504    22.9754  0.000e+00
    189.250  26.617633     16.389    22.9657  0.000e+00
    189.500  26.470083     16.256    22.9563  0.000e+00
    189.750  26.474228     16.096    22.9474  0.000e+00
    190.000  26.203402     15.932    22.9435  0.000e+00
    190.250  26.189699     15.805    22.9397  0.000e+00
    190.500  26.215911     15.688    22.9364  0.000e+00
    190.750  26.104665     15.570    22.9339  0.000e+00
    191.000  26.064277     15.469    22.9324  0.000e+00
    191.250  25.955352     15.388    22.9319  0.000e+00
    191.500  25.808253     15.305    22.9315  0.000e+00
    191.750  25.801647     15.205    22.9311  0.000e+00
    192.000  25.730804     15.108    22.9314  0.000e+00
    192.250  25.690744     15.027    22.9314  0.000e+00
    192.500  25.643283     14.927    22.9319  0.000e+00
    192.750  25.599652     14.784    22.9321  0.000e+00
    193.000  25.508441     14.624    22.9322  0.000e+00
    193.250  25.584046     14.487    22.9305  0.000e+00
    193.500  25.578351     14.362    22.9290  0.000e+00
    193.750  25.547330     14.233    22.9300  0.000e+00
    194.000  25.465780     14.098    22.9309  0.000e+00
    194.250  25.413498     13.980    22.9296  0.000e+00
    194.500  25.374741     13.872    22.9267  0.000e+00
    194.750  25.377226     13.763    22.9235  0.000e+00
    195.000  25.391129     13.658    22.9216  0.000e+00
    195.250  25.371369     13.583    22.9216  0.000e+00
    195.500  25.319511     13.515    22.9219  0.000e+00
    195.750  25.307750     13.418    22.9219  0.000e+00
    196.000  25.307572     13.273    22.9218  0.000e+00
