tests/resources/orca-test-data/SBE19plus/4794/4794_024_KiM.cnv
* Sea-Bird SBE19plus Data File:
* FileName = C:\Documents and Settings\stevens\Desktop\K131_2007\CTD\4794_024.hex
* Software Version 1.50
* Temperature SN =  4977
* Conductivity SN =  4977
* System UpLoad Time = Nov 26 2007 21:41:02
** K131 McMurdo SeaIce Work
** nov-dec 2007
** using chch plastic ctd
** times are local (NZ daylight savings)
# nquan = 8
# nvalues = 5253                                  
# units = specified
# name 0 = tv290C: Temperature [ITS-90, deg C]
# name 1 = c0mS/cm: Conductivity [mS/cm]
# name 2 = prdM: Pressure, Strain Gauge [db]
# name 3 = timeJ: Julian Days
# name 4 = f0: Frequency 0
# name 5 = f1: Frequency 1
# name 6 = f2: Frequency 2
# name 7 = flag:  0.000e+00
# span 0 =    -4.4537,    -1.9071                 
# span 1 =   0.012118,  27.377882                 
# span 2 =     -0.271,    357.246                 
# span 3 = 330.885521, 330.900718                 
# span 4 =     694176,     752173                 
# span 5 =   2603.594,   5024.031                 
# span 6 =     524315,     641680                 
# span 7 = 0.0000e+00, 0.0000e+00                 
# interval = seconds: 0.25
# start_time = Nov 26 2007 21:15:09 [Instrument's time stamp, header]
# bad_flag = -9.990e-29
*END*
[from data line 2158]
    -1.9893  11.640299     15.096 330.891765     696001   3825.230     529359  0.000e+00
    -1.9893  11.628303     15.093 330.891768     696001   3824.172     529358  0.000e+00
    -1.9893  11.617460     15.093 330.891771     696001   3823.215     529358  0.000e+00
    -1.9894  11.610646     15.096 330.891774     696003   3822.613     529359  0.000e+00
    -1.9895  11.605293     15.093 330.891777     696005   3822.141     529358  0.000e+00
    -1.9894  11.601090     15.096 330.891780     696002   3821.770     529359  0.000e+00
    -1.9894  11.593660     15.096 330.891782     696003   3821.113     529359  0.000e+00
    -1.9891  11.584771     15.093 330.891785     695997   3820.328     529358  0.000e+00
    -1.9893  11.575222     15.090 330.891788     696000   3819.484     529357  0.000e+00
    -1.9894  11.566205     15.090 330.891791     696002   3818.688     529357  0.000e+00
    -1.9892  11.556040     15.093 330.891794     695998   3817.789     529358  0.000e+00
    -1.9892  11.547116     15.093 330.891797     695999   3817.000     529358  0.000e+00
    -1.9891  11.538943     15.084 330.891800     695996   3816.277     529355  0.000e+00
    -1.9891  11.530729     15.087 330.891803     695996   3815.551     529356  0.000e+00
    -1.9889  11.524282     15.093 330.891806     695991   3814.980     529358  0.000e+00
    -1.9890  11.516909     15.093 330.891808     695995   3814.328     529358  0.000e+00
    -1.9887  11.508036     15.099 330.891811     695988   3813.543     529360  0.000e+00
    -1.9888  11.497621     15.093 330.891814     695989   3812.621     529358  0.000e+00
    -1.9890  11.481870     15.090 330.891817     695994   3811.227     529357  0.000e+00
    -1.9888  11.465200     15.090 330.891820     695989   3809.750     529357  0.000e+00
    -1.9888  11.453649     15.090 330.891823     695989   3808.727     529357  0.000e+00
    -1.9886  11.445010     15.093 330.891826     695986   3807.961     529358  0.000e+00
    -1.9885  11.433993     15.090 330.891829     695984   3806.984     529357  0.000e+00
    -1.9889  11.426459     15.099 330.891832     695991   3806.316     529360  0.000e+00
    -1.9886  11.424697     15.120 330.891834     695986   3806.160     529367  0.000e+00
    -1.9886  11.426636     15.120 330.891837     695985   3806.332     529367  0.000e+00
    -1.9883  11.429367     15.120 330.891840     695979   3806.574     529367  0.000e+00
    -1.9885  11.431438     15.120 330.891843     695983   3806.758     529367  0.000e+00
    -1.9885  11.433024     15.117 330.891846     695984   3806.898     529366  0.000e+00
    -1.9884  11.431746     15.126 330.891849     695980   3806.785     529369  0.000e+00
    -1.9886  11.431262     15.123 330.891852     695985   3806.742     529368  0.000e+00
    -1.9885  11.431922     15.114 330.891855     695983   3806.801     529365  0.000e+00
    -1.9885  11.441484     15.133 330.891858     695984   3807.648     529371  0.000e+00
    -1.9885  11.476269     15.199 330.891861     695982   3810.730     529393  0.000e+00
    -1.9882  11.581367     15.367 330.891863     695977   3820.027     529448  0.000e+00
    -1.9883  11.861613     15.623 330.891866     695978   3844.707     529532  0.000e+00
    -1.9881  12.232937     15.964 330.891869     695974   3877.164     529644  0.000e+00
    -1.9879  15.250757     16.357 330.891872     695970   4131.441     529773  0.000e+00
    -1.9871  21.546771     16.793 330.891875     695952   4616.719     529916  0.000e+00
    -1.9851  21.485574     17.253 330.891878     695907   4612.250     530067  0.000e+00
    -1.9819  21.267803     17.659 330.891881     695836   4596.313     530200  0.000e+00
    -1.9780  21.127459     18.000 330.891884     695749   4586.012     530312  0.000e+00
    -1.9739  21.065186     18.268 330.891887     695659   4581.434     530400  0.000e+00
    -1.9703  21.035082     18.439 330.891889     695578   4579.219     530456  0.000e+00
    -1.9671  21.008069     18.515 330.891892     695507   4577.230     530481  0.000e+00
    -1.9647  20.915181     18.530 330.891895     695455   4570.387     530486  0.000e+00
    -1.9622  20.834285     18.527 330.891898     695398   4564.418     530485  0.000e+00
    -1.9597  20.731624     18.582 330.891901     695343   4556.832     530503  0.000e+00
    -1.9573  20.641001     18.695 330.891904     695290   4550.125     530540  0.000e+00
    -1.9553  20.562522     18.887 330.891907     695246   4544.309     530603  0.000e+00
    -1.9528  20.487195     19.146 330.891910     695189   4538.719     530688  0.000e+00
    -1.9505  20.427517     19.432 330.891913     695138   4534.285     530782  0.000e+00
    -1.9486  20.374408     19.712 330.891916     695097   4530.336     530874  0.000e+00
    -1.9469  20.328061     19.993 330.891918     695058   4526.887     530966  0.000e+00
    -1.9452  20.284896     20.285 330.891921     695022   4523.672     531062  0.000e+00
    -1.9438  20.253708     20.553 330.891924     694991   4521.348     531150  0.000e+00
    -1.9424  20.229137     20.773 330.891927     694958   4519.516     531222  0.000e+00
    -1.9415  20.204104     20.962 330.891930     694938   4517.648     531284  0.000e+00
    -1.9405  20.176517     21.117 330.891933     694916   4515.590     531335  0.000e+00
    -1.9395  20.151767     21.288 330.891936     694895   4513.742     531391  0.000e+00
    -1.9389  20.133984     21.443 330.891939     694881   4512.414     531442  0.000e+00
    -1.9383  20.114323     21.568 330.891942     694868   4510.945     531483  0.000e+00
    -1.9378  20.096550     21.672 330.891944     694856   4509.617     531517  0.000e+00
    -1.9371  20.079671     21.769 330.891947     694841   4508.355     531549  0.000e+00
    -1.9368  20.062901     21.839 330.891950     694835   4507.102     531572  0.000e+00
    -1.9361  20.043002     21.937 330.891953     694820   4505.613     531604  0.000e+00
    -1.9359  20.024207     22.104 330.891956     694814   4504.207     531659  0.000e+00
    -1.9353  20.009540     22.327 330.891959     694801   4503.109     531732  0.000e+00
    -1.9349  19.997747     22.549 330.891962     694792   4502.227     531805  0.000e+00
    -1.9346  19.987730     22.726 330.891965     694786   4501.477     531863  0.000e+00
    -1.9344  19.976254     22.872 330.891968     694781   4500.617     531911  0.000e+00
    -1.9342  19.966657     22.973 330.891970     694776   4499.898     531944  0.000e+00
    -1.9339  19.956697     23.043 330.891973     694771   4499.152     531967  0.000e+00
    -1.9337  19.946374     23.095 330.891976     694766   4498.379     531984  0.000e+00
    -1.9333  19.935479     23.147 330.891979     694758   4497.563     532001  0.000e+00
    -1.9330  19.924742     23.241 330.891982     694751   4496.758     532032  0.000e+00
    -1.9328  19.915154     23.396 330.891985     694745   4496.039     532083  0.000e+00
    -1.9325  19.907339     23.570 330.891988     694739   4495.453     532140  0.000e+00
    -1.9324  19.898014     23.762 330.891991     694736   4494.754     532203  0.000e+00
    -1.9321  19.890878     23.948 330.891994     694731   4494.219     532264  0.000e+00
    -1.9318  19.883639     24.131 330.891997     694724   4493.676     532324  0.000e+00
    -1.9317  19.875256     24.326 330.891999     694721   4493.047     532388  0.000e+00
    -1.9320  19.872028     24.539 330.892002     694727   4492.805     532458  0.000e+00
    -1.9318  19.866978     24.731 330.892005     694724   4492.426     532521  0.000e+00
    -1.9318  19.863698     24.908 330.892008     694724   4492.180     532579  0.000e+00
    -1.9315  19.859221     25.057 330.892011     694716   4491.844     532628  0.000e+00
    -1.9314  19.854536     25.185 330.892014     694715   4491.492     532670  0.000e+00
    -1.9313  19.850112     25.331 330.892017     694713   4491.160     532718  0.000e+00
    -1.9315  19.847458     25.493 330.892020     694717   4490.961     532771  0.000e+00
    -1.9315  19.842826     25.642 330.892023     694717   4490.613     532820  0.000e+00
    -1.9315  19.839340     25.791 330.892025     694716   4490.352     532869  0.000e+00
    -1.9313  19.835541     25.938 330.892028     694712   4490.066     532917  0.000e+00
    -1.9312  19.832940     26.054 330.892031     694711   4489.871     532955  0.000e+00
    -1.9314  19.828465     26.163 330.892034     694714   4489.535     532991  0.000e+00
    -1.9314  19.823939     26.273 330.892037     694715   4489.195     533027  0.000e+00
    -1.9313  19.820818     26.389 330.892040     694713   4488.961     533065  0.000e+00
    -1.9313  19.817541     26.544 330.892043     694713   4488.715     533116  0.000e+00
    -1.9315  19.814420     26.712 330.892046     694717   4488.480     533171  0.000e+00
    -1.9313  19.812339     26.867 330.892049     694713   4488.324     533222  0.000e+00
    -1.9313  19.808439     27.038 330.892052     694713   4488.031     533278  0.000e+00
    -1.9313  19.805526     27.199 330.892054     694712   4487.813     533331  0.000e+00
    -1.9313  19.801210     27.382 330.892057     694712   4487.488     533391  0.000e+00
    -1.9313  19.799806     27.586 330.892060     694713   4487.383     533458  0.000e+00
    -1.9315  19.796738     27.781 330.892063     694717   4487.152     533522  0.000e+00
    -1.9315  19.794815     27.964 330.892066     694718   4487.008     533582  0.000e+00
    -1.9315  19.792891     28.122 330.892069     694717   4486.863     533634  0.000e+00
    -1.9316  19.789147     28.269 330.892072     694719   4486.582     533682  0.000e+00
    -1.9317  19.787120     28.412 330.892075     694722   4486.430     533729  0.000e+00
    -1.9315  19.785872     28.567 330.892078     694718   4486.336     533780  0.000e+00
    -1.9315  19.784365     28.720 330.892080     694718   4486.223     533830  0.000e+00
    -1.9317  19.781818     28.857 330.892083     694721   4486.031     533875  0.000e+00
    -1.9319  19.780518     28.988 330.892086     694726   4485.934     533918  0.000e+00
    -1.9316  19.777139     29.119 330.892089     694720   4485.680     533961  0.000e+00
    -1.9319  19.776880     29.250 330.892092     694726   4485.660     534004  0.000e+00
    -1.9319  19.775840     29.372 330.892095     694725   4485.582     534044  0.000e+00
    -1.9320  19.774385     29.472 330.892098     694728   4485.473     534077  0.000e+00
    -1.9322  19.773709     29.552 330.892101     694732   4485.422     534103  0.000e+00
    -1.9323  19.771006     29.622 330.892104     694735   4485.219     534126  0.000e+00
    -1.9323  19.771786     29.658 330.892106     694735   4485.277     534138  0.000e+00
    -1.9322  19.770071     29.695 330.892109     694733   4485.148     534150  0.000e+00
    -1.9325  19.770331     29.719 330.892112     694740   4485.168     534158  0.000e+00
    -1.9326  19.769863     29.734 330.892115     694741   4485.133     534163  0.000e+00
    -1.9327  19.767784     29.744 330.892118     694743   4484.977     534166  0.000e+00
    -1.9327  19.766225     29.762 330.892121     694743   4484.859     534172  0.000e+00
    -1.9329  19.768616     29.774 330.892124     694749   4485.039     534176  0.000e+00
    -1.9330  19.769603     29.786 330.892127     694751   4485.113     534180  0.000e+00
    -1.9332  19.767784     29.795 330.892130     694754   4484.977     534183  0.000e+00
    -1.9332  19.767368     29.817 330.892133     694754   4484.945     534190  0.000e+00
    -1.9331  19.766485     29.841 330.892135     694753   4484.879     534198  0.000e+00
    -1.9332  19.766225     29.853 330.892138     694755   4484.859     534202  0.000e+00
    -1.9335  19.765445     29.875 330.892141     694761   4484.801     534209  0.000e+00
    -1.9337  19.762587     29.896 330.892144     694765   4484.586     534216  0.000e+00
    -1.9340  19.756091     29.920 330.892147     694772   4484.098     534224  0.000e+00
    -1.9339  19.753960     29.951 330.892150     694771   4483.938     534234  0.000e+00
    -1.9343  19.753752     29.975 330.892153     694780   4483.922     534242  0.000e+00
    -1.9343  19.755207     30.003 330.892156     694780   4484.031     534251  0.000e+00
    -1.9347  19.756714     30.033 330.892159     694787   4484.145     534261  0.000e+00
    -1.9348  19.754168     30.063 330.892161     694790   4483.953     534271  0.000e+00
    -1.9348  19.755363     30.088 330.892164     694790   4484.043     534279  0.000e+00
    -1.9352  19.755208     30.124 330.892167     694798   4484.031     534291  0.000e+00
    -1.9353  19.755364     30.152 330.892170     694802   4484.043     534300  0.000e+00
    -1.9351  19.755675     30.188 330.892173     694797   4484.066     534312  0.000e+00
    -1.9356  19.758534     30.213 330.892176     694809   4484.281     534320  0.000e+00
    -1.9356  19.758638     30.246 330.892179     694807   4484.289     534331  0.000e+00
    -1.9356  19.759209     30.277 330.892182     694807   4484.332     534341  0.000e+00
    -1.9358  19.760093     30.310 330.892185     694812   4484.398     534352  0.000e+00
    -1.9359  19.759885     30.335 330.892187     694815   4484.383     534360  0.000e+00
    -1.9360  19.759262     30.368 330.892190     694817   4484.336     534371  0.000e+00
    -1.9361  19.759210     30.396 330.892193     694820   4484.332     534380  0.000e+00
    -1.9361  19.759262     30.441 330.892196     694820   4484.336     534395  0.000e+00
    -1.9362  19.759418     30.478 330.892199     694822   4484.348     534407  0.000e+00
    -1.9360  19.760093     30.511 330.892202     694817   4484.398     534418  0.000e+00
    -1.9363  19.759626     30.554 330.892205     694823   4484.363     534432  0.000e+00
    -1.9364  19.757547     30.600 330.892208     694825   4484.207     534447  0.000e+00
    -1.9363  19.756716     30.640 330.892211     694823   4484.145     534460  0.000e+00
    -1.9361  19.756092     30.688 330.892214     694820   4484.098     534476  0.000e+00
    -1.9360  19.754897     30.740 330.892216     694817   4484.008     534493  0.000e+00
    -1.9361  19.754377     30.783 330.892219     694820   4483.969     534507  0.000e+00
    -1.9361  19.751935     30.831 330.892222     694820   4483.785     534523  0.000e+00
    -1.9364  19.749909     30.871 330.892225     694826   4483.633     534536  0.000e+00
    -1.9364  19.751728     30.917 330.892228     694826   4483.770     534551  0.000e+00
    -1.9368  19.751416     30.956 330.892231     694835   4483.746     534564  0.000e+00
    -1.9368  19.751260     30.990 330.892234     694834   4483.734     534575  0.000e+00
    -1.9372  19.753079     31.029 330.892237     694843   4483.871     534588  0.000e+00
    -1.9374  19.753547     31.063 330.892240     694849   4483.906     534599  0.000e+00
    -1.9374  19.753287     31.103 330.892242     694849   4483.887     534612  0.000e+00
    -1.9376  19.753079     31.133 330.892245     694853   4483.871     534622  0.000e+00
    -1.9379  19.753287     31.179 330.892248     694858   4483.887     534637  0.000e+00
    -1.9379  19.755678     31.212 330.892251     694860   4484.066     534648  0.000e+00
    -1.9380  19.755574     31.249 330.892254     694861   4484.059     534660  0.000e+00
    -1.9383  19.754586     31.298 330.892257     694868   4483.984     534676  0.000e+00
    -1.9382  19.741077     31.331 330.892260     694866   4482.969     534687  0.000e+00
    -1.9386  19.737181     31.374 330.892263     694875   4482.676     534701  0.000e+00
    -1.9387  19.736298     31.413 330.892266     694876   4482.609     534714  0.000e+00
    -1.9388  19.736298     31.462 330.892269     694878   4482.609     534730  0.000e+00
    -1.9391  19.736765     31.502 330.892271     694885   4482.645     534743  0.000e+00
    -1.9392  19.737597     31.551 330.892274     694887   4482.707     534759  0.000e+00
    -1.9394  19.736766     31.596 330.892277     694893   4482.645     534774  0.000e+00
    -1.9396  19.737805     31.642 330.892280     694896   4482.723     534789  0.000e+00
