tests/resources/orca-test-data/SBE19plus/4794/4794_015_KiM.cnv
* Sea-Bird SBE19plus Data File:
* FileName = C:\Documents and Settings\stevens\Desktop\K131_2007\CTD\4794_015.hex
* Software Version 1.50
* Temperature SN =  4977
* Conductivity SN =  4977
* System UpLoad Time = Nov 26 2007 13:48:13
** K131 McMurdo SeaIce Work
** nov-dec 2007
** using chch plastic ctd
** times are local (NZ daylight savings)
# nquan = 8
# nvalues = 2689                                  
# units = specified
# name 0 = tv290C: Temperature [ITS-90, deg C]
# name 1 = c0mS/cm: Conductivity [mS/cm]
# name 2 = prdM: Pressure, Strain Gauge [db]
# name 3 = timeJ: Julian Days
# name 4 = f0: Frequency 0
# name 5 = f1: Frequency 1
# name 6 = f2: Frequency 2
# name 7 = flag:  0.000e+00
# span 0 =    -3.0120,    -1.9055                 
# span 1 =   0.050419,  27.383785                 
# span 2 =     -0.272,    362.316                 
# span 3 = 330.552199, 330.559977                 
# span 4 =     694141,     718974                 
# span 5 =   2608.559,   5024.426                 
# span 6 =     524319,     643345                 
# span 7 = 0.0000e+00, 0.0000e+00                 
# interval = seconds: 0.25
# start_time = Nov 26 2007 13:15:10 [Instrument's time stamp, header]
# bad_flag = -9.990e-29
*END*
[from data line 899]
    -2.1371  20.781642    347.004 330.554800     699290   4560.480     638317  0.000e+00
    -2.1372  20.784339    347.369 330.554803     699292   4560.680     638437  0.000e+00
    -2.1374  20.787036    347.732 330.554806     699297   4560.879     638556  0.000e+00
    -2.1373  20.788940    348.085 330.554809     699296   4561.020     638672  0.000e+00
    -2.1376  20.791690    348.438 330.554812     699301   4561.223     638788  0.000e+00
    -2.1377  20.794863    348.798 330.554815     699303   4561.457     638906  0.000e+00
    -2.1378  20.797983    349.151 330.554818     699306   4561.688     639022  0.000e+00
    -2.1377  20.800681    349.501 330.554821     699304   4561.887     639137  0.000e+00
    -2.1381  20.803272    349.854 330.554823     699312   4562.078     639253  0.000e+00
    -2.1383  20.805389    350.204 330.554826     699317   4562.234     639368  0.000e+00
    -2.1384  20.808721    350.564 330.554829     699319   4562.480     639486  0.000e+00
    -2.1384  20.811419    350.920 330.554832     699319   4562.680     639603  0.000e+00
    -2.1386  20.814329    351.282 330.554835     699325   4562.895     639722  0.000e+00
    -2.1390  20.817239    351.630 330.554838     699332   4563.109     639836  0.000e+00
    -2.1391  20.819990    351.989 330.554841     699336   4563.313     639954  0.000e+00
    -2.1393  20.822635    352.333 330.554844     699339   4563.508     640067  0.000e+00
    -2.1393  20.824435    352.683 330.554847     699339   4563.641     640182  0.000e+00
    -2.1395  20.827345    353.037 330.554850     699344   4563.855     640298  0.000e+00
    -2.1396  20.830255    353.381 330.554852     699347   4564.070     640411  0.000e+00
    -2.1398  20.833378    353.734 330.554855     699350   4564.301     640527  0.000e+00
    -2.1400  20.836236    354.087 330.554858     699355   4564.512     640643  0.000e+00
    -2.1402  20.839199    354.443 330.554861     699359   4564.730     640760  0.000e+00
    -2.1403  20.841899    354.803 330.554864     699362   4564.930     640878  0.000e+00
    -2.1404  20.845074    355.159 330.554867     699364   4565.164     640995  0.000e+00
    -2.1406  20.848197    355.506 330.554870     699369   4565.395     641109  0.000e+00
    -2.1408  20.850685    355.856 330.554873     699372   4565.578     641224  0.000e+00
    -2.1410  20.853227    356.222 330.554876     699378   4565.766     641344  0.000e+00
    -2.1412  20.855821    356.581 330.554878     699382   4565.957     641462  0.000e+00
    -2.1413  20.858997    356.925 330.554881     699384   4566.191     641575  0.000e+00
    -2.1414  20.861909    357.263 330.554884     699386   4566.406     641686  0.000e+00
    -2.1416  20.863921    357.565 330.554887     699391   4566.555     641785  0.000e+00
    -2.1418  20.867045    357.827 330.554890     699395   4566.785     641871  0.000e+00
    -2.1422  20.870751    358.083 330.554893     699405   4567.059     641955  0.000e+00
    -2.1426  20.872446    358.366 330.554896     699414   4567.184     642048  0.000e+00
    -2.1432  20.874035    358.689 330.554899     699426   4567.301     642154  0.000e+00
    -2.1434  20.876947    359.005 330.554902     699430   4567.516     642258  0.000e+00
    -2.1438  20.879648    359.334 330.554905     699439   4567.715     642366  0.000e+00
    -2.1440  20.883250    359.666 330.554907     699444   4567.980     642475  0.000e+00
    -2.1442  20.886533    359.995 330.554910     699449   4568.223     642583  0.000e+00
    -2.1445  20.889764    360.330 330.554913     699455   4568.461     642693  0.000e+00
    -2.1447  20.893154    360.665 330.554916     699460   4568.711     642803  0.000e+00
    -2.1447  20.896757    361.009 330.554919     699460   4568.977     642916  0.000e+00
    -2.1448  20.899670    361.341 330.554922     699463   4569.191     643025  0.000e+00
    -2.1452  20.901895    361.612 330.554925     699470   4569.355     643114  0.000e+00
    -2.1453  20.904597    361.840 330.554928     699473   4569.555     643189  0.000e+00
    -2.1456  20.909365    362.026 330.554931     699480   4569.906     643250  0.000e+00
    -2.1461  20.918372    362.145 330.554933     699491   4570.570     643289  0.000e+00
    -2.1469  20.923511    362.178 330.554936     699508   4570.949     643300  0.000e+00
    -2.1481  20.922399    362.148 330.554939     699536   4570.867     643290  0.000e+00
    -2.1492  20.922875    362.105 330.554942     699560   4570.902     643276  0.000e+00
    -2.1499  20.924889    362.108 330.554945     699576   4571.051     643277  0.000e+00
    -2.1505  20.931619    362.133 330.554948     699590   4571.547     643285  0.000e+00
    -2.1509  20.937713    362.148 330.554951     699598   4571.996     643290  0.000e+00
    -2.1516  20.939091    362.160 330.554954     699614   4572.098     643294  0.000e+00
    -2.1523  20.939515    362.142 330.554957     699629   4572.129     643288  0.000e+00
    -2.1528  20.941105    362.139 330.554959     699641   4572.246     643287  0.000e+00
    -2.1534  20.944922    362.151 330.554962     699653   4572.527     643291  0.000e+00
    -2.1537  20.949215    362.163 330.554965     699661   4572.844     643295  0.000e+00
    -2.1542  20.951230    362.160 330.554968     699671   4572.992     643294  0.000e+00
    -2.1546  20.951654    362.160 330.554971     699680   4573.023     643294  0.000e+00
    -2.1551  20.953032    362.157 330.554974     699691   4573.125     643293  0.000e+00
    -2.1555  20.955789    362.166 330.554977     699700   4573.328     643296  0.000e+00
    -2.1558  20.958705    362.172 330.554980     699707   4573.543     643298  0.000e+00
    -2.1560  20.960507    362.175 330.554983     699713   4573.676     643299  0.000e+00
    -2.1564  20.961621    362.163 330.554986     699721   4573.758     643295  0.000e+00
    -2.1568  20.962999    362.160 330.554988     699729   4573.859     643294  0.000e+00
    -2.1570  20.964908    362.166 330.554991     699735   4574.000     643296  0.000e+00
    -2.1573  20.967294    362.169 330.554994     699740   4574.176     643297  0.000e+00
    -2.1575  20.968408    362.166 330.554997     699745   4574.258     643296  0.000e+00
    -2.1578  20.969521    362.169 330.555000     699752   4574.340     643297  0.000e+00
    -2.1579  20.971112    362.163 330.555003     699755   4574.457     643295  0.000e+00
    -2.1581  20.972438    362.169 330.555006     699759   4574.555     643297  0.000e+00
    -2.1584  20.974506    362.166 330.555009     699765   4574.707     643296  0.000e+00
    -2.1587  20.978112    362.185 330.555012     699771   4574.973     643302  0.000e+00
    -2.1587  20.983416    362.194 330.555014     699773   4575.363     643305  0.000e+00
    -2.1589  20.985113    362.194 330.555017     699777   4575.488     643305  0.000e+00
    -2.1591  20.984423    362.175 330.555020     699781   4575.438     643299  0.000e+00
    -2.1592  20.985325    362.178 330.555023     699784   4575.504     643300  0.000e+00
    -2.1594  20.990099    362.209 330.555026     699788   4575.855     643310  0.000e+00
    -2.1595  20.995934    362.233 330.555029     699790   4576.285     643318  0.000e+00
    -2.1595  20.997101    362.236 330.555032     699791   4576.371     643319  0.000e+00
    -2.1598  20.996411    362.224 330.555035     699796   4576.320     643315  0.000e+00
    -2.1599  20.998374    362.227 330.555038     699798   4576.465     643316  0.000e+00
    -2.1600  20.999595    362.236 330.555041     699802   4576.555     643319  0.000e+00
    -2.1601  21.002990    362.255 330.555043     699803   4576.805     643325  0.000e+00
    -2.1601  21.007712    362.276 330.555046     699804   4577.152     643332  0.000e+00
    -2.1603  21.011320    362.279 330.555049     699808   4577.418     643333  0.000e+00
    -2.1603  21.009516    362.270 330.555052     699808   4577.285     643330  0.000e+00
    -2.1604  21.009304    362.264 330.555055     699810   4577.270     643328  0.000e+00
    -2.1606  21.011798    362.267 330.555058     699814   4577.453     643329  0.000e+00
    -2.1606  21.015247    362.273 330.555061     699815   4577.707     643331  0.000e+00
    -2.1607  21.016521    362.273 330.555064     699817   4577.801     643331  0.000e+00
    -2.1608  21.016308    362.270 330.555067     699820   4577.785     643330  0.000e+00
    -2.1608  21.017688    362.273 330.555069     699820   4577.887     643331  0.000e+00
    -2.1608  21.019705    362.264 330.555072     699820   4578.035     643328  0.000e+00
    -2.1609  21.021721    362.270 330.555075     699821   4578.184     643330  0.000e+00
    -2.1609  21.022199    362.273 330.555078     699822   4578.219     643331  0.000e+00
    -2.1609  21.022624    362.270 330.555081     699822   4578.250     643330  0.000e+00
    -2.1611  21.024003    362.273 330.555084     699825   4578.352     643331  0.000e+00
    -2.1610  21.025171    362.273 330.555087     699824   4578.438     643331  0.000e+00
    -2.1611  21.026020    362.279 330.555090     699825   4578.500     643333  0.000e+00
    -2.1613  21.026286    362.270 330.555093     699830   4578.520     643330  0.000e+00
    -2.1613  21.026923    362.276 330.555095     699831   4578.566     643332  0.000e+00
    -2.1613  21.027878    362.270 330.555098     699830   4578.637     643330  0.000e+00
    -2.1612  21.028993    362.267 330.555101     699828   4578.719     643329  0.000e+00
    -2.1613  21.029417    362.273 330.555104     699829   4578.750     643331  0.000e+00
    -2.1613  21.029205    362.270 330.555107     699831   4578.734     643330  0.000e+00
    -2.1614  21.029736    362.267 330.555110     699832   4578.773     643329  0.000e+00
    -2.1614  21.032177    362.273 330.555113     699833   4578.953     643331  0.000e+00
    -2.1614  21.035097    362.279 330.555116     699833   4579.168     643333  0.000e+00
    -2.1614  21.036477    362.288 330.555119     699832   4579.270     643336  0.000e+00
    -2.1614  21.036902    362.288 330.555122     699832   4579.301     643336  0.000e+00
    -2.1614  21.038016    362.297 330.555124     699833   4579.383     643339  0.000e+00
    -2.1616  21.040777    362.300 330.555127     699837   4579.586     643340  0.000e+00
    -2.1616  21.043697    362.313 330.555130     699836   4579.801     643344  0.000e+00
    -2.1616  21.046192    362.316 330.555133     699836   4579.984     643345  0.000e+00
    -2.1616  21.044971    362.306 330.555136     699836   4579.895     643342  0.000e+00
    -2.1617  21.045767    362.303 330.555139     699838   4579.953     643341  0.000e+00
    -2.1617  21.047785    362.297 330.555142     699839   4580.102     643339  0.000e+00
    -2.1617  21.050068    362.303 330.555145     699838   4580.270     643341  0.000e+00
    -2.1618  21.051183    362.300 330.555148     699842   4580.352     643340  0.000e+00
    -2.1618  21.051661    362.300 330.555150     699841   4580.387     643340  0.000e+00
    -2.1618  21.052298    362.294 330.555153     699841   4580.434     643338  0.000e+00
    -2.1619  21.054581    362.297 330.555156     699843   4580.602     643339  0.000e+00
    -2.1617  21.056174    362.294 330.555159     699839   4580.719     643338  0.000e+00
    -2.1618  21.056387    362.285 330.555162     699841   4580.734     643335  0.000e+00
    -2.1619  21.057077    362.285 330.555165     699844   4580.785     643335  0.000e+00
    -2.1618  21.058192    362.291 330.555168     699841   4580.867     643337  0.000e+00
    -2.1619  21.059785    362.297 330.555171     699844   4580.984     643339  0.000e+00
    -2.1619  21.060953    362.285 330.555174     699843   4581.070     643335  0.000e+00
    -2.1618  21.061378    362.285 330.555177     699841   4581.102     643335  0.000e+00
    -2.1619  21.062069    362.285 330.555179     699844   4581.152     643335  0.000e+00
    -2.1619  21.063184    362.279 330.555182     699843   4581.234     643333  0.000e+00
    -2.1618  21.064565    362.291 330.555185     699842   4581.336     643337  0.000e+00
    -2.1619  21.065468    362.288 330.555188     699844   4581.402     643336  0.000e+00
    -2.1619  21.065786    362.285 330.555191     699844   4581.426     643335  0.000e+00
    -2.1619  21.066848    362.282 330.555194     699844   4581.504     643334  0.000e+00
    -2.1618  21.068176    362.279 330.555197     699842   4581.602     643333  0.000e+00
    -2.1618  21.068867    362.279 330.555200     699842   4581.652     643333  0.000e+00
    -2.1620  21.069345    362.276 330.555203     699846   4581.688     643332  0.000e+00
    -2.1619  21.069982    362.276 330.555205     699843   4581.734     643332  0.000e+00
    -2.1620  21.070885    362.273 330.555208     699846   4581.801     643331  0.000e+00
    -2.1619  21.072053    362.273 330.555211     699843   4581.887     643331  0.000e+00
    -2.1619  21.072956    362.267 330.555214     699844   4581.953     643329  0.000e+00
    -2.1619  21.073169    362.267 330.555217     699843   4581.969     643329  0.000e+00
    -2.1619  21.073753    362.273 330.555220     699843   4582.012     643331  0.000e+00
    -2.1620  21.074550    362.270 330.555223     699846   4582.070     643330  0.000e+00
    -2.1619  21.075453    362.264 330.555226     699844   4582.137     643328  0.000e+00
    -2.1619  21.075665    362.270 330.555229     699844   4582.152     643330  0.000e+00
    -2.1620  21.076568    362.267 330.555231     699845   4582.219     643329  0.000e+00
    -2.1619  21.077737    362.267 330.555234     699844   4582.305     643329  0.000e+00
    -2.1619  21.078640    362.264 330.555237     699843   4582.371     643328  0.000e+00
    -2.1620  21.079065    362.261 330.555240     699846   4582.402     643327  0.000e+00
    -2.1619  21.079968    362.261 330.555243     699843   4582.469     643327  0.000e+00
    -2.1620  21.080871    362.264 330.555246     699846   4582.535     643328  0.000e+00
    -2.1619  21.081721    362.264 330.555249     699844   4582.598     643328  0.000e+00
    -2.1619  21.082465    362.264 330.555252     699844   4582.652     643328  0.000e+00
    -2.1620  21.083155    362.267 330.555255     699845   4582.703     643329  0.000e+00
    -2.1620  21.084058    362.261 330.555258     699846   4582.770     643327  0.000e+00
    -2.1619  21.084961    362.255 330.555260     699843   4582.836     643325  0.000e+00
    -2.1619  21.085865    362.255 330.555263     699844   4582.902     643325  0.000e+00
    -2.1620  21.086768    362.255 330.555266     699845   4582.969     643325  0.000e+00
    -2.1620  21.087937    362.258 330.555269     699845   4583.055     643326  0.000e+00
    -2.1619  21.088840    362.252 330.555272     699843   4583.121     643324  0.000e+00
    -2.1620  21.089743    362.255 330.555275     699845   4583.188     643325  0.000e+00
    -2.1619  21.090434    362.261 330.555278     699844   4583.238     643327  0.000e+00
    -2.1620  21.091337    362.261 330.555281     699846   4583.305     643327  0.000e+00
    -2.1620  21.092240    362.255 330.555284     699845   4583.371     643325  0.000e+00
    -2.1619  21.093143    362.258 330.555286     699843   4583.438     643326  0.000e+00
    -2.1619  21.094047    362.261 330.555289     699843   4583.504     643327  0.000e+00
    -2.1619  21.094950    362.264 330.555292     699843   4583.570     643328  0.000e+00
    -2.1620  21.095641    362.258 330.555295     699845   4583.621     643326  0.000e+00
    -2.1620  21.096331    362.261 330.555298     699845   4583.672     643327  0.000e+00
    -2.1619  21.097235    362.258 330.555301     699843   4583.738     643326  0.000e+00
    -2.1620  21.097925    362.261 330.555304     699845   4583.789     643327  0.000e+00
    -2.1618  21.098669    362.258 330.555307     699842   4583.844     643326  0.000e+00
    -2.1617  21.099520    362.255 330.555310     699839   4583.906     643325  0.000e+00
    -2.1618  21.100423    362.261 330.555313     699842   4583.973     643327  0.000e+00
    -2.1619  21.101326    362.255 330.555315     699843   4584.039     643325  0.000e+00
