tests/resources/orca-test-data/SBE19plus/4794/4794_034_KiM.cnv
* Sea-Bird SBE19plus Data File:
* FileName = C:\Documents and Settings\stevens\Desktop\K131_2007\CTD\4794_034.hex
* Software Version 1.50
* Temperature SN =  4977
* Conductivity SN =  4977
* System UpLoad Time = Nov 27 2007 06:48:40
** K131 McMurdo SeaIce Work
** nov-dec 2007
** using chch plastic ctd
** times are local (NZ daylight savings)
# nquan = 8
# nvalues = 8051                                  
# units = specified
# name 0 = tv290C: Temperature [ITS-90, deg C]
# name 1 = c0mS/cm: Conductivity [mS/cm]
# name 2 = prdM: Pressure, Strain Gauge [db]
# name 3 = timeJ: Julian Days
# name 4 = f0: Frequency 0
# name 5 = f1: Frequency 1
# name 6 = f2: Frequency 2
# name 7 = flag:  0.000e+00
# span 0 =    -2.7533,    -1.9108                 
# span 1 =  -0.141852,  27.366048                 
# span 2 =     -0.280,    358.239                 
# span 3 = 331.258160, 331.281453                 
# span 4 =     694257,     713117                 
# span 5 =   2583.539,   5023.238                 
# span 6 =     524312,     642006                 
# span 7 = 0.0000e+00, 0.0000e+00                 
# interval = seconds: 0.25
# start_time = Nov 27 2007 06:11:45 [Instrument's time stamp, header]
# bad_flag = -9.990e-29
*END*
[from data line 5034]
    -1.9490  27.147022     36.300 331.272726     695106   5008.598     536317  0.000e+00
    -1.9491  27.146615     36.398 331.272729     695107   5008.570     536349  0.000e+00
    -1.9489  27.146092     36.510 331.272731     695104   5008.535     536386  0.000e+00
    -1.9489  27.147023     36.663 331.272734     695104   5008.598     536436  0.000e+00
    -1.9489  27.146384     36.836 331.272737     695103   5008.555     536493  0.000e+00
    -1.9488  27.146442     36.977 331.272740     695102   5008.559     536539  0.000e+00
    -1.9490  27.146617     37.108 331.272743     695105   5008.570     536582  0.000e+00
    -1.9489  27.146443     37.227 331.272746     695103   5008.559     536621  0.000e+00
    -1.9488  27.146618     37.330 331.272749     695102   5008.570     536655  0.000e+00
    -1.9488  27.147025     37.427 331.272752     695101   5008.598     536687  0.000e+00
    -1.9490  27.147722     37.525 331.272755     695105   5008.645     536719  0.000e+00
    -1.9490  27.147142     37.647 331.272758     695105   5008.605     536759  0.000e+00
    -1.9489  27.146444     37.802 331.272760     695104   5008.559     536810  0.000e+00
    -1.9488  27.147433     37.949 331.272763     695102   5008.625     536858  0.000e+00
    -1.9490  27.147550     38.080 331.272766     695106   5008.633     536901  0.000e+00
    -1.9490  27.147957     38.189 331.272769     695105   5008.660     536937  0.000e+00
    -1.9489  27.147259     38.284 331.272772     695104   5008.613     536968  0.000e+00
    -1.9491  27.146620     38.357 331.272775     695108   5008.570     536992  0.000e+00
    -1.9491  27.147957     38.430 331.272778     695107   5008.660     537016  0.000e+00
    -1.9489  27.147260     38.497 331.272781     695104   5008.613     537038  0.000e+00
    -1.9488  27.147958     38.555 331.272784     695102   5008.660     537057  0.000e+00
    -1.9489  27.147260     38.649 331.272786     695104   5008.613     537088  0.000e+00
    -1.9489  27.147958     38.777 331.272789     695103   5008.660     537130  0.000e+00
    -1.9489  27.147261     38.918 331.272792     695103   5008.613     537176  0.000e+00
    -1.9490  27.147726     39.049 331.272795     695105   5008.645     537219  0.000e+00
    -1.9489  27.148250     39.167 331.272798     695103   5008.680     537258  0.000e+00
    -1.9490  27.147029     39.274 331.272801     695105   5008.598     537293  0.000e+00
    -1.9490  27.147960     39.372 331.272804     695106   5008.660     537325  0.000e+00
    -1.9490  27.147553     39.460 331.272807     695105   5008.633     537354  0.000e+00
    -1.9489  27.147437     39.545 331.272810     695104   5008.625     537382  0.000e+00
    -1.9491  27.148426     39.646 331.272812     695107   5008.691     537415  0.000e+00
    -1.9489  27.148775     39.789 331.272815     695103   5008.715     537462  0.000e+00
    -1.9489  27.148426     39.957 331.272818     695103   5008.691     537517  0.000e+00
    -1.9488  27.147729     40.127 331.272821     695102   5008.645     537573  0.000e+00
    -1.9489  27.147730     40.280 331.272824     695104   5008.645     537623  0.000e+00
    -1.9490  27.148660     40.435 331.272827     695105   5008.707     537674  0.000e+00
    -1.9490  27.147730     40.590 331.272830     695105   5008.645     537725  0.000e+00
    -1.9488  27.148138     40.770 331.272833     695102   5008.672     537784  0.000e+00
    -1.9488  27.148487     40.974 331.272836     695102   5008.695     537851  0.000e+00
    -1.9488  27.148662     41.187 331.272839     695102   5008.707     537921  0.000e+00
    -1.9490  27.148779     41.392 331.272841     695105   5008.715     537988  0.000e+00
    -1.9488  27.149012     41.587 331.272844     695102   5008.730     538052  0.000e+00
    -1.9488  27.149536     41.800 331.272847     695101   5008.766     538122  0.000e+00
    -1.9488  27.149304     42.025 331.272850     695102   5008.750     538196  0.000e+00
    -1.9488  27.149246     42.263 331.272853     695100   5008.746     538274  0.000e+00
    -1.9489  27.150061     42.495 331.272856     695104   5008.801     538350  0.000e+00
    -1.9488  27.149247     42.714 331.272859     695102   5008.746     538422  0.000e+00
    -1.9488  27.149306     42.952 331.272862     695101   5008.750     538500  0.000e+00
    -1.9489  27.149830     43.192 331.272865     695103   5008.785     538579  0.000e+00
    -1.9488  27.150354     43.436 331.272867     695102   5008.820     538659  0.000e+00
    -1.9488  27.150064     43.668 331.272870     695102   5008.801     538735  0.000e+00
    -1.9488  27.149541     43.912 331.272873     695100   5008.766     538815  0.000e+00
    -1.9488  27.149832     44.180 331.272876     695102   5008.785     538903  0.000e+00
    -1.9489  27.150356     44.454 331.272879     695103   5008.820     538993  0.000e+00
    -1.9488  27.150590     44.716 331.272882     695102   5008.836     539079  0.000e+00
    -1.9488  27.150648     44.975 331.272885     695100   5008.840     539164  0.000e+00
    -1.9488  27.150591     45.264 331.272888     695102   5008.836     539259  0.000e+00
    -1.9490  27.150592     45.548 331.272891     695105   5008.836     539352  0.000e+00
    -1.9489  27.151232     45.816 331.272894     695103   5008.879     539440  0.000e+00
    -1.9489  27.150884     46.093 331.272896     695103   5008.855     539531  0.000e+00
    -1.9488  27.151756     46.377 331.272899     695102   5008.914     539624  0.000e+00
    -1.9488  27.151176     46.645 331.272902     695101   5008.875     539712  0.000e+00
    -1.9488  27.151235     46.891 331.272905     695100   5008.879     539793  0.000e+00
    -1.9487  27.151700     47.163 331.272908     695099   5008.910     539882  0.000e+00
    -1.9487  27.151178     47.419 331.272911     695098   5008.875     539966  0.000e+00
    -1.9487  27.152341     47.687 331.272914     695098   5008.953     540054  0.000e+00
    -1.9487  27.151935     47.918 331.272917     695098   5008.926     540130  0.000e+00
    -1.9486  27.152342     48.162 331.272920     695097   5008.953     540210  0.000e+00
    -1.9489  27.151936     48.424 331.272922     695103   5008.926     540296  0.000e+00
    -1.9488  27.152867     48.671 331.272925     695101   5008.988     540377  0.000e+00
    -1.9488  27.152751     48.902 331.272928     695100   5008.980     540453  0.000e+00
    -1.9486  27.152752     49.122 331.272931     695096   5008.980     540525  0.000e+00
    -1.9488  27.152055     49.366 331.272934     695102   5008.934     540605  0.000e+00
    -1.9488  27.152753     49.606 331.272937     695101   5008.980     540684  0.000e+00
    -1.9489  27.153161     49.826 331.272940     695104   5009.008     540756  0.000e+00
    -1.9489  27.153801     50.042 331.272943     695103   5009.051     540827  0.000e+00
    -1.9489  27.153162     50.258 331.272946     695103   5009.008     540898  0.000e+00
    -1.9489  27.153279     50.502 331.272948     695104   5009.016     540978  0.000e+00
    -1.9488  27.153163     50.728 331.272951     695102   5009.008     541052  0.000e+00
    -1.9488  27.153280     50.932 331.272954     695101   5009.016     541119  0.000e+00
    -1.9488  27.153280     51.133 331.272957     695102   5009.016     541185  0.000e+00
    -1.9487  27.153746     51.352 331.272960     695099   5009.047     541257  0.000e+00
    -1.9487  27.153805     51.568 331.272963     695098   5009.051     541328  0.000e+00
    -1.9487  27.153456     51.791 331.272966     695099   5009.027     541401  0.000e+00
    -1.9487  27.154852     51.989 331.272969     695098   5009.121     541466  0.000e+00
    -1.9487  27.154271     52.184 331.272972     695099   5009.082     541530  0.000e+00
    -1.9488  27.154330     52.400 331.272975     695101   5009.086     541601  0.000e+00
    -1.9486  27.154331     52.626 331.272977     695097   5009.086     541675  0.000e+00
    -1.9487  27.154273     52.845 331.272980     695099   5009.082     541747  0.000e+00
    -1.9486  27.154332     53.040 331.272983     695096   5009.086     541811  0.000e+00
    -1.9487  27.154274     53.208 331.272986     695098   5009.082     541866  0.000e+00
    -1.9486  27.155146     53.400 331.272989     695097   5009.141     541929  0.000e+00
    -1.9485  27.154042     53.613 331.272992     695095   5009.066     541999  0.000e+00
    -1.9485  27.154334     53.820 331.272995     695095   5009.086     542067  0.000e+00
    -1.9486  27.155380     53.994 331.272998     695097   5009.156     542124  0.000e+00
    -1.9485  27.154858     54.152 331.273001     695094   5009.121     542176  0.000e+00
    -1.9485  27.155672     54.308 331.273003     695094   5009.176     542227  0.000e+00
    -1.9484  27.155440     54.484 331.273006     695092   5009.160     542285  0.000e+00
    -1.9485  27.155382     54.661 331.273009     695094   5009.156     542343  0.000e+00
    -1.9486  27.155150     54.832 331.273012     695096   5009.141     542399  0.000e+00
    -1.9484  27.155674     54.990 331.273015     695093   5009.176     542451  0.000e+00
    -1.9485  27.155674     55.127 331.273018     695095   5009.176     542496  0.000e+00
    -1.9485  27.155965     55.252 331.273021     695095   5009.195     542537  0.000e+00
    -1.9486  27.155675     55.392 331.273024     695096   5009.176     542583  0.000e+00
    -1.9484  27.156838     55.557 331.273027     695093   5009.254     542637  0.000e+00
    -1.9485  27.156431     55.737 331.273030     695094   5009.227     542696  0.000e+00
    -1.9485  27.155676     55.907 331.273032     695095   5009.176     542752  0.000e+00
    -1.9484  27.155909     56.069 331.273035     695092   5009.191     542805  0.000e+00
    -1.9485  27.156258     56.215 331.273038     695095   5009.215     542853  0.000e+00
    -1.9484  27.155910     56.367 331.273041     695093   5009.191     542903  0.000e+00
    -1.9485  27.155910     56.544 331.273044     695095   5009.191     542961  0.000e+00
    -1.9485  27.156260     56.736 331.273047     695094   5009.215     543024  0.000e+00
    -1.9485  27.156202     56.919 331.273050     695094   5009.211     543084  0.000e+00
    -1.9483  27.156842     57.080 331.273053     695091   5009.254     543137  0.000e+00
    -1.9485  27.156435     57.227 331.273056     695094   5009.227     543185  0.000e+00
    -1.9484  27.156261     57.367 331.273058     695092   5009.215     543231  0.000e+00
    -1.9484  27.156959     57.525 331.273061     695092   5009.262     543283  0.000e+00
    -1.9483  27.156204     57.714 331.273064     695089   5009.211     543345  0.000e+00
    -1.9484  27.156844     57.894 331.273067     695092   5009.254     543404  0.000e+00
    -1.9484  27.156728     58.055 331.273070     695092   5009.246     543457  0.000e+00
    -1.9483  27.157077     58.211 331.273073     695090   5009.270     543508  0.000e+00
    -1.9483  27.157485     58.351 331.273076     695090   5009.297     543554  0.000e+00
    -1.9482  27.157369     58.500 331.273079     695087   5009.289     543603  0.000e+00
    -1.9482  27.157776     58.674 331.273082     695087   5009.316     543660  0.000e+00
    -1.9481  27.158009     58.854 331.273084     695085   5009.332     543719  0.000e+00
    -1.9482  27.157370     59.030 331.273087     695088   5009.289     543777  0.000e+00
    -1.9481  27.157778     59.186 331.273090     695086   5009.316     543828  0.000e+00
    -1.9483  27.157080     59.329 331.273093     695090   5009.270     543875  0.000e+00
    -1.9483  27.157255     59.469 331.273096     695090   5009.281     543921  0.000e+00
    -1.9483  27.157953     59.634 331.273099     695090   5009.328     543975  0.000e+00
    -1.9483  27.158302     59.835 331.273102     695090   5009.352     544041  0.000e+00
    -1.9482  27.158826     60.014 331.273105     695088   5009.387     544100  0.000e+00
    -1.9480  27.158536     60.194 331.273108     695083   5009.367     544159  0.000e+00
    -1.9481  27.158304     60.359 331.273111     695085   5009.352     544213  0.000e+00
    -1.9481  27.157955     60.523 331.273113     695085   5009.328     544267  0.000e+00
    -1.9481  27.158595     60.709 331.273116     695086   5009.371     544328  0.000e+00
    -1.9483  27.158247     60.907 331.273119     695089   5009.348     544393  0.000e+00
    -1.9482  27.159352     61.114 331.273122     695088   5009.422     544461  0.000e+00
    -1.9480  27.158829     61.303 331.273125     695083   5009.387     544523  0.000e+00
    -1.9481  27.159062     61.483 331.273128     695086   5009.402     544582  0.000e+00
    -1.9479  27.159644     61.675 331.273131     695080   5009.441     544645  0.000e+00
    -1.9478  27.159064     61.891 331.273134     695078   5009.402     544716  0.000e+00
    -1.9479  27.159878     62.105 331.273137     695081   5009.457     544786  0.000e+00
    -1.9478  27.160460     62.309 331.273139     695079   5009.496     544853  0.000e+00
    -1.9476  27.160402     62.498 331.273142     695074   5009.492     544915  0.000e+00
    -1.9476  27.160461     62.693 331.273145     695074   5009.496     544979  0.000e+00
    -1.9475  27.160694     62.924 331.273148     695073   5009.512     545055  0.000e+00
    -1.9475  27.159881     63.147 331.273151     695073   5009.457     545128  0.000e+00
    -1.9476  27.160172     63.357 331.273154     695074   5009.477     545197  0.000e+00
    -1.9478  27.159649     63.552 331.273157     695078   5009.441     545261  0.000e+00
    -1.9479  27.160173     63.756 331.273160     695081   5009.477     545328  0.000e+00
    -1.9477  27.159883     63.988 331.273163     695076   5009.457     545404  0.000e+00
    -1.9479  27.160756     64.204 331.273166     695080   5009.516     545475  0.000e+00
    -1.9480  27.160407     64.417 331.273168     695084   5009.492     545545  0.000e+00
    -1.9481  27.160175     64.618 331.273171     695085   5009.477     545611  0.000e+00
    -1.9479  27.160467     64.834 331.273174     695082   5009.496     545682  0.000e+00
    -1.9479  27.160932     65.066 331.273177     695082   5009.527     545758  0.000e+00
    -1.9479  27.159944     65.289 331.273180     695082   5009.461     545831  0.000e+00
    -1.9482  27.160410     65.483 331.273183     695087   5009.492     545895  0.000e+00
    -1.9482  27.161050     65.682 331.273186     695088   5009.535     545960  0.000e+00
    -1.9481  27.160179     65.901 331.273189     695085   5009.477     546032  0.000e+00
    -1.9481  27.160702     66.126 331.273192     695086   5009.512     546106  0.000e+00
    -1.9483  27.160761     66.334 331.273194     695089   5009.516     546174  0.000e+00
    -1.9481  27.160936     66.507 331.273197     695085   5009.527     546231  0.000e+00
    -1.9481  27.160762     66.702 331.273200     695085   5009.516     546295  0.000e+00
    -1.9482  27.160937     66.925 331.273203     695088   5009.527     546368  0.000e+00
    -1.9483  27.162159     67.135 331.273206     695089   5009.609     546437  0.000e+00
    -1.9482  27.161752     67.333 331.273209     695088   5009.582     546502  0.000e+00
    -1.9482  27.161753     67.504 331.273212     695088   5009.582     546558  0.000e+00
    -1.9482  27.161579     67.696 331.273215     695088   5009.570     546621  0.000e+00
    -1.9483  27.162044     67.900 331.273218     695089   5009.602     546688  0.000e+00
    -1.9482  27.162452     68.116 331.273220     695088   5009.629     546759  0.000e+00
    -1.9483  27.161755     68.308 331.273223     695089   5009.582     546822  0.000e+00
    -1.9482  27.161871     68.472 331.273226     695088   5009.590     546876  0.000e+00
    -1.9483  27.162279     68.634 331.273229     695091   5009.617     546929  0.000e+00
    -1.9482  27.162279     68.811 331.273232     695087   5009.617     546987  0.000e+00
    -1.9483  27.162163     69.021 331.273235     695089   5009.609     547056  0.000e+00
    -1.9483  27.163094     69.207 331.273238     695089   5009.672     547117  0.000e+00
    -1.9483  27.162455     69.371 331.273241     695089   5009.629     547171  0.000e+00
