tests/resources/orca-test-data/SBE19plus/4794/4794_027_KiM.cnv
* Sea-Bird SBE19plus Data File:
* FileName = C:\Documents and Settings\stevens\Desktop\K131_2007\CTD\4794_027.hex
* Software Version 1.50
* Temperature SN =  4977
* Conductivity SN =  4977
* System UpLoad Time = Nov 27 2007 00:48:15
** K131 McMurdo SeaIce Work
** nov-dec 2007
** using chch plastic ctd
** times are local (NZ daylight savings)
# nquan = 8
# nvalues = 6663                                  
# units = specified
# name 0 = tv290C: Temperature [ITS-90, deg C]
# name 1 = c0mS/cm: Conductivity [mS/cm]
# name 2 = prdM: Pressure, Strain Gauge [db]
# name 3 = timeJ: Julian Days
# name 4 = f0: Frequency 0
# name 5 = f1: Frequency 1
# name 6 = f2: Frequency 2
# name 7 = flag:  0.000e+00
# span 0 =    -3.7907,    -1.9022                 
# span 1 =   0.057419,  27.379285                 
# span 2 =     -0.268,    358.318                 
# span 3 = 331.011366, 331.030642                 
# span 4 =     694066,     736789                 
# span 5 =   2609.465,   5024.125                 
# span 6 =     524316,     642032                 
# span 7 = 0.0000e+00, 0.0000e+00                 
# interval = seconds: 0.25
# start_time = Nov 27 2007 00:16:22 [Instrument's time stamp, header]
# bad_flag = -9.990e-29
*END*
[from data line 4135]
    -1.9414  27.218028    147.428 331.023330     694936   5013.348     572792  0.000e+00
    -1.9414  27.218785    147.601 331.023333     694936   5013.398     572849  0.000e+00
    -1.9412  27.219135    147.778 331.023336     694933   5013.422     572907  0.000e+00
    -1.9414  27.219310    147.955 331.023339     694936   5013.434     572965  0.000e+00
    -1.9413  27.219427    148.131 331.023342     694934   5013.441     573023  0.000e+00
    -1.9413  27.219020    148.317 331.023345     694934   5013.414     573084  0.000e+00
    -1.9412  27.219544    148.491 331.023348     694933   5013.449     573141  0.000e+00
    -1.9413  27.219137    148.664 331.023351     694935   5013.422     573198  0.000e+00
    -1.9414  27.219836    148.835 331.023354     694936   5013.469     573254  0.000e+00
    -1.9413  27.220244    149.009 331.023356     694935   5013.496     573311  0.000e+00
    -1.9413  27.219837    149.173 331.023359     694935   5013.469     573365  0.000e+00
    -1.9413  27.219546    149.350 331.023362     694935   5013.449     573423  0.000e+00
    -1.9414  27.220827    149.523 331.023365     694937   5013.535     573480  0.000e+00
    -1.9413  27.220594    149.703 331.023368     694934   5013.520     573539  0.000e+00
    -1.9412  27.220828    149.868 331.023371     694933   5013.535     573593  0.000e+00
    -1.9413  27.220072    150.041 331.023374     694935   5013.484     573650  0.000e+00
    -1.9413  27.221119    150.215 331.023377     694934   5013.555     573707  0.000e+00
    -1.9414  27.221120    150.383 331.023380     694936   5013.555     573762  0.000e+00
    -1.9412  27.221411    150.553 331.023383     694932   5013.574     573818  0.000e+00
    -1.9413  27.221703    150.727 331.023385     694935   5013.594     573875  0.000e+00
    -1.9413  27.222227    150.904 331.023388     694934   5013.629     573933  0.000e+00
    -1.9411  27.220831    151.086 331.023391     694931   5013.535     573993  0.000e+00
    -1.9412  27.224846    151.266 331.023394     694932   5013.805     574052  0.000e+00
    -1.9401  27.228804    151.449 331.023397     694907   5014.070     574112  0.000e+00
    -1.9379  27.228979    151.635 331.023400     694860   5014.082     574173  0.000e+00
    -1.9363  27.229328    151.827 331.023403     694824   5014.105     574236  0.000e+00
    -1.9353  27.229794    152.006 331.023406     694802   5014.137     574295  0.000e+00
    -1.9346  27.230144    152.189 331.023409     694786   5014.160     574355  0.000e+00
    -1.9345  27.230086    152.369 331.023411     694783   5014.156     574414  0.000e+00
    -1.9344  27.230668    152.555 331.023414     694781   5014.195     574475  0.000e+00
    -1.9343  27.230669    152.737 331.023417     694780   5014.195     574535  0.000e+00
    -1.9342  27.230669    152.914 331.023420     694777   5014.195     574593  0.000e+00
    -1.9342  27.230670    153.094 331.023423     694776   5014.195     574652  0.000e+00
    -1.9341  27.230670    153.261 331.023426     694775   5014.195     574707  0.000e+00
    -1.9341  27.231194    153.432 331.023429     694775   5014.230     574763  0.000e+00
    -1.9340  27.230962    153.600 331.023432     694772   5014.215     574818  0.000e+00
    -1.9340  27.231486    153.755 331.023435     694772   5014.250     574869  0.000e+00
    -1.9340  27.231719    153.922 331.023438     694773   5014.266     574924  0.000e+00
    -1.9342  27.232069    154.084 331.023440     694776   5014.289     574977  0.000e+00
    -1.9344  27.232244    154.236 331.023443     694782   5014.301     575027  0.000e+00
    -1.9349  27.232070    154.398 331.023446     694792   5014.289     575080  0.000e+00
    -1.9351  27.232536    154.547 331.023449     694796   5014.320     575129  0.000e+00
    -1.9352  27.233351    154.693 331.023452     694800   5014.375     575177  0.000e+00
    -1.9353  27.233177    154.848 331.023455     694801   5014.363     575228  0.000e+00
    -1.9352  27.233352    154.995 331.023458     694798   5014.375     575276  0.000e+00
    -1.9352  27.232886    155.138 331.023461     694798   5014.344     575323  0.000e+00
    -1.9350  27.234109    155.284 331.023464     694794   5014.426     575371  0.000e+00
    -1.9347  27.234400    155.433 331.023466     694789   5014.445     575420  0.000e+00
    -1.9348  27.233993    155.580 331.023469     694791   5014.418     575468  0.000e+00
    -1.9346  27.234634    155.720 331.023472     694786   5014.461     575514  0.000e+00
    -1.9349  27.234285    155.866 331.023475     694792   5014.438     575562  0.000e+00
    -1.9350  27.234402    156.006 331.023478     694795   5014.445     575608  0.000e+00
    -1.9349  27.233878    156.155 331.023481     694793   5014.410     575657  0.000e+00
    -1.9350  27.235159    156.289 331.023484     694795   5014.496     575701  0.000e+00
    -1.9350  27.234927    156.436 331.023487     694795   5014.480     575749  0.000e+00
    -1.9351  27.235393    156.573 331.023490     694796   5014.512     575794  0.000e+00
    -1.9355  27.234928    156.716 331.023492     694805   5014.480     575841  0.000e+00
    -1.9360  27.234579    156.856 331.023495     694817   5014.457     575887  0.000e+00
    -1.9365  27.234637    156.987 331.023498     694827   5014.461     575930  0.000e+00
    -1.9365  27.234929    157.133 331.023501     694828   5014.480     575978  0.000e+00
    -1.9367  27.235395    157.258 331.023504     694832   5014.512     576019  0.000e+00
    -1.9368  27.234929    157.383 331.023507     694834   5014.480     576060  0.000e+00
    -1.9374  27.234581    157.517 331.023510     694848   5014.457     576104  0.000e+00
    -1.9378  27.234115    157.654 331.023513     694857   5014.426     576149  0.000e+00
    -1.9382  27.234407    157.776 331.023516     694865   5014.445     576189  0.000e+00
    -1.9383  27.235396    157.901 331.023519     694869   5014.512     576230  0.000e+00
    -1.9385  27.234640    158.029 331.023521     694873   5014.461     576272  0.000e+00
    -1.9388  27.234582    158.163 331.023524     694878   5014.457     576316  0.000e+00
    -1.9388  27.234932    158.279 331.023527     694879   5014.480     576354  0.000e+00
    -1.9387  27.235165    158.401 331.023530     694876   5014.496     576394  0.000e+00
    -1.9388  27.235980    158.535 331.023533     694879   5014.551     576438  0.000e+00
    -1.9388  27.235748    158.653 331.023536     694879   5014.535     576477  0.000e+00
    -1.9388  27.236563    158.775 331.023539     694878   5014.590     576517  0.000e+00
    -1.9386  27.236505    158.897 331.023542     694874   5014.586     576557  0.000e+00
    -1.9386  27.236272    159.013 331.023545     694875   5014.570     576595  0.000e+00
    -1.9388  27.236797    159.141 331.023547     694879   5014.605     576637  0.000e+00
    -1.9388  27.236797    159.260 331.023550     694880   5014.605     576676  0.000e+00
    -1.9388  27.237379    159.369 331.023553     694880   5014.645     576712  0.000e+00
    -1.9387  27.238078    159.491 331.023556     694876   5014.691     576752  0.000e+00
    -1.9385  27.239650    159.610 331.023559     694873   5014.797     576791  0.000e+00
    -1.9382  27.237555    159.735 331.023562     694866   5014.656     576832  0.000e+00
    -1.9382  27.238079    159.848 331.023565     694865   5014.691     576869  0.000e+00
    -1.9383  27.237090    159.975 331.023568     694867   5014.625     576911  0.000e+00
    -1.9388  27.238079    160.103 331.023571     694879   5014.691     576953  0.000e+00
    -1.9388  27.238487    160.219 331.023573     694880   5014.719     576991  0.000e+00
    -1.9387  27.238371    160.338 331.023576     694877   5014.711     577030  0.000e+00
    -1.9388  27.237324    160.445 331.023579     694878   5014.641     577065  0.000e+00
    -1.9394  27.236858    160.557 331.023582     694893   5014.609     577102  0.000e+00
    -1.9402  27.237033    160.679 331.023585     694909   5014.621     577142  0.000e+00
    -1.9408  27.236859    160.789 331.023588     694924   5014.609     577178  0.000e+00
    -1.9416  27.236510    160.892 331.023591     694942   5014.586     577212  0.000e+00
    -1.9421  27.237093    161.017 331.023594     694952   5014.625     577253  0.000e+00
    -1.9425  27.237035    161.115 331.023597     694961   5014.621     577285  0.000e+00
    -1.9425  27.238665    161.224 331.023600     694962   5014.730     577321  0.000e+00
    -1.9423  27.238258    161.337 331.023602     694956   5014.703     577358  0.000e+00
    -1.9422  27.238665    161.450 331.023605     694954   5014.730     577395  0.000e+00
    -1.9417  27.239073    161.547 331.023608     694943   5014.758     577427  0.000e+00
    -1.9414  27.239946    161.651 331.023611     694937   5014.816     577461  0.000e+00
    -1.9409  27.239190    161.764 331.023614     694925   5014.766     577498  0.000e+00
    -1.9413  27.238783    161.864 331.023617     694934   5014.738     577531  0.000e+00
    -1.9423  27.238376    161.977 331.023620     694956   5014.711     577568  0.000e+00
    -1.9432  27.238260    162.080 331.023623     694976   5014.703     577602  0.000e+00
    -1.9435  27.239191    162.187 331.023626     694983   5014.766     577637  0.000e+00
    -1.9437  27.238900    162.291 331.023628     694988   5014.746     577671  0.000e+00
    -1.9439  27.238784    162.394 331.023631     694992   5014.738     577705  0.000e+00
    -1.9439  27.239192    162.507 331.023634     694993   5014.766     577742  0.000e+00
    -1.9439  27.240182    162.620 331.023637     694993   5014.832     577779  0.000e+00
    -1.9437  27.239949    162.720 331.023640     694987   5014.816     577812  0.000e+00
    -1.9437  27.239891    162.827 331.023643     694987   5014.813     577847  0.000e+00
    -1.9434  27.240473    162.927 331.023646     694982   5014.852     577880  0.000e+00
    -1.9435  27.240998    163.034 331.023649     694983   5014.887     577915  0.000e+00
    -1.9431  27.241347    163.144 331.023652     694975   5014.910     577951  0.000e+00
    -1.9425  27.241289    163.238 331.023655     694961   5014.906     577982  0.000e+00
    -1.9427  27.239660    163.339 331.023657     694965   5014.797     578015  0.000e+00
    -1.9434  27.240475    163.439 331.023660     694982   5014.852     578048  0.000e+00
    -1.9441  27.240242    163.546 331.023663     694996   5014.836     578083  0.000e+00
    -1.9443  27.241581    163.643 331.023666     695000   5014.926     578115  0.000e+00
    -1.9442  27.240999    163.738 331.023669     694998   5014.887     578146  0.000e+00
    -1.9441  27.241349    163.841 331.023672     694996   5014.910     578180  0.000e+00
    -1.9441  27.241582    163.933 331.023675     694996   5014.926     578210  0.000e+00
    -1.9443  27.241815    164.024 331.023678     695000   5014.941     578240  0.000e+00
    -1.9443  27.242165    164.122 331.023681     695000   5014.965     578272  0.000e+00
    -1.9438  27.242339    164.213 331.023683     694990   5014.977     578302  0.000e+00
    -1.9435  27.243271    164.301 331.023686     694983   5015.039     578331  0.000e+00
    -1.9432  27.241816    164.402 331.023689     694976   5014.941     578364  0.000e+00
    -1.9434  27.243388    164.490 331.023692     694981   5015.047     578393  0.000e+00
    -1.9432  27.243563    164.575 331.023695     694976   5015.059     578421  0.000e+00
    -1.9427  27.244203    164.670 331.023698     694966   5015.102     578452  0.000e+00
    -1.9427  27.243563    164.755 331.023701     694965   5015.059     578480  0.000e+00
    -1.9424  27.244727    164.841 331.023704     694960   5015.137     578508  0.000e+00
    -1.9422  27.245542    164.926 331.023707     694954   5015.191     578536  0.000e+00
    -1.9420  27.245019    165.014 331.023709     694949   5015.156     578565  0.000e+00
    -1.9419  27.245776    165.093 331.023712     694947   5015.207     578591  0.000e+00
    -1.9418  27.246067    165.185 331.023715     694945   5015.227     578621  0.000e+00
    -1.9416  27.245252    165.264 331.023718     694942   5015.172     578647  0.000e+00
    -1.9416  27.245252    165.352 331.023721     694941   5015.172     578676  0.000e+00
    -1.9417  27.246068    165.437 331.023724     694943   5015.227     578704  0.000e+00
    -1.9416  27.246068    165.520 331.023727     694941   5015.227     578731  0.000e+00
    -1.9415  27.247232    165.608 331.023730     694939   5015.305     578760  0.000e+00
    -1.9414  27.247640    165.690 331.023733     694936   5015.332     578787  0.000e+00
    -1.9410  27.248338    165.776 331.023736     694927   5015.379     578815  0.000e+00
    -1.9405  27.248979    165.858 331.023738     694917   5015.422     578842  0.000e+00
    -1.9399  27.249794    165.940 331.023741     694904   5015.477     578869  0.000e+00
    -1.9393  27.250551    166.022 331.023744     694889   5015.527     578896  0.000e+00
    -1.9387  27.250551    166.099 331.023747     694876   5015.527     578921  0.000e+00
    -1.9383  27.251133    166.178 331.023750     694868   5015.566     578947  0.000e+00
    -1.9381  27.250842    166.257 331.023753     694863   5015.547     578973  0.000e+00
    -1.9380  27.251599    166.333 331.023756     694862   5015.598     578998  0.000e+00
    -1.9380  27.251425    166.412 331.023759     694861   5015.586     579024  0.000e+00
    -1.9381  27.251367    166.498 331.023762     694863   5015.582     579052  0.000e+00
    -1.9381  27.251134    166.565 331.023764     694864   5015.566     579074  0.000e+00
    -1.9385  27.251076    166.638 331.023767     694872   5015.563     579098  0.000e+00
    -1.9384  27.251135    166.717 331.023770     694871   5015.566     579124  0.000e+00
    -1.9387  27.251368    166.790 331.023773     694877   5015.582     579148  0.000e+00
    -1.9387  27.251368    166.866 331.023776     694877   5015.582     579173  0.000e+00
    -1.9387  27.251426    166.945 331.023779     694876   5015.586     579199  0.000e+00
    -1.9388  27.252183    167.016 331.023782     694878   5015.637     579222  0.000e+00
    -1.9388  27.251427    167.092 331.023785     694878   5015.586     579247  0.000e+00
    -1.9388  27.251893    167.168 331.023788     694880   5015.617     579272  0.000e+00
    -1.9392  27.252417    167.256 331.023791     694887   5015.652     579301  0.000e+00
    -1.9393  27.252533    167.329 331.023793     694891   5015.660     579325  0.000e+00
    -1.9393  27.252941    167.421 331.023796     694891   5015.688     579355  0.000e+00
    -1.9394  27.252825    167.500 331.023799     694893   5015.680     579381  0.000e+00
    -1.9397  27.252418    167.576 331.023802     694899   5015.652     579406  0.000e+00
    -1.9398  27.252709    167.649 331.023805     694901   5015.672     579430  0.000e+00
    -1.9401  27.252826    167.719 331.023808     694908   5015.680     579453  0.000e+00
    -1.9401  27.252185    167.783 331.023811     694908   5015.637     579474  0.000e+00
    -1.9405  27.252535    167.847 331.023814     694916   5015.660     579495  0.000e+00
    -1.9408  27.252186    167.911 331.023817     694924   5015.637     579516  0.000e+00
    -1.9412  27.252186    167.975 331.023819     694933   5015.637     579537  0.000e+00
    -1.9414  27.252536    168.039 331.023822     694936   5015.660     579558  0.000e+00
    -1.9417  27.251895    168.103 331.023825     694944   5015.617     579579  0.000e+00
    -1.9419  27.252536    168.170 331.023828     694948   5015.660     579601  0.000e+00
    -1.9420  27.252420    168.243 331.023831     694951   5015.652     579625  0.000e+00
    -1.9420  27.252827    168.328 331.023834     694950   5015.680     579653  0.000e+00
    -1.9421  27.252944    168.411 331.023837     694953   5015.688     579680  0.000e+00
    -1.9421  27.253468    168.496 331.023840     694952   5015.723     579708  0.000e+00
    -1.9421  27.254225    168.569 331.023843     694952   5015.773     579732  0.000e+00
    -1.9420  27.252945    168.664 331.023845     694949   5015.688     579763  0.000e+00
