tests/resources/orca-test-data/SBE19plus/4794/4794_020_KiM.cnv
* Sea-Bird SBE19plus Data File:
* FileName = C:\Documents and Settings\stevens\Desktop\K131_2007\CTD\4794_020.hex
* Software Version 1.50
* Temperature SN =  4977
* Conductivity SN =  4977
* System UpLoad Time = Nov 26 2007 17:43:57
** K131 McMurdo SeaIce Work
** nov-dec 2007
** using chch plastic ctd
** times are local (NZ daylight savings)
# nquan = 8
# nvalues = 6209                                  
# units = specified
# name 0 = tv290C: Temperature [ITS-90, deg C]
# name 1 = c0mS/cm: Conductivity [mS/cm]
# name 2 = prdM: Pressure, Strain Gauge [db]
# name 3 = timeJ: Julian Days
# name 4 = f0: Frequency 0
# name 5 = f1: Frequency 1
# name 6 = f2: Frequency 2
# name 7 = flag:  0.000e+00
# span 0 =    -2.7091,    -1.9061                 
# span 1 =   0.032329,  27.375914                 
# span 2 =     -0.295,    363.480                 
# span 3 = 330.717280, 330.735243                 
# span 4 =     694154,     712118                 
# span 5 =   2606.215,   5023.898                 
# span 6 =     524307,     643727                 
# span 7 = 0.0000e+00, 0.0000e+00                 
# interval = seconds: 0.25
# start_time = Nov 26 2007 17:12:53 [Instrument's time stamp, header]
# bad_flag = -9.990e-29
*END*
[from data line 5753]
    -1.9511  27.163625     72.010 330.733927     695153   5009.707     548037  0.000e+00
    -1.9511  27.163566     71.583 330.733929     695153   5009.703     547897  0.000e+00
    -1.9510  27.163099     71.151 330.733932     695150   5009.672     547755  0.000e+00
    -1.9508  27.163563     70.724 330.733935     695145   5009.703     547615  0.000e+00
    -1.9508  27.163330     70.292 330.733938     695145   5009.688     547473  0.000e+00
    -1.9507  27.163096     69.865 330.733941     695143   5009.672     547333  0.000e+00
    -1.9507  27.163269     69.429 330.733944     695143   5009.684     547190  0.000e+00
    -1.9506  27.162571     68.994 330.733947     695141   5009.637     547047  0.000e+00
    -1.9505  27.162453     68.570 330.733950     695139   5009.629     546908  0.000e+00
    -1.9504  27.162568     68.143 330.733953     695137   5009.637     546768  0.000e+00
    -1.9504  27.162742     67.717 330.733955     695136   5009.648     546628  0.000e+00
    -1.9501  27.162275     67.284 330.733958     695130   5009.617     546486  0.000e+00
    -1.9502  27.162042     66.852 330.733961     695132   5009.602     546344  0.000e+00
    -1.9501  27.161575     66.413 330.733964     695129   5009.570     546200  0.000e+00
    -1.9501  27.161458     65.986 330.733967     695130   5009.563     546060  0.000e+00
    -1.9499  27.161573     65.551 330.733970     695125   5009.570     545917  0.000e+00
    -1.9500  27.161223     65.112 330.733973     695127   5009.547     545773  0.000e+00
    -1.9500  27.160757     64.682 330.733976     695127   5009.516     545632  0.000e+00
    -1.9499  27.160407     64.234 330.733979     695126   5009.492     545485  0.000e+00
    -1.9501  27.160929     63.802 330.733981     695129   5009.527     545343  0.000e+00
    -1.9501  27.160754     63.360 330.733984     695130   5009.516     545198  0.000e+00
    -1.9502  27.159880     62.915 330.733987     695133   5009.457     545052  0.000e+00
    -1.9501  27.159937     62.476 330.733990     695130   5009.461     544908  0.000e+00
    -1.9501  27.159355     62.028 330.733993     695130   5009.422     544761  0.000e+00
    -1.9502  27.159354     61.578 330.733996     695133   5009.422     544613  0.000e+00
    -1.9502  27.159876     61.139 330.733999     695132   5009.457     544469  0.000e+00
    -1.9503  27.158828     60.691 330.734002     695134   5009.387     544322  0.000e+00
    -1.9503  27.159641     60.252 330.734005     695135   5009.441     544178  0.000e+00
    -1.9503  27.158826     59.807 330.734008     695134   5009.387     544032  0.000e+00
    -1.9504  27.157953     59.356 330.734010     695136   5009.328     543884  0.000e+00
    -1.9505  27.157777     58.908 330.734013     695139   5009.316     543737  0.000e+00
    -1.9505  27.158241     58.464 330.734016     695139   5009.348     543591  0.000e+00
    -1.9506  27.157251     58.013 330.734019     695140   5009.281     543443  0.000e+00
    -1.9506  27.157250     57.565 330.734022     695142   5009.281     543296  0.000e+00
    -1.9508  27.156552     57.126 330.734025     695145   5009.234     543152  0.000e+00
    -1.9508  27.157248     56.690 330.734028     695145   5009.281     543009  0.000e+00
    -1.9507  27.157363     56.249 330.734031     695143   5009.289     542864  0.000e+00
    -1.9507  27.156432     55.804 330.734034     695144   5009.227     542718  0.000e+00
    -1.9506  27.156547     55.365 330.734036     695142   5009.234     542574  0.000e+00
    -1.9506  27.156953     54.932 330.734039     695141   5009.262     542432  0.000e+00
    -1.9506  27.155905     54.494 330.734042     695140   5009.191     542288  0.000e+00
    -1.9505  27.156253     54.061 330.734045     695139   5009.215     542146  0.000e+00
    -1.9505  27.156194     53.628 330.734048     695139   5009.211     542004  0.000e+00
    -1.9504  27.155960     53.183 330.734051     695137   5009.195     541858  0.000e+00
    -1.9504  27.155377     52.751 330.734054     695137   5009.156     541716  0.000e+00
    -1.9506  27.155144     52.309 330.734057     695142   5009.141     541571  0.000e+00
    -1.9505  27.154619     51.867 330.734060     695139   5009.105     541426  0.000e+00
    -1.9507  27.154560     51.422 330.734062     695143   5009.102     541280  0.000e+00
    -1.9506  27.154036     50.977 330.734065     695142   5009.066     541134  0.000e+00
    -1.9508  27.154035     50.539 330.734068     695145   5009.066     540990  0.000e+00
    -1.9508  27.152871     50.100 330.734071     695146   5008.988     540846  0.000e+00
    -1.9508  27.153509     49.661 330.734074     695145   5009.031     540702  0.000e+00
    -1.9509  27.152345     49.219 330.734077     695147   5008.953     540557  0.000e+00
    -1.9509  27.152751     48.778 330.734080     695148   5008.980     540412  0.000e+00
    -1.9509  27.153448     48.336 330.734083     695147   5009.027     540267  0.000e+00
    -1.9510  27.152749     47.897 330.734086     695149   5008.980     540123  0.000e+00
    -1.9511  27.152225     47.455 330.734089     695152   5008.945     539978  0.000e+00
    -1.9511  27.152863     47.007 330.734091     695151   5008.988     539831  0.000e+00
    -1.9511  27.151176     46.556 330.734094     695151   5008.875     539683  0.000e+00
    -1.9511  27.151465     46.108 330.734097     695152   5008.895     539536  0.000e+00
    -1.9510  27.150883     45.664 330.734100     695150   5008.855     539390  0.000e+00
    -1.9511  27.151754     45.228 330.734103     695151   5008.914     539247  0.000e+00
    -1.9511  27.151404     44.789 330.734106     695152   5008.891     539103  0.000e+00
    -1.9511  27.151403     44.360 330.734109     695152   5008.891     538962  0.000e+00
    -1.9512  27.150355     43.918 330.734112     695154   5008.820     538817  0.000e+00
    -1.9512  27.150354     43.479 330.734115     695154   5008.820     538673  0.000e+00
    -1.9511  27.150934     43.043 330.734117     695153   5008.859     538530  0.000e+00
    -1.9511  27.150061     42.598 330.734120     695153   5008.801     538384  0.000e+00
    -1.9511  27.149537     42.157 330.734123     695152   5008.766     538239  0.000e+00
    -1.9511  27.149303     41.712 330.734126     695152   5008.750     538093  0.000e+00
    -1.9511  27.149302     41.273 330.734129     695152   5008.750     537949  0.000e+00
    -1.9511  27.149243     40.825 330.734132     695152   5008.746     537802  0.000e+00
    -1.9511  27.148486     40.389 330.734135     695152   5008.695     537659  0.000e+00
    -1.9511  27.147845     39.944 330.734138     695152   5008.652     537513  0.000e+00
    -1.9512  27.148251     39.503 330.734141     695154   5008.680     537368  0.000e+00
    -1.9512  27.147552     39.064 330.734144     695155   5008.633     537224  0.000e+00
    -1.9512  27.147958     38.625 330.734146     695154   5008.660     537080  0.000e+00
    -1.9512  27.147841     38.183 330.734149     695154   5008.652     536935  0.000e+00
    -1.9512  27.147723     37.741 330.734152     695154   5008.645     536790  0.000e+00
    -1.9512  27.146908     37.297 330.734155     695155   5008.590     536644  0.000e+00
    -1.9511  27.147023     36.840 330.734158     695153   5008.598     536494  0.000e+00
    -1.9512  27.146906     36.392 330.734161     695154   5008.590     536347  0.000e+00
    -1.9513  27.147021     35.944 330.734164     695157   5008.598     536200  0.000e+00
    -1.9513  27.146380     35.502 330.734167     695156   5008.555     536055  0.000e+00
    -1.9514  27.145856     35.057 330.734170     695158   5008.520     535909  0.000e+00
    -1.9513  27.146378     34.621 330.734172     695157   5008.555     535766  0.000e+00
    -1.9513  27.146086     34.176 330.734175     695156   5008.535     535620  0.000e+00
    -1.9513  27.145620     33.741 330.734178     695157   5008.504     535477  0.000e+00
    -1.9514  27.144515     33.302 330.734181     695158   5008.430     535333  0.000e+00
    -1.9514  27.144746     32.860 330.734184     695158   5008.445     535188  0.000e+00
    -1.9513  27.144803     32.431 330.734187     695157   5008.449     535047  0.000e+00
    -1.9512  27.145325     31.995 330.734190     695154   5008.484     534904  0.000e+00
    -1.9514  27.144510     31.553 330.734193     695159   5008.430     534759  0.000e+00
    -1.9512  27.143928     31.111 330.734196     695154   5008.391     534614  0.000e+00
    -1.9513  27.144799     30.679 330.734198     695156   5008.449     534472  0.000e+00
    -1.9513  27.144274     30.249 330.734201     695157   5008.414     534331  0.000e+00
    -1.9512  27.143924     29.804 330.734204     695155   5008.391     534185  0.000e+00
    -1.9513  27.143691     29.368 330.734207     695157   5008.375     534042  0.000e+00
    -1.9513  27.143631     28.923 330.734210     695156   5008.371     533896  0.000e+00
    -1.9514  27.143165     28.491 330.734213     695159   5008.340     533754  0.000e+00
    -1.9512  27.143048     28.055 330.734216     695155   5008.332     533611  0.000e+00
    -1.9513  27.142640     27.607 330.734219     695157   5008.305     533464  0.000e+00
    -1.9513  27.142116     27.181 330.734222     695156   5008.270     533324  0.000e+00
    -1.9513  27.143044     26.736 330.734225     695156   5008.332     533178  0.000e+00
    -1.9512  27.142927     26.297 330.734227     695155   5008.324     533034  0.000e+00
    -1.9512  27.141647     25.873 330.734230     695155   5008.238     532895  0.000e+00
    -1.9511  27.142925     25.425 330.734233     695151   5008.324     532748  0.000e+00
    -1.9511  27.141936     24.990 330.734236     695152   5008.258     532605  0.000e+00
    -1.9511  27.141876     24.545 330.734239     695152   5008.254     532459  0.000e+00
    -1.9511  27.141352     24.097 330.734242     695151   5008.219     532312  0.000e+00
    -1.9511  27.141351     23.649 330.734245     695153   5008.219     532165  0.000e+00
    -1.9511  27.141350     23.207 330.734248     695152   5008.219     532020  0.000e+00
    -1.9511  27.140244     22.771 330.734251     695153   5008.145     531877  0.000e+00
    -1.9511  27.140534     22.327 330.734253     695153   5008.164     531731  0.000e+00
    -1.9512  27.140242     21.879 330.734256     695154   5008.145     531584  0.000e+00
    -1.9512  27.139718     21.443 330.734259     695155   5008.109     531441  0.000e+00
    -1.9513  27.140240     20.998 330.734262     695157   5008.145     531295  0.000e+00
    -1.9515  27.139483     20.541 330.734265     695161   5008.094     531145  0.000e+00
    -1.9515  27.139482     20.102 330.734268     695161   5008.094     531001  0.000e+00
    -1.9515  27.138551     19.657 330.734271     695161   5008.031     530855  0.000e+00
    -1.9515  27.138433     19.219 330.734274     695161   5008.023     530711  0.000e+00
    -1.9515  27.138839     18.786 330.734277     695161   5008.051     530569  0.000e+00
    -1.9515  27.138140     18.362 330.734280     695161   5008.004     530430  0.000e+00
    -1.9516  27.138546     17.939 330.734282     695163   5008.031     530291  0.000e+00
    -1.9514  27.138138     17.509 330.734285     695159   5008.004     530150  0.000e+00
    -1.9515  27.137382     17.083 330.734288     695160   5007.953     530010  0.000e+00
    -1.9515  27.137729     16.647 330.734291     695161   5007.977     529867  0.000e+00
    -1.9515  27.137612     16.223 330.734294     695161   5007.969     529728  0.000e+00
    -1.9516  27.136913     15.794 330.734297     695164   5007.922     529587  0.000e+00
    -1.9515  27.136854     15.416 330.734300     695161   5007.918     529463  0.000e+00
    -1.9515  27.136912     15.126 330.734303     695160   5007.922     529368  0.000e+00
    -1.9515  27.136853     14.922 330.734306     695160   5007.918     529301  0.000e+00
    -1.9515  27.137434     14.809 330.734308     695160   5007.957     529264  0.000e+00
    -1.9516  27.137085     14.767 330.734311     695163   5007.934     529250  0.000e+00
    -1.9516  27.136852     14.754 330.734314     695163   5007.918     529246  0.000e+00
    -1.9516  27.136039     14.758 330.734317     695163   5007.863     529247  0.000e+00
    -1.9515  27.136271     14.767 330.734320     695162   5007.879     529250  0.000e+00
    -1.9518  27.136329     14.773 330.734323     695167   5007.883     529252  0.000e+00
    -1.9516  27.136852     14.767 330.734326     695163   5007.918     529250  0.000e+00
    -1.9517  27.136039     14.770 330.734329     695166   5007.863     529251  0.000e+00
    -1.9518  27.136562     14.770 330.734332     695167   5007.898     529251  0.000e+00
    -1.9517  27.137143     14.773 330.734334     695165   5007.938     529252  0.000e+00
    -1.9518  27.136271     14.767 330.734337     695167   5007.879     529250  0.000e+00
    -1.9518  27.136271     14.773 330.734340     695167   5007.879     529252  0.000e+00
    -1.9517  27.136620     14.770 330.734343     695166   5007.902     529251  0.000e+00
    -1.9516  27.136271     14.776 330.734346     695164   5007.879     529253  0.000e+00
    -1.9518  27.136329     14.779 330.734349     695168   5007.883     529254  0.000e+00
    -1.9518  27.137085     14.779 330.734352     695167   5007.934     529254  0.000e+00
    -1.9518  27.136911     14.782 330.734355     695167   5007.922     529255  0.000e+00
    -1.9520  27.136853     14.782 330.734358     695171   5007.918     529255  0.000e+00
    -1.9518  27.136562     14.782 330.734361     695167   5007.898     529255  0.000e+00
    -1.9517  27.136620     14.782 330.734363     695165   5007.902     529255  0.000e+00
    -1.9517  27.136562     14.779 330.734366     695166   5007.898     529254  0.000e+00
    -1.9517  27.136039     14.785 330.734369     695165   5007.863     529256  0.000e+00
    -1.9518  27.136562     14.785 330.734372     695167   5007.898     529256  0.000e+00
    -1.9517  27.136329     14.788 330.734375     695166   5007.883     529257  0.000e+00
    -1.9520  27.136562     14.785 330.734378     695171   5007.898     529256  0.000e+00
    -1.9518  27.136039     14.788 330.734381     695168   5007.863     529257  0.000e+00
    -1.9519  27.135516     14.782 330.734384     695169   5007.828     529255  0.000e+00
    -1.9520  27.136271     14.788 330.734387     695171   5007.879     529257  0.000e+00
    -1.9519  27.136911     14.785 330.734389     695169   5007.922     529256  0.000e+00
    -1.9519  27.136039     14.782 330.734392     695169   5007.863     529255  0.000e+00
    -1.9517  27.136911     14.785 330.734395     695166   5007.922     529256  0.000e+00
    -1.9519  27.137085     14.782 330.734398     695169   5007.934     529255  0.000e+00
    -1.9519  27.137143     14.785 330.734401     695170   5007.938     529256  0.000e+00
    -1.9518  27.136271     14.788 330.734404     695168   5007.879     529257  0.000e+00
    -1.9518  27.136562     14.791 330.734407     695167   5007.898     529258  0.000e+00
    -1.9520  27.136039     14.788 330.734410     695171   5007.863     529257  0.000e+00
    -1.9518  27.135516     14.785 330.734413     695168   5007.828     529256  0.000e+00
    -1.9518  27.136329     14.791 330.734416     695168   5007.883     529258  0.000e+00
    -1.9518  27.136853     14.785 330.734418     695168   5007.918     529256  0.000e+00
    -1.9518  27.136329     14.785 330.734421     695168   5007.883     529256  0.000e+00
    -1.9520  27.136562     14.782 330.734424     695171   5007.898     529255  0.000e+00
    -1.9518  27.136329     14.788 330.734427     695168   5007.883     529257  0.000e+00
    -1.9518  27.136271     14.782 330.734430     695168   5007.879     529255  0.000e+00
    -1.9520  27.136853     14.788 330.734433     695171   5007.918     529257  0.000e+00
    -1.9518  27.135748     14.788 330.734436     695168   5007.844     529257  0.000e+00
    -1.9518  27.137085     14.785 330.734439     695168   5007.934     529256  0.000e+00
    -1.9519  27.135748     14.785 330.734442     695169   5007.844     529256  0.000e+00
