tests/resources/orca-test-data/SBE19plus/4794/4794_030_KiM.cnv
* Sea-Bird SBE19plus Data File:
* FileName = C:\Documents and Settings\stevens\Desktop\K131_2007\CTD\4794_030.hex
* Software Version 1.50
* Temperature SN =  4977
* Conductivity SN =  4977
* System UpLoad Time = Nov 27 2007 02:41:37
** K131 McMurdo SeaIce Work
** nov-dec 2007
** using chch plastic ctd
** times are local (NZ daylight savings)
# nquan = 8
# nvalues = 6849                                  
# units = specified
# name 0 = tv290C: Temperature [ITS-90, deg C]
# name 1 = c0mS/cm: Conductivity [mS/cm]
# name 2 = prdM: Pressure, Strain Gauge [db]
# name 3 = timeJ: Julian Days
# name 4 = f0: Frequency 0
# name 5 = f1: Frequency 1
# name 6 = f2: Frequency 2
# name 7 = flag:  0.000e+00
# span 0 =    -6.8652,    -1.9076                 
# span 1 =   0.000259,  27.378238                 
# span 2 =     -0.268,    359.689                 
# span 3 = 331.089907, 331.109722                 
# span 4 =     694187,     809751                 
# span 5 =   2602.055,   5024.055                 
# span 6 =     524316,     642482                 
# span 7 = 0.0000e+00, 0.0000e+00                 
# interval = seconds: 0.25
# start_time = Nov 27 2007 02:09:28 [Instrument's time stamp, header]
# bad_flag = -9.990e-29
*END*
[from data line 5214]
    -1.9222  27.331103    323.532 331.104994     694511   5020.902     630609  0.000e+00
    -1.9221  27.330462    323.724 331.104997     694508   5020.859     630672  0.000e+00
    -1.9220  27.330288    323.961 331.105000     694507   5020.848     630750  0.000e+00
    -1.9221  27.331104    324.171 331.105003     694509   5020.902     630819  0.000e+00
    -1.9221  27.330755    324.339 331.105006     694509   5020.879     630874  0.000e+00
    -1.9223  27.331105    324.509 331.105009     694512   5020.902     630930  0.000e+00
    -1.9220  27.331630    324.710 331.105012     694507   5020.938     630996  0.000e+00
    -1.9222  27.330757    324.948 331.105014     694510   5020.879     631074  0.000e+00
    -1.9221  27.331631    325.140 331.105017     694509   5020.938     631137  0.000e+00
    -1.9222  27.331049    325.301 331.105020     694510   5020.898     631190  0.000e+00
    -1.9221  27.332157    325.454 331.105023     694508   5020.973     631240  0.000e+00
    -1.9221  27.331633    325.624 331.105026     694509   5020.938     631296  0.000e+00
    -1.9221  27.331050    325.828 331.105029     694509   5020.898     631363  0.000e+00
    -1.9224  27.331634    326.029 331.105032     694514   5020.938     631429  0.000e+00
    -1.9224  27.331867    326.218 331.105035     694516   5020.953     631491  0.000e+00
    -1.9222  27.332392    326.401 331.105038     694511   5020.988     631551  0.000e+00
    -1.9223  27.331635    326.611 331.105041     694512   5020.938     631620  0.000e+00
    -1.9224  27.332743    326.836 331.105043     694514   5021.012     631694  0.000e+00
    -1.9222  27.331869    327.019 331.105046     694510   5020.953     631754  0.000e+00
    -1.9223  27.332744    327.199 331.105049     694513   5021.012     631813  0.000e+00
    -1.9223  27.332395    327.393 331.105052     694513   5020.988     631877  0.000e+00
    -1.9223  27.332687    327.607 331.105055     694513   5021.008     631947  0.000e+00
    -1.9222  27.332454    327.801 331.105058     694511   5020.992     632011  0.000e+00
    -1.9222  27.332688    327.987 331.105061     694511   5021.008     632072  0.000e+00
    -1.9223  27.332397    328.191 331.105064     694512   5020.988     632139  0.000e+00
    -1.9221  27.333038    328.414 331.105067     694509   5021.031     632212  0.000e+00
    -1.9222  27.334030    328.630 331.105069     694510   5021.098     632283  0.000e+00
    -1.9219  27.334147    328.831 331.105072     694504   5021.105     632349  0.000e+00
    -1.9217  27.334555    329.020 331.105075     694500   5021.133     632411  0.000e+00
    -1.9218  27.334264    329.245 331.105078     694501   5021.113     632485  0.000e+00
    -1.9215  27.334731    329.473 331.105081     694496   5021.145     632560  0.000e+00
    -1.9215  27.334265    329.677 331.105084     694496   5021.113     632627  0.000e+00
    -1.9215  27.334149    329.875 331.105087     694496   5021.105     632692  0.000e+00
    -1.9216  27.335083    330.104 331.105090     694498   5021.168     632767  0.000e+00
    -1.9215  27.334792    330.338 331.105093     694496   5021.148     632844  0.000e+00
    -1.9215  27.334967    330.555 331.105095     694494   5021.160     632915  0.000e+00
    -1.9216  27.335609    330.759 331.105098     694497   5021.203     632982  0.000e+00
    -1.9211  27.336950    330.993 331.105101     694487   5021.293     633059  0.000e+00
    -1.9210  27.335843    331.249 331.105104     694485   5021.219     633143  0.000e+00
    -1.9208  27.336660    331.486 331.105107     694479   5021.273     633221  0.000e+00
    -1.9206  27.337243    331.712 331.105110     694476   5021.313     633295  0.000e+00
    -1.9204  27.336661    331.980 331.105113     694471   5021.273     633383  0.000e+00
    -1.9201  27.336953    332.272 331.105116     694465   5021.293     633479  0.000e+00
    -1.9200  27.336954    332.558 331.105119     694462   5021.293     633573  0.000e+00
    -1.9201  27.337479    332.854 331.105122     694463   5021.328     633670  0.000e+00
    -1.9201  27.338354    333.158 331.105124     694463   5021.387     633770  0.000e+00
    -1.9198  27.338530    333.466 331.105127     694458   5021.398     633871  0.000e+00
    -1.9198  27.338530    333.740 331.105130     694458   5021.398     633961  0.000e+00
    -1.9199  27.339755    333.965 331.105133     694460   5021.480     634035  0.000e+00
    -1.9197  27.339872    334.118 331.105136     694455   5021.488     634085  0.000e+00
    -1.9194  27.339872    334.215 331.105139     694448   5021.488     634117  0.000e+00
    -1.9190  27.340047    334.291 331.105142     694440   5021.500     634142  0.000e+00
    -1.9190  27.339056    334.316 331.105145     694440   5021.434     634150  0.000e+00
    -1.9192  27.338940    334.337 331.105148     694444   5021.426     634157  0.000e+00
    -1.9192  27.339348    334.383 331.105150     694445   5021.453     634172  0.000e+00
    -1.9193  27.339873    334.492 331.105153     694447   5021.488     634208  0.000e+00
    -1.9193  27.340631    334.654 331.105156     694446   5021.539     634261  0.000e+00
    -1.9192  27.340690    334.836 331.105159     694445   5021.543     634321  0.000e+00
    -1.9191  27.341448    335.040 331.105162     694441   5021.594     634388  0.000e+00
    -1.9190  27.342031    335.293 331.105165     694440   5021.633     634471  0.000e+00
    -1.9190  27.342557    335.573 331.105168     694439   5021.668     634563  0.000e+00
    -1.9189  27.342616    335.869 331.105171     694437   5021.672     634660  0.000e+00
    -1.9187  27.343840    336.155 331.105174     694433   5021.754     634754  0.000e+00
    -1.9185  27.345181    336.402 331.105177     694428   5021.844     634835  0.000e+00
    -1.9183  27.345998    336.587 331.105179     694424   5021.898     634896  0.000e+00
    -1.9178  27.346523    336.730 331.105182     694414   5021.934     634943  0.000e+00
    -1.9177  27.346523    336.861 331.105185     694410   5021.934     634986  0.000e+00
    -1.9175  27.347339    336.962 331.105188     694406   5021.988     635019  0.000e+00
    -1.9175  27.347340    337.087 331.105191     694407   5021.988     635060  0.000e+00
    -1.9174  27.347923    337.196 331.105194     694404   5022.027     635096  0.000e+00
    -1.9171  27.348914    337.321 331.105197     694398   5022.094     635137  0.000e+00
    -1.9171  27.348798    337.434 331.105200     694398   5022.086     635174  0.000e+00
    -1.9171  27.349439    337.559 331.105203     694397   5022.129     635215  0.000e+00
    -1.9171  27.349207    337.681 331.105205     694397   5022.113     635255  0.000e+00
    -1.9169  27.350198    337.818 331.105208     694392   5022.180     635300  0.000e+00
    -1.9169  27.350490    337.967 331.105211     694393   5022.199     635349  0.000e+00
    -1.9168  27.350782    338.147 331.105214     694391   5022.219     635408  0.000e+00
    -1.9165  27.351307    338.314 331.105217     694384   5022.254     635463  0.000e+00
    -1.9165  27.351307    338.466 331.105220     694385   5022.254     635513  0.000e+00
    -1.9165  27.352473    338.643 331.105223     694383   5022.332     635571  0.000e+00
    -1.9164  27.353465    338.832 331.105226     694381   5022.398     635633  0.000e+00
    -1.9163  27.352649    339.027 331.105229     694380   5022.344     635697  0.000e+00
    -1.9163  27.352475    339.197 331.105231     694379   5022.332     635753  0.000e+00
    -1.9161  27.352941    339.371 331.105234     694375   5022.363     635810  0.000e+00
    -1.9161  27.353292    339.550 331.105237     694376   5022.387     635869  0.000e+00
    -1.9160  27.353176    339.733 331.105240     694374   5022.379     635929  0.000e+00
    -1.9161  27.353701    339.928 331.105243     694375   5022.414     635993  0.000e+00
    -1.9160  27.353876    340.102 331.105246     694373   5022.426     636050  0.000e+00
    -1.9160  27.354518    340.272 331.105249     694372   5022.469     636106  0.000e+00
    -1.9157  27.354751    340.473 331.105252     694367   5022.484     636172  0.000e+00
    -1.9158  27.355859    340.674 331.105255     694368   5022.559     636238  0.000e+00
    -1.9157  27.355335    340.869 331.105258     694367   5022.523     636302  0.000e+00
    -1.9156  27.355569    341.052 331.105260     694364   5022.539     636362  0.000e+00
    -1.9154  27.356910    341.238 331.105263     694359   5022.629     636423  0.000e+00
    -1.9152  27.356911    341.463 331.105266     694355   5022.629     636497  0.000e+00
    -1.9151  27.357553    341.667 331.105269     694354   5022.672     636564  0.000e+00
    -1.9151  27.358253    341.862 331.105272     694352   5022.719     636628  0.000e+00
    -1.9148  27.357728    342.057 331.105275     694347   5022.684     636692  0.000e+00
    -1.9148  27.358662    342.291 331.105278     694346   5022.746     636769  0.000e+00
    -1.9147  27.359828    342.514 331.105281     694344   5022.824     636842  0.000e+00
    -1.9145  27.359479    342.718 331.105284     694339   5022.801     636909  0.000e+00
    -1.9142  27.360354    342.934 331.105286     694333   5022.859     636980  0.000e+00
    -1.9140  27.360646    343.165 331.105289     694329   5022.879     637056  0.000e+00
    -1.9137  27.361171    343.394 331.105292     694322   5022.914     637131  0.000e+00
    -1.9137  27.361172    343.579 331.105295     694321   5022.914     637192  0.000e+00
    -1.9135  27.361697    343.805 331.105298     694318   5022.949     637266  0.000e+00
    -1.9133  27.362631    344.033 331.105301     694314   5023.012     637341  0.000e+00
    -1.9131  27.362748    344.277 331.105304     694308   5023.020     637421  0.000e+00
    -1.9129  27.363156    344.475 331.105307     694304   5023.047     637486  0.000e+00
    -1.9127  27.363274    344.706 331.105310     694300   5023.055     637562  0.000e+00
    -1.9125  27.363857    344.941 331.105313     694296   5023.094     637639  0.000e+00
    -1.9122  27.364324    345.184 331.105315     694289   5023.125     637719  0.000e+00
    -1.9120  27.364616    345.391 331.105318     694284   5023.145     637787  0.000e+00
    -1.9118  27.364325    345.623 331.105321     694280   5023.125     637863  0.000e+00
    -1.9119  27.364617    345.873 331.105324     694282   5023.145     637945  0.000e+00
    -1.9118  27.364385    346.113 331.105327     694280   5023.129     638024  0.000e+00
    -1.9117  27.365143    346.332 331.105330     694277   5023.180     638096  0.000e+00
    -1.9119  27.365436    346.582 331.105333     694282   5023.199     638178  0.000e+00
    -1.9117  27.366252    346.826 331.105336     694278   5023.254     638258  0.000e+00
    -1.9115  27.366253    347.054 331.105339     694274   5023.254     638333  0.000e+00
    -1.9115  27.365962    347.292 331.105341     694273   5023.234     638411  0.000e+00
    -1.9113  27.366021    347.547 331.105344     694268   5023.238     638495  0.000e+00
    -1.9114  27.367013    347.797 331.105347     694270   5023.305     638577  0.000e+00
    -1.9111  27.366780    348.007 331.105350     694265   5023.289     638646  0.000e+00
    -1.9110  27.367947    348.251 331.105353     694263   5023.367     638726  0.000e+00
    -1.9110  27.367831    348.491 331.105356     694263   5023.359     638805  0.000e+00
    -1.9110  27.367015    348.717 331.105359     694262   5023.305     638879  0.000e+00
    -1.9110  27.367424    348.957 331.105362     694261   5023.332     638958  0.000e+00
    -1.9111  27.367833    349.201 331.105365     694265   5023.359     639038  0.000e+00
    -1.9110  27.367950    349.448 331.105367     694263   5023.367     639119  0.000e+00
    -1.9112  27.368126    349.688 331.105370     694266   5023.379     639198  0.000e+00
    -1.9110  27.367310    349.926 331.105373     694263   5023.324     639276  0.000e+00
    -1.9110  27.367952    350.185 331.105376     694263   5023.367     639361  0.000e+00
    -1.9110  27.368885    350.416 331.105379     694263   5023.430     639437  0.000e+00
    -1.9108  27.369702    350.651 331.105382     694257   5023.484     639514  0.000e+00
    -1.9108  27.370519    350.912 331.105385     694257   5023.539     639600  0.000e+00
    -1.9104  27.370520    351.150 331.105388     694249   5023.539     639678  0.000e+00
    -1.9101  27.370520    351.384 331.105391     694242   5023.539     639755  0.000e+00
    -1.9100  27.371571    351.646 331.105394     694240   5023.609     639841  0.000e+00
    -1.9099  27.372096    351.890 331.105396     694238   5023.645     639921  0.000e+00
    -1.9097  27.371922    352.137 331.105399     694234   5023.633     640002  0.000e+00
    -1.9097  27.372914    352.383 331.105402     694233   5023.699     640083  0.000e+00
    -1.9094  27.371806    352.630 331.105405     694226   5023.625     640164  0.000e+00
    -1.9095  27.373031    352.880 331.105408     694228   5023.707     640246  0.000e+00
    -1.9093  27.372915    353.132 331.105411     694224   5023.699     640329  0.000e+00
    -1.9092  27.372799    353.367 331.105414     694221   5023.691     640406  0.000e+00
    -1.9092  27.373441    353.592 331.105417     694222   5023.734     640480  0.000e+00
    -1.9092  27.372917    353.796 331.105420     694223   5023.699     640547  0.000e+00
    -1.9093  27.373326    354.022 331.105422     694225   5023.727     640621  0.000e+00
    -1.9092  27.373676    354.250 331.105425     694221   5023.750     640696  0.000e+00
    -1.9092  27.373444    354.433 331.105428     694223   5023.734     640756  0.000e+00
    -1.9092  27.373619    354.591 331.105431     694221   5023.746     640808  0.000e+00
    -1.9090  27.373445    354.774 331.105434     694218   5023.734     640868  0.000e+00
    -1.9091  27.374203    354.981 331.105437     694220   5023.785     640936  0.000e+00
    -1.9090  27.373446    355.158 331.105440     694218   5023.734     640994  0.000e+00
    -1.9091  27.374262    355.301 331.105443     694219   5023.789     641041  0.000e+00
    -1.9090  27.375021    355.435 331.105446     694217   5023.840     641085  0.000e+00
    -1.9087  27.374788    355.593 331.105448     694211   5023.824     641137  0.000e+00
    -1.9088  27.374788    355.767 331.105451     694214   5023.824     641194  0.000e+00
    -1.9087  27.374206    355.931 331.105454     694212   5023.785     641248  0.000e+00
    -1.9088  27.375314    356.068 331.105457     694213   5023.859     641293  0.000e+00
    -1.9089  27.374731    356.199 331.105460     694216   5023.820     641336  0.000e+00
    -1.9088  27.374265    356.345 331.105463     694213   5023.789     641384  0.000e+00
    -1.9088  27.375548    356.513 331.105466     694213   5023.875     641439  0.000e+00
    -1.9088  27.375607    356.662 331.105469     694213   5023.879     641488  0.000e+00
    -1.9087  27.375316    356.787 331.105472     694211   5023.859     641529  0.000e+00
    -1.9086  27.375899    356.890 331.105475     694209   5023.898     641563  0.000e+00
    -1.9087  27.375841    356.982 331.105477     694212   5023.895     641593  0.000e+00
    -1.9086  27.375550    357.079 331.105480     694209   5023.875     641625  0.000e+00
    -1.9087  27.376716    357.192 331.105483     694211   5023.953     641662  0.000e+00
    -1.9085  27.375842    357.365 331.105486     694207   5023.895     641719  0.000e+00
    -1.9085  27.376134    357.603 331.105489     694206   5023.914     641797  0.000e+00
    -1.9086  27.375610    357.843 331.105492     694208   5023.879     641876  0.000e+00
    -1.9086  27.376893    358.087 331.105495     694209   5023.965     641956  0.000e+00
    -1.9085  27.376661    358.379 331.105498     694207   5023.949     642052  0.000e+00
    -1.9084  27.375904    358.672 331.105501     694204   5023.898     642148  0.000e+00
    -1.9083  27.377187    358.903 331.105503     694203   5023.984     642224  0.000e+00
    -1.9083  27.377596    359.089 331.105506     694203   5024.012     642285  0.000e+00
    -1.9085  27.377421    359.226 331.105509     694206   5024.000     642330  0.000e+00
