tests/resources/orca-test-data/SBE19plus/4794/4794_021_KiM.cnv
* Sea-Bird SBE19plus Data File:
* FileName = C:\Documents and Settings\stevens\Desktop\K131_2007\CTD\4794_021.hex
* Software Version 1.50
* Temperature SN =  4977
* Conductivity SN =  4977
* System UpLoad Time = Nov 26 2007 18:55:11
** K131 McMurdo SeaIce Work
** nov-dec 2007
** using chch plastic ctd
** times are local (NZ daylight savings)
# nquan = 8
# nvalues = 8564                                  
# units = specified
# name 0 = tv290C: Temperature [ITS-90, deg C]
# name 1 = c0mS/cm: Conductivity [mS/cm]
# name 2 = prdM: Pressure, Strain Gauge [db]
# name 3 = timeJ: Julian Days
# name 4 = f0: Frequency 0
# name 5 = f1: Frequency 1
# name 6 = f2: Frequency 2
# name 7 = flag:  0.000e+00
# span 0 =    -2.9406,    -1.9047                 
# span 1 =   0.279198,  27.378130                 
# span 2 =     -0.295,    363.209                 
# span 3 = 330.760556, 330.785333                 
# span 4 =     694122,     717354                 
# span 5 =   2638.020,   5024.047                 
# span 6 =     524307,     643638                 
# span 7 = 0.0000e+00, 0.0000e+00                 
# interval = seconds: 0.25
# start_time = Nov 26 2007 18:15:12 [Instrument's time stamp, header]
# bad_flag = -9.990e-29
*END*
[from data line 1439]
    -1.9198  27.340135    323.397 330.764719     694457   5021.508     630565  0.000e+00
    -1.9199  27.340660    323.559 330.764722     694459   5021.543     630618  0.000e+00
    -1.9200  27.340894    323.702 330.764725     694461   5021.559     630665  0.000e+00
    -1.9200  27.341185    323.863 330.764728     694461   5021.578     630718  0.000e+00
    -1.9201  27.340020    324.043 330.764731     694463   5021.500     630777  0.000e+00
    -1.9201  27.341711    324.238 330.764734     694463   5021.613     630841  0.000e+00
    -1.9201  27.341711    324.427 330.764737     694463   5021.613     630903  0.000e+00
    -1.9200  27.341187    324.600 330.764740     694461   5021.578     630960  0.000e+00
    -1.9201  27.340896    324.759 330.764742     694464   5021.559     631012  0.000e+00
    -1.9201  27.340664    324.911 330.764745     694465   5021.543     631062  0.000e+00
    -1.9201  27.341422    325.088 330.764748     694465   5021.594     631120  0.000e+00
    -1.9200  27.342530    325.264 330.764751     694462   5021.668     631178  0.000e+00
    -1.9199  27.342880    325.416 330.764754     694459   5021.691     631228  0.000e+00
    -1.9195  27.343055    325.563 330.764757     694451   5021.703     631276  0.000e+00
    -1.9191  27.343580    325.703 330.764760     694442   5021.738     631322  0.000e+00
    -1.9190  27.343114    325.843 330.764763     694439   5021.707     631368  0.000e+00
    -1.9189  27.343289    326.004 330.764766     694437   5021.719     631421  0.000e+00
    -1.9187  27.343406    326.181 330.764769     694433   5021.727     631479  0.000e+00
    -1.9188  27.343581    326.342 330.764771     694434   5021.738     631532  0.000e+00
    -1.9186  27.343057    326.485 330.764774     694431   5021.703     631579  0.000e+00
    -1.9188  27.343407    326.629 330.764777     694436   5021.727     631626  0.000e+00
    -1.9188  27.344107    326.772 330.764780     694434   5021.773     631673  0.000e+00
    -1.9187  27.343816    326.921 330.764783     694433   5021.754     631722  0.000e+00
    -1.9187  27.344574    327.088 330.764786     694432   5021.805     631777  0.000e+00
    -1.9186  27.344108    327.259 330.764789     694431   5021.773     631833  0.000e+00
    -1.9186  27.343701    327.402 330.764792     694431   5021.746     631880  0.000e+00
    -1.9184  27.344109    327.548 330.764795     694427   5021.773     631928  0.000e+00
    -1.9183  27.344401    327.688 330.764797     694425   5021.793     631974  0.000e+00
    -1.9186  27.344809    327.844 330.764800     694431   5021.820     632025  0.000e+00
    -1.9187  27.344402    327.999 330.764803     694432   5021.793     632076  0.000e+00
    -1.9187  27.345102    328.139 330.764806     694432   5021.840     632122  0.000e+00
    -1.9188  27.344402    328.252 330.764809     694435   5021.793     632159  0.000e+00
    -1.9187  27.345160    328.346 330.764812     694433   5021.844     632190  0.000e+00
    -1.9186  27.343995    328.410 330.764815     694430   5021.766     632211  0.000e+00
    -1.9188  27.344636    328.450 330.764818     694434   5021.809     632224  0.000e+00
    -1.9188  27.344928    328.483 330.764821     694435   5021.828     632235  0.000e+00
    -1.9188  27.344578    328.541 330.764823     694436   5021.805     632254  0.000e+00
    -1.9187  27.344637    328.629 330.764826     694432   5021.809     632283  0.000e+00
    -1.9187  27.344579    328.763 330.764829     694432   5021.805     632327  0.000e+00
    -1.9186  27.345686    328.922 330.764832     694430   5021.879     632379  0.000e+00
    -1.9188  27.345687    329.095 330.764835     694434   5021.879     632436  0.000e+00
    -1.9187  27.346212    329.260 330.764838     694432   5021.914     632490  0.000e+00
    -1.9185  27.345688    329.415 330.764841     694428   5021.879     632541  0.000e+00
    -1.9183  27.345980    329.580 330.764844     694423   5021.898     632595  0.000e+00
    -1.9183  27.346213    329.762 330.764847     694425   5021.914     632655  0.000e+00
    -1.9181  27.346214    329.948 330.764850     694419   5021.914     632716  0.000e+00
    -1.9178  27.347671    330.106 330.764852     694413   5022.012     632768  0.000e+00
    -1.9174  27.347555    330.268 330.764855     694405   5022.004     632821  0.000e+00
    -1.9172  27.347847    330.447 330.764858     694400   5022.023     632880  0.000e+00
    -1.9171  27.347090    330.645 330.764861     694398   5021.973     632945  0.000e+00
    -1.9168  27.347848    330.837 330.764864     694390   5022.023     633008  0.000e+00
    -1.9168  27.348781    331.035 330.764867     694390   5022.086     633073  0.000e+00
    -1.9167  27.348374    331.255 330.764870     694389   5022.059     633145  0.000e+00
    -1.9168  27.347558    331.480 330.764873     694391   5022.004     633219  0.000e+00
    -1.9164  27.348783    331.696 330.764876     694382   5022.086     633290  0.000e+00
    -1.9167  27.349425    331.900 330.764878     694388   5022.129     633357  0.000e+00
    -1.9163  27.349425    332.092 330.764881     694380   5022.129     633420  0.000e+00
    -1.9159  27.351582    332.317 330.764884     694370   5022.273     633494  0.000e+00
    -1.9152  27.351816    332.521 330.764887     694356   5022.289     633561  0.000e+00
    -1.9146  27.350767    332.695 330.764890     694341   5022.219     633618  0.000e+00
    -1.9143  27.350767    332.866 330.764893     694335   5022.219     633674  0.000e+00
    -1.9147  27.352342    333.051 330.764896     694345   5022.324     633735  0.000e+00
    -1.9146  27.350768    333.240 330.764899     694341   5022.219     633797  0.000e+00
    -1.9148  27.351294    333.417 330.764902     694346   5022.254     633855  0.000e+00
    -1.9148  27.350769    333.548 330.764905     694346   5022.219     633898  0.000e+00
    -1.9151  27.350770    333.618 330.764907     694353   5022.219     633921  0.000e+00
    -1.9154  27.350770    333.660 330.764910     694359   5022.219     633935  0.000e+00
    -1.9154  27.351061    333.703 330.764913     694359   5022.238     633949  0.000e+00
    -1.9153  27.350770    333.752 330.764916     694357   5022.219     633965  0.000e+00
    -1.9151  27.350479    333.800 330.764919     694354   5022.199     633981  0.000e+00
    -1.9151  27.351062    333.855 330.764922     694353   5022.238     633999  0.000e+00
    -1.9149  27.351062    333.931 330.764925     694349   5022.238     634024  0.000e+00
    -1.9148  27.352170    334.075 330.764928     694346   5022.313     634071  0.000e+00
    -1.9147  27.353977    334.239 330.764931     694344   5022.434     634125  0.000e+00
    -1.9141  27.353453    334.425 330.764933     694330   5022.398     634186  0.000e+00
    -1.9137  27.354444    334.620 330.764936     694322   5022.465     634250  0.000e+00
    -1.9135  27.351589    334.793 330.764939     694317   5022.273     634307  0.000e+00
    -1.9135  27.354445    334.933 330.764942     694318   5022.465     634353  0.000e+00
    -1.9134  27.353688    335.040 330.764945     694316   5022.414     634388  0.000e+00
    -1.9135  27.353688    335.119 330.764948     694318   5022.414     634414  0.000e+00
    -1.9135  27.352755    335.183 330.764951     694317   5022.352     634435  0.000e+00
    -1.9135  27.353164    335.244 330.764954     694318   5022.379     634455  0.000e+00
    -1.9137  27.353164    335.302 330.764957     694322   5022.379     634474  0.000e+00
    -1.9137  27.354446    335.357 330.764959     694323   5022.465     634492  0.000e+00
    -1.9137  27.352115    335.411 330.764962     694322   5022.309     634510  0.000e+00
    -1.9137  27.353864    335.457 330.764965     694323   5022.426     634525  0.000e+00
    -1.9137  27.353164    335.515 330.764968     694323   5022.379     634544  0.000e+00
    -1.9138  27.352931    335.594 330.764971     694325   5022.363     634570  0.000e+00
    -1.9140  27.351591    335.683 330.764974     694329   5022.273     634599  0.000e+00
    -1.9144  27.351067    335.768 330.764977     694337   5022.238     634627  0.000e+00
    -1.9151  27.352641    335.893 330.764980     694352   5022.344     634668  0.000e+00
    -1.9150  27.353574    336.011 330.764983     694351   5022.406     634707  0.000e+00
    -1.9142  27.354507    336.100 330.764986     694333   5022.469     634736  0.000e+00
    -1.9136  27.355265    336.170 330.764988     694320   5022.520     634759  0.000e+00
    -1.9134  27.354507    336.240 330.764991     694315   5022.469     634782  0.000e+00
    -1.9133  27.355323    336.295 330.764994     694313   5022.523     634800  0.000e+00
    -1.9132  27.355556    336.322 330.764997     694311   5022.539     634809  0.000e+00
    -1.9131  27.354507    336.334 330.765000     694309   5022.469     634813  0.000e+00
    -1.9132  27.353575    336.362 330.765003     694311   5022.406     634822  0.000e+00
    -1.9134  27.353691    336.395 330.765006     694316   5022.414     634833  0.000e+00
    -1.9135  27.354507    336.456 330.765009     694317   5022.469     634853  0.000e+00
    -1.9135  27.354683    336.553 330.765012     694317   5022.480     634885  0.000e+00
    -1.9133  27.355033    336.690 330.765014     694312   5022.504     634930  0.000e+00
    -1.9132  27.355558    336.818 330.765017     694310   5022.539     634972  0.000e+00
    -1.9128  27.355266    336.901 330.765020     694303   5022.520     634999  0.000e+00
    -1.9127  27.355558    336.916 330.765023     694299   5022.539     635004  0.000e+00
    -1.9127  27.355266    336.928 330.765026     694299   5022.520     635008  0.000e+00
    -1.9128  27.355033    336.955 330.765029     694302   5022.504     635017  0.000e+00
    -1.9128  27.355850    337.010 330.765032     694303   5022.559     635035  0.000e+00
    -1.9128  27.355267    337.092 330.765035     694302   5022.520     635062  0.000e+00
    -1.9128  27.355559    337.226 330.765038     694302   5022.539     635106  0.000e+00
    -1.9126  27.356608    337.400 330.765041     694298   5022.609     635163  0.000e+00
    -1.9125  27.356376    337.598 330.765043     694295   5022.594     635228  0.000e+00
    -1.9126  27.355852    337.823 330.765046     694297   5022.559     635302  0.000e+00
    -1.9127  27.355561    338.030 330.765049     694299   5022.539     635370  0.000e+00
    -1.9127  27.356086    338.238 330.765052     694300   5022.574     635438  0.000e+00
    -1.9129  27.356087    338.426 330.765055     694305   5022.574     635500  0.000e+00
    -1.9128  27.356145    338.603 330.765058     694302   5022.578     635558  0.000e+00
    -1.9126  27.356379    338.728 330.765061     694298   5022.594     635599  0.000e+00
    -1.9124  27.357545    338.822 330.765064     694294   5022.672     635630  0.000e+00
    -1.9122  27.356379    338.917 330.765067     694289   5022.594     635661  0.000e+00
    -1.9124  27.356904    339.032 330.765069     694293   5022.629     635699  0.000e+00
    -1.9121  27.357254    339.148 330.765072     694287   5022.652     635737  0.000e+00
    -1.9119  27.357196    339.282 330.765075     694281   5022.648     635781  0.000e+00
    -1.9119  27.356905    339.413 330.765078     694283   5022.629     635824  0.000e+00
    -1.9119  27.357255    339.547 330.765081     694283   5022.652     635868  0.000e+00
    -1.9120  27.357722    339.660 330.765084     694285   5022.684     635905  0.000e+00
    -1.9119  27.358363    339.742 330.765087     694283   5022.727     635932  0.000e+00
    -1.9115  27.357198    339.824 330.765090     694273   5022.648     635959  0.000e+00
    -1.9115  27.357723    339.922 330.765093     694274   5022.684     635991  0.000e+00
    -1.9116  27.357839    340.010 330.765095     694276   5022.691     636020  0.000e+00
    -1.9117  27.358481    340.113 330.765098     694278   5022.734     636054  0.000e+00
    -1.9115  27.357957    340.241 330.765101     694273   5022.699     636096  0.000e+00
    -1.9114  27.359239    340.354 330.765104     694270   5022.785     636133  0.000e+00
    -1.9112  27.359589    340.455 330.765107     694267   5022.809     636166  0.000e+00
    -1.9110  27.359473    340.546 330.765110     694261   5022.801     636196  0.000e+00
    -1.9107  27.359007    340.616 330.765113     694255   5022.770     636219  0.000e+00
    -1.9107  27.359007    340.668 330.765116     694256   5022.770     636236  0.000e+00
    -1.9106  27.359474    340.732 330.765119     694254   5022.801     636257  0.000e+00
    -1.9107  27.359007    340.790 330.765122     694255   5022.770     636276  0.000e+00
    -1.9106  27.359299    340.838 330.765124     694254   5022.789     636292  0.000e+00
    -1.9110  27.357259    340.893 330.765127     694261   5022.652     636310  0.000e+00
    -1.9112  27.357201    340.963 330.765130     694267   5022.648     636333  0.000e+00
    -1.9116  27.359766    341.051 330.765133     694276   5022.820     636362  0.000e+00
    -1.9113  27.359591    341.125 330.765136     694269   5022.809     636386  0.000e+00
    -1.9109  27.359824    341.161 330.765139     694259   5022.824     636398  0.000e+00
    -1.9107  27.360058    341.170 330.765142     694256   5022.840     636401  0.000e+00
    -1.9106  27.358775    341.176 330.765145     694253   5022.754     636403  0.000e+00
    -1.9105  27.359475    341.204 330.765148     694252   5022.801     636412  0.000e+00
    -1.9108  27.358775    341.243 330.765150     694257   5022.754     636425  0.000e+00
    -1.9109  27.359592    341.310 330.765153     694260   5022.809     636447  0.000e+00
    -1.9108  27.359767    341.380 330.765156     694258   5022.820     636470  0.000e+00
    -1.9106  27.359825    341.426 330.765159     694254   5022.824     636485  0.000e+00
    -1.9105  27.359825    341.441 330.765162     694252   5022.824     636490  0.000e+00
    -1.9107  27.359242    341.441 330.765165     694256   5022.785     636490  0.000e+00
    -1.9107  27.359592    341.447 330.765168     694256   5022.809     636492  0.000e+00
    -1.9107  27.360058    341.475 330.765171     694255   5022.840     636501  0.000e+00
    -1.9106  27.359301    341.511 330.765174     694254   5022.789     636513  0.000e+00
    -1.9107  27.359825    341.533 330.765177     694255   5022.824     636520  0.000e+00
    -1.9106  27.359767    341.566 330.765179     694253   5022.820     636531  0.000e+00
    -1.9106  27.359592    341.612 330.765182     694254   5022.809     636546  0.000e+00
    -1.9105  27.358776    341.688 330.765185     694250   5022.754     636571  0.000e+00
    -1.9105  27.359243    341.791 330.765188     694250   5022.785     636605  0.000e+00
    -1.9104  27.359302    341.913 330.765191     694249   5022.789     636645  0.000e+00
    -1.9105  27.359244    342.047 330.765194     694251   5022.785     636689  0.000e+00
    -1.9106  27.360876    342.184 330.765197     694253   5022.895     636734  0.000e+00
    -1.9105  27.360877    342.303 330.765200     694250   5022.895     636773  0.000e+00
    -1.9102  27.360935    342.434 330.765203     694245   5022.898     636816  0.000e+00
    -1.9101  27.361169    342.577 330.765205     694243   5022.914     636863  0.000e+00
    -1.9101  27.361169    342.729 330.765208     694241   5022.914     636913  0.000e+00
    -1.9101  27.361694    342.873 330.765211     694241   5022.949     636960  0.000e+00
    -1.9101  27.361695    343.000 330.765214     694241   5022.949     637002  0.000e+00
    -1.9102  27.361170    343.122 330.765217     694245   5022.914     637042  0.000e+00
    -1.9099  27.361462    343.238 330.765220     694237   5022.934     637080  0.000e+00
    -1.9100  27.361171    343.381 330.765223     694239   5022.914     637127  0.000e+00
    -1.9100  27.361754    343.530 330.765226     694239   5022.953     637176  0.000e+00
    -1.9099  27.361463    343.667 330.765229     694237   5022.934     637221  0.000e+00
    -1.9099  27.362338    343.801 330.765231     694238   5022.992     637265  0.000e+00
