tests/resources/orca-test-data/SBE19plus/4794/4794_036_KiM.cnv
* Sea-Bird SBE19plus Data File:
* FileName = C:\Documents and Settings\stevens\Desktop\K131_2007\CTD\4794_036.hex
* Software Version 1.50
* Temperature SN =  4977
* Conductivity SN =  4977
* System UpLoad Time = Nov 27 2007 09:12:44
** K131 McMurdo SeaIce Work
** nov-dec 2007
** using chch plastic ctd
** times are local (NZ daylight savings)
# nquan = 8
# nvalues = 3839                                  
# units = specified
# name 0 = tv290C: Temperature [ITS-90, deg C]
# name 1 = c0mS/cm: Conductivity [mS/cm]
# name 2 = prdM: Pressure, Strain Gauge [db]
# name 3 = timeJ: Julian Days
# name 4 = f0: Frequency 0
# name 5 = f1: Frequency 1
# name 6 = f2: Frequency 2
# name 7 = flag:  0.000e+00
# span 0 =    -4.0814,    -2.1115                 
# span 1 =  -0.000914,  17.366053                 
# span 2 =      1.420,    353.869                 
# span 3 = 331.343032, 331.354138                 
# span 4 =     698721,     743509                 
# span 5 =   2601.902,   4300.609                 
# span 6 =     524877,     640571                 
# span 7 = 0.0000e+00, 0.0000e+00                 
# interval = seconds: 0.25
# start_time = Nov 27 2007 08:13:58 [Instrument's time stamp, header]
# bad_flag = -9.990e-29
*END*
[from data line 3416]
    -2.1779  16.839037    353.029 331.352917     700201   4259.086     640295  0.000e+00
    -2.1779  16.841010    353.032 331.352920     700200   4259.242     640296  0.000e+00
    -2.1778  16.842441    353.032 331.352922     700199   4259.355     640296  0.000e+00
    -2.1778  16.843921    353.032 331.352925     700198   4259.473     640296  0.000e+00
    -2.1778  16.845451    353.029 331.352928     700198   4259.594     640295  0.000e+00
    -2.1778  16.846388    353.029 331.352931     700198   4259.668     640295  0.000e+00
    -2.1777  16.848214    353.032 331.352934     700196   4259.813     640296  0.000e+00
    -2.1776  16.850138    353.035 331.352937     700194   4259.965     640297  0.000e+00
    -2.1777  16.851569    353.035 331.352940     700196   4260.078     640297  0.000e+00
    -2.1776  16.853247    353.029 331.352943     700193   4260.211     640295  0.000e+00
    -2.1777  16.854728    353.029 331.352946     700196   4260.328     640295  0.000e+00
    -2.1775  16.856159    353.029 331.352948     700192   4260.441     640295  0.000e+00
    -2.1776  16.858084    353.026 331.352951     700193   4260.594     640294  0.000e+00
    -2.1776  16.859515    353.026 331.352954     700193   4260.707     640294  0.000e+00
    -2.1775  16.861588    353.032 331.352957     700192   4260.871     640296  0.000e+00
    -2.1775  16.863365    353.029 331.352960     700191   4261.012     640295  0.000e+00
    -2.1773  16.865142    353.026 331.352963     700187   4261.152     640294  0.000e+00
    -2.1774  16.866474    353.026 331.352966     700189   4261.258     640294  0.000e+00
    -2.1774  16.868794    353.023 331.352969     700189   4261.441     640293  0.000e+00
    -2.1775  16.870966    353.026 331.352972     700191   4261.613     640294  0.000e+00
    -2.1773  16.872892    353.020 331.352975     700187   4261.766     640292  0.000e+00
    -2.1773  16.875212    353.023 331.352977     700186   4261.949     640293  0.000e+00
    -2.1772  16.877631    353.026 331.352980     700185   4262.141     640294  0.000e+00
    -2.1772  16.879705    353.023 331.352983     700185   4262.305     640293  0.000e+00
    -2.1772  16.881235    353.026 331.352986     700184   4262.426     640294  0.000e+00
    -2.1772  16.883902    353.014 331.352989     700185   4262.637     640290  0.000e+00
    -2.1771  16.886124    353.023 331.352992     700183   4262.813     640293  0.000e+00
    -2.1771  16.887654    353.017 331.352995     700182   4262.934     640291  0.000e+00
    -2.1771  16.889432    353.023 331.352998     700182   4263.074     640293  0.000e+00
    -2.1771  16.891210    353.020 331.353001     700182   4263.215     640292  0.000e+00
    -2.1771  16.893482    353.023 331.353003     700183   4263.395     640293  0.000e+00
    -2.1770  16.895655    353.017 331.353006     700180   4263.566     640291  0.000e+00
    -2.1770  16.898371    353.017 331.353009     700180   4263.781     640291  0.000e+00
    -2.1771  16.900198    353.014 331.353012     700182   4263.926     640290  0.000e+00
    -2.1769  16.902668    353.020 331.353015     700177   4264.121     640292  0.000e+00
    -2.1769  16.904249    353.017 331.353018     700178   4264.246     640291  0.000e+00
    -2.1769  16.908299    353.020 331.353021     700177   4264.566     640292  0.000e+00
    -2.1770  16.913981    353.010 331.353024     700181   4265.016     640289  0.000e+00
    -2.1769  16.916155    353.007 331.353027     700178   4265.188     640288  0.000e+00
    -2.1769  16.917736    353.010 331.353030     700178   4265.313     640289  0.000e+00
    -2.1769  16.919465    353.001 331.353032     700177   4265.449     640286  0.000e+00
    -2.1768  16.921392    352.998 331.353035     700176   4265.602     640285  0.000e+00
    -2.1767  16.922726    352.992 331.353038     700173   4265.707     640283  0.000e+00
    -2.1768  16.923566    352.989 331.353041     700176   4265.773     640282  0.000e+00
    -2.1768  16.924900    352.995 331.353044     700176   4265.879     640284  0.000e+00
    -2.1768  16.925691    352.995 331.353047     700176   4265.941     640284  0.000e+00
    -2.1766  16.926877    352.995 331.353050     700172   4266.035     640284  0.000e+00
    -2.1766  16.928607    352.992 331.353053     700172   4266.172     640283  0.000e+00
    -2.1766  16.930484    352.992 331.353056     700172   4266.320     640283  0.000e+00
    -2.1767  16.931572    352.998 331.353058     700173   4266.406     640285  0.000e+00
    -2.1764  16.932906    352.992 331.353061     700168   4266.512     640283  0.000e+00
    -2.1766  16.934043    352.989 331.353064     700172   4266.602     640282  0.000e+00
    -2.1765  16.934883    352.995 331.353067     700170   4266.668     640284  0.000e+00
    -2.1765  16.936020    352.992 331.353070     700169   4266.758     640283  0.000e+00
    -2.1766  16.936959    352.989 331.353073     700171   4266.832     640282  0.000e+00
    -2.1765  16.937799    352.992 331.353076     700169   4266.898     640283  0.000e+00
    -2.1765  16.938590    352.992 331.353079     700170   4266.961     640283  0.000e+00
    -2.1765  16.939282    352.992 331.353082     700169   4267.016     640283  0.000e+00
    -2.1765  16.939776    352.995 331.353084     700169   4267.055     640284  0.000e+00
    -2.1763  16.940715    352.995 331.353087     700165   4267.129     640284  0.000e+00
    -2.1764  16.941556    352.998 331.353090     700167   4267.195     640285  0.000e+00
    -2.1764  16.941902    352.992 331.353093     700166   4267.223     640283  0.000e+00
    -2.1763  16.942890    352.995 331.353096     700165   4267.301     640284  0.000e+00
    -2.1762  16.943879    352.986 331.353099     700163   4267.379     640281  0.000e+00
    -2.1763  16.944620    352.989 331.353102     700164   4267.438     640282  0.000e+00
    -2.1762  16.945411    352.989 331.353105     700163   4267.500     640282  0.000e+00
    -2.1763  16.945955    352.992 331.353108     700164   4267.543     640283  0.000e+00
    -2.1760  16.946598    352.989 331.353111     700159   4267.594     640282  0.000e+00
    -2.1762  16.947191    352.986 331.353113     700162   4267.641     640281  0.000e+00
    -2.1763  16.948032    352.989 331.353116     700164   4267.707     640282  0.000e+00
    -2.1761  16.948130    352.989 331.353119     700161   4267.715     640282  0.000e+00
    -2.1760  16.948921    352.992 331.353122     700159   4267.777     640283  0.000e+00
    -2.1760  16.949712    352.986 331.353125     700158   4267.840     640281  0.000e+00
    -2.1761  16.950306    352.989 331.353128     700160   4267.887     640282  0.000e+00
    -2.1760  16.950701    352.992 331.353131     700158   4267.918     640283  0.000e+00
    -2.1760  16.950800    352.989 331.353134     700159   4267.926     640282  0.000e+00
    -2.1759  16.951492    352.986 331.353137     700156   4267.980     640281  0.000e+00
    -2.1760  16.952827    352.986 331.353139     700158   4268.086     640281  0.000e+00
    -2.1760  16.954953    352.992 331.353142     700158   4268.254     640283  0.000e+00
    -2.1760  16.955794    352.989 331.353145     700158   4268.320     640282  0.000e+00
    -2.1759  16.956337    352.989 331.353148     700155   4268.363     640282  0.000e+00
    -2.1760  16.957475    352.992 331.353151     700157   4268.453     640283  0.000e+00
    -2.1759  16.958513    352.992 331.353154     700155   4268.535     640283  0.000e+00
    -2.1758  16.959106    352.989 331.353157     700154   4268.582     640282  0.000e+00
    -2.1759  16.959996    352.992 331.353160     700156   4268.652     640283  0.000e+00
    -2.1757  16.960837    352.986 331.353163     700151   4268.719     640281  0.000e+00
    -2.1756  16.960837    352.992 331.353166     700150   4268.719     640283  0.000e+00
    -2.1756  16.961678    352.989 331.353168     700150   4268.785     640282  0.000e+00
    -2.1756  16.962617    352.995 331.353171     700150   4268.859     640284  0.000e+00
    -2.1755  16.962617    352.986 331.353174     700146   4268.859     640281  0.000e+00
    -2.1755  16.963359    352.989 331.353177     700146   4268.918     640282  0.000e+00
    -2.1756  16.963804    352.992 331.353180     700148   4268.953     640283  0.000e+00
    -2.1756  16.964200    352.989 331.353183     700148   4268.984     640282  0.000e+00
    -2.1754  16.964793    352.986 331.353186     700145   4269.031     640281  0.000e+00
    -2.1754  16.965634    352.989 331.353189     700145   4269.098     640282  0.000e+00
    -2.1754  16.966128    352.989 331.353192     700144   4269.137     640282  0.000e+00
    -2.1754  16.966524    352.989 331.353194     700145   4269.168     640282  0.000e+00
    -2.1753  16.967117    352.986 331.353197     700143   4269.215     640281  0.000e+00
    -2.1752  16.967909    352.989 331.353200     700141   4269.277     640282  0.000e+00
    -2.1753  16.968502    352.989 331.353203     700142   4269.324     640282  0.000e+00
    -2.1751  16.968354    352.989 331.353206     700139   4269.313     640282  0.000e+00
    -2.1751  16.969244    352.989 331.353209     700139   4269.383     640282  0.000e+00
    -2.1750  16.970035    352.989 331.353212     700136   4269.445     640282  0.000e+00
    -2.1750  16.970480    352.986 331.353215     700136   4269.480     640281  0.000e+00
    -2.1750  16.971618    352.989 331.353218     700136   4269.570     640282  0.000e+00
    -2.1750  16.971618    352.992 331.353220     700136   4269.570     640283  0.000e+00
    -2.1750  16.972162    352.986 331.353223     700136   4269.613     640281  0.000e+00
    -2.1750  16.972607    352.986 331.353226     700135   4269.648     640281  0.000e+00
    -2.1748  16.973200    352.983 331.353229     700132   4269.695     640280  0.000e+00
    -2.1748  16.973843    352.986 331.353232     700131   4269.746     640281  0.000e+00
    -2.1747  16.974338    352.989 331.353235     700130   4269.785     640282  0.000e+00
    -2.1747  16.974734    352.980 331.353238     700130   4269.816     640279  0.000e+00
    -2.1747  16.975525    352.983 331.353241     700128   4269.879     640280  0.000e+00
    -2.1747  16.975327    352.986 331.353244     700128   4269.863     640281  0.000e+00
    -2.1747  16.975525    352.986 331.353247     700128   4269.879     640281  0.000e+00
    -2.1745  16.976317    352.983 331.353249     700124   4269.941     640280  0.000e+00
    -2.1745  16.976910    352.980 331.353252     700124   4269.988     640279  0.000e+00
    -2.1746  16.977306    352.980 331.353255     700126   4270.020     640279  0.000e+00
    -2.1744  16.978246    352.983 331.353258     700123   4270.094     640280  0.000e+00
    -2.1745  16.978097    352.986 331.353261     700124   4270.082     640281  0.000e+00
    -2.1744  16.978839    352.980 331.353264     700122   4270.141     640279  0.000e+00
    -2.1744  16.979433    352.983 331.353267     700122   4270.188     640280  0.000e+00
    -2.1743  16.980125    352.983 331.353270     700119   4270.242     640280  0.000e+00
    -2.1743  16.980422    352.986 331.353273     700119   4270.266     640281  0.000e+00
    -2.1742  16.984132    352.989 331.353275     700117   4270.559     640282  0.000e+00
    -2.1741  16.986210    352.983 331.353278     700116   4270.723     640280  0.000e+00
    -2.1741  16.987100    352.986 331.353281     700115   4270.793     640281  0.000e+00
    -2.1741  16.988040    352.986 331.353284     700116   4270.867     640281  0.000e+00
    -2.1741  16.988931    352.977 331.353287     700116   4270.938     640278  0.000e+00
    -2.1739  16.989426    352.992 331.353290     700112   4270.977     640283  0.000e+00
    -2.1740  16.989821    352.986 331.353293     700113   4271.008     640281  0.000e+00
    -2.1740  16.990613    352.989 331.353296     700113   4271.070     640282  0.000e+00
    -2.1740  16.990415    352.986 331.353299     700114   4271.055     640281  0.000e+00
    -2.1738  16.991405    352.983 331.353302     700110   4271.133     640280  0.000e+00
    -2.1738  16.991652    352.986 331.353304     700109   4271.152     640281  0.000e+00
    -2.1738  16.991998    352.983 331.353307     700108   4271.180     640280  0.000e+00
    -2.1738  16.989426    352.983 331.353310     700109   4270.977     640280  0.000e+00
    -2.1737  16.989327    352.983 331.353313     700106   4270.969     640280  0.000e+00
    -2.1737  16.990019    352.989 331.353316     700106   4271.023     640282  0.000e+00
    -2.1736  16.990217    352.983 331.353319     700105   4271.039     640280  0.000e+00
    -2.1736  16.990613    352.983 331.353322     700105   4271.070     640280  0.000e+00
    -2.1735  16.991009    352.980 331.353325     700103   4271.102     640279  0.000e+00
    -2.1736  16.991405    352.977 331.353328     700105   4271.133     640278  0.000e+00
    -2.1735  16.992147    352.980 331.353330     700102   4271.191     640279  0.000e+00
    -2.1735  16.992295    352.977 331.353333     700103   4271.203     640278  0.000e+00
    -2.1734  16.993136    352.980 331.353336     700100   4271.270     640279  0.000e+00
    -2.1734  16.993532    352.983 331.353339     700101   4271.301     640280  0.000e+00
    -2.1734  16.993977    352.977 331.353342     700100   4271.336     640278  0.000e+00
    -2.1734  16.994126    352.980 331.353345     700101   4271.348     640279  0.000e+00
    -2.1733  16.994324    352.977 331.353348     700098   4271.363     640278  0.000e+00
    -2.1733  16.994819    352.977 331.353351     700098   4271.402     640278  0.000e+00
    -2.1732  16.995709    352.974 331.353354     700095   4271.473     640277  0.000e+00
    -2.1731  16.995907    352.974 331.353356     700094   4271.488     640277  0.000e+00
    -2.1732  16.996056    352.965 331.353359     700096   4271.500     640274  0.000e+00
    -2.1731  16.996501    352.971 331.353362     700093   4271.535     640276  0.000e+00
    -2.1731  16.996501    352.971 331.353365     700094   4271.535     640276  0.000e+00
    -2.1731  16.997095    352.968 331.353368     700093   4271.582     640275  0.000e+00
    -2.1731  16.997639    352.965 331.353371     700093   4271.625     640274  0.000e+00
    -2.1730  16.998431    352.968 331.353374     700092   4271.688     640275  0.000e+00
    -2.1730  16.998431    352.971 331.353377     700091   4271.688     640276  0.000e+00
    -2.1730  16.999618    352.968 331.353380     700090   4271.781     640275  0.000e+00
    -2.1729  16.999420    352.956 331.353383     700088   4271.766     640271  0.000e+00
    -2.1729  17.000014    352.965 331.353385     700089   4271.813     640274  0.000e+00
    -2.1729  17.000064    352.968 331.353388     700088   4271.816     640275  0.000e+00
    -2.1728  17.000806    352.965 331.353391     700087   4271.875     640274  0.000e+00
    -2.1728  17.000806    352.962 331.353394     700086   4271.875     640273  0.000e+00
    -2.1728  17.001944    352.968 331.353397     700086   4271.965     640275  0.000e+00
    -2.1726  17.001598    352.968 331.353400     700083   4271.938     640275  0.000e+00
    -2.1728  17.001598    352.968 331.353403     700086   4271.938     640275  0.000e+00
    -2.1726  17.002142    352.971 331.353406     700083   4271.980     640276  0.000e+00
    -2.1725  17.002736    352.968 331.353409     700079   4272.027     640275  0.000e+00
    -2.1725  17.003132    352.968 331.353411     700081   4272.059     640275  0.000e+00
    -2.1726  17.004023    352.965 331.353414     700083   4272.129     640274  0.000e+00
    -2.1725  17.004122    352.971 331.353417     700081   4272.137     640276  0.000e+00
    -2.1724  17.003924    352.962 331.353420     700078   4272.121     640273  0.000e+00
    -2.1725  17.004666    352.962 331.353423     700079   4272.180     640273  0.000e+00
    -2.1723  17.004715    352.965 331.353426     700075   4272.184     640274  0.000e+00
    -2.1723  17.005111    352.974 331.353429     700076   4272.215     640277  0.000e+00
    -2.1723  17.005309    352.965 331.353432     700075   4272.230     640274  0.000e+00
