tests/resources/orca-test-data/SBE19plus/4794/4794_030_KiM.cnv
* Sea-Bird SBE19plus Data File:
* FileName = C:\Documents and Settings\stevens\Desktop\K131_2007\CTD\4794_030.hex
* Software Version 1.50
* Temperature SN =  4977
* Conductivity SN =  4977
* System UpLoad Time = Nov 27 2007 02:41:37
** K131 McMurdo SeaIce Work
** nov-dec 2007
** using chch plastic ctd
** times are local (NZ daylight savings)
# nquan = 8
# nvalues = 6849                                  
# units = specified
# name 0 = tv290C: Temperature [ITS-90, deg C]
# name 1 = c0mS/cm: Conductivity [mS/cm]
# name 2 = prdM: Pressure, Strain Gauge [db]
# name 3 = timeJ: Julian Days
# name 4 = f0: Frequency 0
# name 5 = f1: Frequency 1
# name 6 = f2: Frequency 2
# name 7 = flag:  0.000e+00
# span 0 =    -6.8652,    -1.9076                 
# span 1 =   0.000259,  27.378238                 
# span 2 =     -0.268,    359.689                 
# span 3 = 331.089907, 331.109722                 
# span 4 =     694187,     809751                 
# span 5 =   2602.055,   5024.055                 
# span 6 =     524316,     642482                 
# span 7 = 0.0000e+00, 0.0000e+00                 
# interval = seconds: 0.25
# start_time = Nov 27 2007 02:09:28 [Instrument's time stamp, header]
# bad_flag = -9.990e-29
*END*
[from data line 6113]
    -1.9389  27.232630    190.541 331.107595     694881   5014.320     586945  0.000e+00
    -1.9386  27.233269    190.152 331.107598     694874   5014.363     586817  0.000e+00
    -1.9381  27.233152    189.771 331.107601     694864   5014.355     586692  0.000e+00
    -1.9378  27.232976    189.384 331.107604     694857   5014.344     586565  0.000e+00
    -1.9374  27.232859    189.006 331.107607     694848   5014.336     586441  0.000e+00
    -1.9370  27.232858    188.625 331.107610     694839   5014.336     586316  0.000e+00
    -1.9366  27.232158    188.242 331.107613     694831   5014.289     586190  0.000e+00
    -1.9364  27.231284    187.867 331.107616     694825   5014.230     586067  0.000e+00
    -1.9361  27.229887    187.492 331.107619     694820   5014.137     585944  0.000e+00
    -1.9361  27.230235    187.127 331.107622     694819   5014.160     585824  0.000e+00
    -1.9362  27.229943    186.743 331.107624     694821   5014.141     585698  0.000e+00
    -1.9361  27.229360    186.359 331.107627     694818   5014.102     585572  0.000e+00
    -1.9359  27.228893    185.990 331.107630     694815   5014.070     585451  0.000e+00
    -1.9360  27.228776    185.607 331.107633     694816   5014.063     585325  0.000e+00
    -1.9358  27.228659    185.229 331.107636     694813   5014.055     585201  0.000e+00
    -1.9358  27.228134    184.842 331.107639     694812   5014.020     585074  0.000e+00
    -1.9358  27.228191    184.455 331.107642     694813   5014.023     584947  0.000e+00
    -1.9358  27.227608    184.062 331.107645     694813   5013.984     584818  0.000e+00
    -1.9358  27.227665    183.678 331.107648     694813   5013.988     584692  0.000e+00
    -1.9357  27.227839    183.304 331.107650     694811   5014.000     584569  0.000e+00
    -1.9358  27.227081    182.917 331.107653     694813   5013.949     584442  0.000e+00
    -1.9356  27.227022    182.539 331.107656     694809   5013.945     584318  0.000e+00
    -1.9357  27.226265    182.155 331.107659     694810   5013.895     584192  0.000e+00
    -1.9356  27.226787    181.775 331.107662     694809   5013.930     584067  0.000e+00
    -1.9356  27.226495    181.388 331.107665     694808   5013.910     583940  0.000e+00
    -1.9356  27.226494    181.001 331.107668     694807   5013.910     583813  0.000e+00
    -1.9356  27.225737    180.623 331.107671     694808   5013.859     583689  0.000e+00
    -1.9354  27.225736    180.227 331.107674     694804   5013.859     583559  0.000e+00
    -1.9353  27.226491    179.834 331.107677     694802   5013.910     583430  0.000e+00
    -1.9354  27.225967    179.447 331.107679     694803   5013.875     583303  0.000e+00
    -1.9354  27.226257    179.063 331.107682     694803   5013.895     583177  0.000e+00
    -1.9353  27.225732    178.677 331.107685     694802   5013.859     583050  0.000e+00
    -1.9352  27.225964    178.290 331.107688     694799   5013.875     582923  0.000e+00
    -1.9352  27.225206    177.912 331.107691     694798   5013.824     582799  0.000e+00
    -1.9351  27.225205    177.528 331.107694     694797   5013.824     582673  0.000e+00
    -1.9352  27.224564    177.141 331.107697     694800   5013.781     582546  0.000e+00
    -1.9353  27.224912    176.758 331.107700     694802   5013.805     582420  0.000e+00
    -1.9354  27.223398    176.374 331.107703     694804   5013.703     582294  0.000e+00
    -1.9355  27.223863    175.990 331.107705     694805   5013.734     582168  0.000e+00
    -1.9356  27.223862    175.600 331.107708     694808   5013.734     582040  0.000e+00
    -1.9356  27.223686    175.219 331.107711     694809   5013.723     581915  0.000e+00
    -1.9357  27.222812    174.838 331.107714     694811   5013.664     581790  0.000e+00
    -1.9357  27.223684    174.445 331.107717     694811   5013.723     581661  0.000e+00
    -1.9358  27.222287    174.059 331.107720     694813   5013.629     581534  0.000e+00
    -1.9360  27.222577    173.666 331.107723     694816   5013.648     581405  0.000e+00
    -1.9359  27.222285    173.276 331.107726     694814   5013.629     581277  0.000e+00
    -1.9358  27.222516    172.880 331.107729     694812   5013.645     581147  0.000e+00
    -1.9359  27.222573    172.481 331.107731     694815   5013.648     581016  0.000e+00
    -1.9359  27.222514    172.088 331.107734     694815   5013.645     580887  0.000e+00
    -1.9359  27.221466    171.695 331.107737     694814   5013.574     580758  0.000e+00
    -1.9360  27.221174    171.293 331.107740     694816   5013.555     580626  0.000e+00
    -1.9359  27.221173    170.897 331.107743     694814   5013.555     580496  0.000e+00
    -1.9361  27.221172    170.501 331.107746     694818   5013.555     580366  0.000e+00
    -1.9360  27.220938    170.101 331.107749     694816   5013.539     580235  0.000e+00
    -1.9361  27.221170    169.718 331.107752     694820   5013.555     580109  0.000e+00
    -1.9361  27.220121    169.334 331.107755     694820   5013.484     579983  0.000e+00
    -1.9361  27.220644    168.935 331.107758     694818   5013.520     579852  0.000e+00
    -1.9361  27.219479    168.551 331.107760     694819   5013.441     579726  0.000e+00
    -1.9359  27.220118    168.146 331.107763     694814   5013.484     579593  0.000e+00
    -1.9359  27.220292    167.759 331.107766     694815   5013.496     579466  0.000e+00
    -1.9360  27.219884    167.351 331.107769     694816   5013.469     579332  0.000e+00
    -1.9359  27.219766    166.955 331.107772     694814   5013.461     579202  0.000e+00
    -1.9360  27.219881    166.556 331.107775     694816   5013.469     579071  0.000e+00
    -1.9360  27.219357    166.157 331.107778     694817   5013.434     578940  0.000e+00
    -1.9359  27.218890    165.751 331.107781     694815   5013.402     578807  0.000e+00
    -1.9359  27.218831    165.343 331.107784     694814   5013.398     578673  0.000e+00
    -1.9360  27.219179    164.935 331.107786     694817   5013.422     578539  0.000e+00
    -1.9359  27.218829    164.536 331.107789     694815   5013.398     578408  0.000e+00
    -1.9359  27.218653    164.122 331.107792     694814   5013.387     578272  0.000e+00
    -1.9358  27.217721    163.720 331.107795     694812   5013.324     578140  0.000e+00
    -1.9357  27.217720    163.324 331.107798     694811   5013.324     578010  0.000e+00
    -1.9359  27.217486    162.918 331.107801     694814   5013.309     577877  0.000e+00
    -1.9361  27.217718    162.519 331.107804     694820   5013.324     577746  0.000e+00
    -1.9362  27.217252    162.123 331.107807     694821   5013.293     577616  0.000e+00
    -1.9359  27.217192    161.730 331.107810     694815   5013.289     577487  0.000e+00
    -1.9359  27.216668    161.337 331.107813     694815   5013.254     577358  0.000e+00
    -1.9360  27.215561    160.929 331.107815     694816   5013.180     577224  0.000e+00
    -1.9360  27.216666    160.518 331.107818     694817   5013.254     577089  0.000e+00
    -1.9361  27.215792    160.107 331.107821     694818   5013.195     576954  0.000e+00
    -1.9360  27.215907    159.695 331.107824     694816   5013.203     576819  0.000e+00
    -1.9361  27.214684    159.299 331.107827     694819   5013.121     576689  0.000e+00
    -1.9361  27.215614    158.913 331.107830     694818   5013.184     576562  0.000e+00
    -1.9361  27.215089    158.504 331.107833     694819   5013.148     576428  0.000e+00
    -1.9361  27.215554    158.111 331.107836     694819   5013.180     576299  0.000e+00
    -1.9363  27.214796    157.718 331.107839     694823   5013.129     576170  0.000e+00
    -1.9362  27.214970    157.322 331.107841     694821   5013.141     576040  0.000e+00
    -1.9361  27.214271    156.923 331.107844     694820   5013.094     575909  0.000e+00
    -1.9361  27.213746    156.518 331.107847     694820   5013.059     575776  0.000e+00
    -1.9361  27.213280    156.122 331.107850     694819   5013.027     575646  0.000e+00
    -1.9360  27.214035    155.729 331.107853     694817   5013.078     575517  0.000e+00
    -1.9360  27.213277    155.330 331.107856     694817   5013.027     575386  0.000e+00
    -1.9361  27.214033    154.925 331.107859     694820   5013.078     575253  0.000e+00
    -1.9362  27.213857    154.529 331.107862     694821   5013.066     575123  0.000e+00
    -1.9361  27.212983    154.127 331.107865     694818   5013.008     574991  0.000e+00
    -1.9362  27.213215    153.725 331.107867     694822   5013.023     574859  0.000e+00
    -1.9362  27.212981    153.319 331.107870     694821   5013.008     574726  0.000e+00
    -1.9365  27.212689    152.917 331.107873     694827   5012.988     574594  0.000e+00
    -1.9363  27.212165    152.518 331.107876     694824   5012.953     574463  0.000e+00
    -1.9365  27.211873    152.116 331.107879     694827   5012.934     574331  0.000e+00
    -1.9365  27.212163    151.705 331.107882     694829   5012.953     574196  0.000e+00
    -1.9363  27.211871    151.303 331.107885     694823   5012.934     574064  0.000e+00
    -1.9365  27.211870    150.892 331.107888     694829   5012.934     573929  0.000e+00
    -1.9362  27.211578    150.489 331.107891     694822   5012.914     573797  0.000e+00
    -1.9364  27.211344    150.081 331.107894     694826   5012.898     573663  0.000e+00
    -1.9366  27.211285    149.679 331.107896     694830   5012.895     573531  0.000e+00
    -1.9367  27.211342    149.274 331.107899     694832   5012.898     573398  0.000e+00
    -1.9365  27.210584    148.863 331.107902     694828   5012.848     573263  0.000e+00
    -1.9366  27.210758    148.464 331.107905     694830   5012.859     573132  0.000e+00
    -1.9365  27.210291    148.061 331.107908     694827   5012.828     573000  0.000e+00
    -1.9367  27.209650    147.671 331.107911     694832   5012.785     572872  0.000e+00
    -1.9366  27.210057    147.263 331.107914     694831   5012.813     572738  0.000e+00
    -1.9368  27.209241    146.858 331.107917     694834   5012.758     572605  0.000e+00
    -1.9367  27.209066    146.459 331.107920     694832   5012.746     572474  0.000e+00
    -1.9365  27.209239    146.054 331.107922     694828   5012.758     572341  0.000e+00
    -1.9366  27.208773    145.646 331.107925     694831   5012.727     572207  0.000e+00
    -1.9367  27.208713    145.237 331.107928     694832   5012.723     572073  0.000e+00
    -1.9365  27.208770    144.838 331.107931     694829   5012.727     571942  0.000e+00
    -1.9364  27.208188    144.424 331.107934     694826   5012.688     571806  0.000e+00
    -1.9370  27.208186    144.007 331.107937     694838   5012.688     571669  0.000e+00
    -1.9366  27.207953    143.608 331.107940     694831   5012.672     571538  0.000e+00
    -1.9369  27.207661    143.190 331.107943     694837   5012.652     571401  0.000e+00
    -1.9366  27.208241    142.791 331.107946     694831   5012.691     571270  0.000e+00
    -1.9365  27.207659    142.389 331.107948     694827   5012.652     571138  0.000e+00
    -1.9369  27.207367    141.993 331.107951     694836   5012.633     571008  0.000e+00
    -1.9369  27.207657    141.594 331.107954     694837   5012.652     570877  0.000e+00
    -1.9367  27.207656    141.183 331.107957     694833   5012.652     570742  0.000e+00
    -1.9367  27.207364    140.787 331.107960     694832   5012.633     570612  0.000e+00
    -1.9365  27.206025    140.382 331.107963     694827   5012.543     570479  0.000e+00
    -1.9365  27.206547    139.979 331.107966     694828   5012.578     570347  0.000e+00
    -1.9366  27.206313    139.580 331.107969     694831   5012.563     570216  0.000e+00
    -1.9366  27.207359    139.181 331.107972     694830   5012.633     570085  0.000e+00
    -1.9369  27.206544    138.779 331.107975     694836   5012.578     569953  0.000e+00
    -1.9369  27.205787    138.380 331.107977     694837   5012.527     569822  0.000e+00
    -1.9367  27.205669    137.978 331.107980     694833   5012.520     569690  0.000e+00
    -1.9367  27.205261    137.582 331.107983     694833   5012.492     569560  0.000e+00
    -1.9367  27.204853    137.183 331.107986     694832   5012.465     569429  0.000e+00
    -1.9367  27.204444    136.784 331.107989     694832   5012.438     569298  0.000e+00
    -1.9368  27.204211    136.385 331.107992     694834   5012.422     569167  0.000e+00
    -1.9368  27.203977    135.979 331.107995     694835   5012.406     569034  0.000e+00
    -1.9366  27.205256    135.586 331.107998     694831   5012.492     568905  0.000e+00
    -1.9368  27.204266    135.181 331.108001     694835   5012.426     568772  0.000e+00
    -1.9367  27.204439    134.785 331.108003     694832   5012.438     568642  0.000e+00
    -1.9365  27.204729    134.374 331.108006     694829   5012.457     568507  0.000e+00
    -1.9361  27.204553    133.972 331.108009     694819   5012.445     568375  0.000e+00
    -1.9360  27.203912    133.564 331.108012     694817   5012.402     568241  0.000e+00
    -1.9360  27.203737    133.149 331.108015     694817   5012.391     568105  0.000e+00
    -1.9358  27.203387    132.744 331.108018     694813   5012.367     567972  0.000e+00
    -1.9357  27.203735    132.333 331.108021     694810   5012.391     567837  0.000e+00
    -1.9357  27.204199    131.918 331.108024     694810   5012.422     567701  0.000e+00
    -1.9356  27.203093    131.501 331.108027     694808   5012.348     567564  0.000e+00
    -1.9356  27.202568    131.084 331.108030     694807   5012.313     567427  0.000e+00
    -1.9356  27.203090    130.669 331.108032     694808   5012.348     567291  0.000e+00
    -1.9356  27.202857    130.267 331.108035     694809   5012.332     567159  0.000e+00
    -1.9356  27.203088    129.862 331.108038     694809   5012.348     567026  0.000e+00
    -1.9355  27.202040    129.454 331.108041     694806   5012.277     566892  0.000e+00
    -1.9354  27.202330    129.055 331.108044     694804   5012.297     566761  0.000e+00
    -1.9357  27.202329    128.643 331.108047     694810   5012.297     566626  0.000e+00
    -1.9356  27.201746    128.241 331.108050     694807   5012.258     566494  0.000e+00
    -1.9356  27.201512    127.830 331.108053     694808   5012.242     566359  0.000e+00
    -1.9357  27.200871    127.428 331.108056     694811   5012.199     566227  0.000e+00
    -1.9359  27.201278    127.017 331.108058     694815   5012.227     566092  0.000e+00
    -1.9359  27.200462    126.602 331.108061     694815   5012.172     565956  0.000e+00
    -1.9360  27.200636    126.191 331.108064     694817   5012.184     565821  0.000e+00
    -1.9362  27.200460    125.777 331.108067     694821   5012.172     565685  0.000e+00
    -1.9362  27.200343    125.362 331.108070     694821   5012.164     565549  0.000e+00
    -1.9363  27.199934    124.951 331.108073     694823   5012.137     565414  0.000e+00
    -1.9362  27.199468    124.537 331.108076     694821   5012.105     565278  0.000e+00
    -1.9363  27.199641    124.116 331.108079     694823   5012.117     565140  0.000e+00
    -1.9364  27.199408    123.699 331.108082     694826   5012.102     565003  0.000e+00
    -1.9363  27.199232    123.291 331.108084     694824   5012.090     564869  0.000e+00
    -1.9363  27.198882    122.873 331.108087     694824   5012.066     564732  0.000e+00
    -1.9363  27.198357    122.456 331.108090     694824   5012.031     564595  0.000e+00
    -1.9365  27.198880    122.045 331.108093     694829   5012.066     564460  0.000e+00
    -1.9365  27.198064    121.627 331.108096     694828   5012.012     564323  0.000e+00
    -1.9365  27.198063    121.213 331.108099     694828   5012.012     564187  0.000e+00
    -1.9364  27.198353    120.799 331.108102     694826   5012.031     564051  0.000e+00
    -1.9365  27.197828    120.378 331.108105     694828   5011.996     563913  0.000e+00
    -1.9362  27.197013    119.967 331.108108     694822   5011.941     563778  0.000e+00
    -1.9361  27.197826    119.556 331.108111     694818   5011.996     563643  0.000e+00
