tests/resources/orca-test-data/SBE19plus/4794/4794_015_KiM.cnv
* Sea-Bird SBE19plus Data File:
* FileName = C:\Documents and Settings\stevens\Desktop\K131_2007\CTD\4794_015.hex
* Software Version 1.50
* Temperature SN =  4977
* Conductivity SN =  4977
* System UpLoad Time = Nov 26 2007 13:48:13
** K131 McMurdo SeaIce Work
** nov-dec 2007
** using chch plastic ctd
** times are local (NZ daylight savings)
# nquan = 8
# nvalues = 2689                                  
# units = specified
# name 0 = tv290C: Temperature [ITS-90, deg C]
# name 1 = c0mS/cm: Conductivity [mS/cm]
# name 2 = prdM: Pressure, Strain Gauge [db]
# name 3 = timeJ: Julian Days
# name 4 = f0: Frequency 0
# name 5 = f1: Frequency 1
# name 6 = f2: Frequency 2
# name 7 = flag:  0.000e+00
# span 0 =    -3.0120,    -1.9055                 
# span 1 =   0.050419,  27.383785                 
# span 2 =     -0.272,    362.316                 
# span 3 = 330.552199, 330.559977                 
# span 4 =     694141,     718974                 
# span 5 =   2608.559,   5024.426                 
# span 6 =     524319,     643345                 
# span 7 = 0.0000e+00, 0.0000e+00                 
# interval = seconds: 0.25
# start_time = Nov 26 2007 13:15:10 [Instrument's time stamp, header]
# bad_flag = -9.990e-29
*END*
[from data line 2338]
    -1.9560  27.218615    193.325 330.558964     695261   5013.379     587859  0.000e+00
    -1.9555  27.219254    192.935 330.558967     695250   5013.422     587731  0.000e+00
    -1.9550  27.218322    192.551 330.558970     695238   5013.359     587605  0.000e+00
    -1.9552  27.218728    192.158 330.558973     695243   5013.387     587476  0.000e+00
    -1.9548  27.218611    191.775 330.558976     695235   5013.379     587350  0.000e+00
    -1.9546  27.218086    191.388 330.558979     695230   5013.344     587223  0.000e+00
    -1.9544  27.217852    190.995 330.558981     695226   5013.328     587094  0.000e+00
    -1.9542  27.218316    190.599 330.558984     695220   5013.359     586964  0.000e+00
    -1.9543  27.218141    190.197 330.558987     695224   5013.348     586832  0.000e+00
    -1.9537  27.218082    189.807 330.558990     695209   5013.344     586704  0.000e+00
    -1.9537  27.217848    189.411 330.558993     695209   5013.328     586574  0.000e+00
    -1.9532  27.218080    189.021 330.558996     695199   5013.344     586446  0.000e+00
    -1.9533  27.217031    188.622 330.558999     695201   5013.273     586315  0.000e+00
    -1.9532  27.217321    188.229 330.559002     695199   5013.293     586186  0.000e+00
    -1.9530  27.217262    187.839 330.559005     695195   5013.289     586058  0.000e+00
    -1.9530  27.217319    187.437 330.559008     695195   5013.293     585926  0.000e+00
    -1.9526  27.217551    187.050 330.559010     695186   5013.309     585799  0.000e+00
    -1.9526  27.217550    186.654 330.559013     695185   5013.309     585669  0.000e+00
    -1.9524  27.217025    186.255 330.559016     695182   5013.273     585538  0.000e+00
    -1.9529  27.217024    185.859 330.559019     695191   5013.273     585408  0.000e+00
    -1.9527  27.216150    185.460 330.559022     695188   5013.215     585277  0.000e+00
    -1.9527  27.215684    185.067 330.559025     695187   5013.184     585148  0.000e+00
    -1.9530  27.215857    184.677 330.559028     695194   5013.195     585020  0.000e+00
    -1.9531  27.215391    184.287 330.559031     695197   5013.164     584892  0.000e+00
    -1.9526  27.215681    183.897 330.559034     695185   5013.184     584764  0.000e+00
    -1.9529  27.216145    183.510 330.559036     695192   5013.215     584637  0.000e+00
    -1.9529  27.215970    183.124 330.559039     695192   5013.203     584510  0.000e+00
    -1.9526  27.215852    182.728 330.559042     695185   5013.195     584380  0.000e+00
    -1.9527  27.215153    182.341 330.559045     695187   5013.148     584253  0.000e+00
    -1.9525  27.215152    181.936 330.559048     695184   5013.148     584120  0.000e+00
    -1.9525  27.214220    181.533 330.559051     695183   5013.086     583988  0.000e+00
    -1.9525  27.215383    181.137 330.559054     695183   5013.164     583858  0.000e+00
    -1.9522  27.215032    180.729 330.559057     695177   5013.141     583724  0.000e+00
    -1.9520  27.215148    180.327 330.559060     695173   5013.148     583592  0.000e+00
    -1.9520  27.215030    179.931 330.559062     695172   5013.141     583462  0.000e+00
    -1.9523  27.213807    179.523 330.559065     695178   5013.059     583328  0.000e+00
    -1.9521  27.213574    179.115 330.559068     695175   5013.043     583194  0.000e+00
    -1.9522  27.214445    178.713 330.559071     695177   5013.102     583062  0.000e+00
    -1.9519  27.213804    178.301 330.559074     695169   5013.059     582927  0.000e+00
    -1.9518  27.214210    177.902 330.559077     695167   5013.086     582796  0.000e+00
    -1.9518  27.214093    177.503 330.559080     695167   5013.078     582665  0.000e+00
    -1.9519  27.213801    177.104 330.559083     695170   5013.059     582534  0.000e+00
    -1.9519  27.212811    176.705 330.559086     695169   5012.992     582403  0.000e+00
    -1.9519  27.213275    176.315 330.559089     695170   5013.023     582275  0.000e+00
    -1.9516  27.212518    175.910 330.559091     695164   5012.973     582142  0.000e+00
    -1.9519  27.213041    175.514 330.559094     695170   5013.008     582012  0.000e+00
    -1.9515  27.213040    175.136 330.559097     695162   5013.008     581888  0.000e+00
    -1.9517  27.212748    174.740 330.559100     695165   5012.988     581758  0.000e+00
    -1.9516  27.212456    174.347 330.559103     695164   5012.969     581629  0.000e+00
    -1.9515  27.211116    173.957 330.559106     695160   5012.879     581501  0.000e+00
    -1.9513  27.212454    173.562 330.559109     695156   5012.969     581371  0.000e+00
    -1.9517  27.211638    173.166 330.559112     695166   5012.914     581241  0.000e+00
    -1.9517  27.210881    172.766 330.559115     695166   5012.863     581110  0.000e+00
    -1.9520  27.210880    172.355 330.559117     695171   5012.863     580975  0.000e+00
    -1.9515  27.211111    171.956 330.559120     695162   5012.879     580844  0.000e+00
    -1.9516  27.211168    171.560 330.559123     695164   5012.883     580714  0.000e+00
    -1.9516  27.210818    171.155 330.559126     695164   5012.859     580581  0.000e+00
    -1.9516  27.210643    170.750 330.559129     695164   5012.848     580448  0.000e+00
    -1.9516  27.210234    170.360 330.559132     695163   5012.820     580320  0.000e+00
    -1.9514  27.210350    169.967 330.559135     695158   5012.828     580191  0.000e+00
    -1.9513  27.210116    169.574 330.559138     695157   5012.813     580062  0.000e+00
    -1.9513  27.209940    169.175 330.559141     695156   5012.801     579931  0.000e+00
    -1.9516  27.209823    168.782 330.559144     695163   5012.793     579802  0.000e+00
    -1.9514  27.209706    168.383 330.559146     695159   5012.785     579671  0.000e+00
    -1.9513  27.209297    167.987 330.559149     695156   5012.758     579541  0.000e+00
    -1.9513  27.209296    167.579 330.559152     695157   5012.758     579407  0.000e+00
    -1.9514  27.209121    167.174 330.559155     695159   5012.746     579274  0.000e+00
    -1.9511  27.209003    166.774 330.559158     695153   5012.738     579143  0.000e+00
    -1.9511  27.209409    166.360 330.559161     695151   5012.766     579007  0.000e+00
    -1.9512  27.209001    165.961 330.559164     695154   5012.738     578876  0.000e+00
    -1.9510  27.208826    165.553 330.559167     695149   5012.727     578742  0.000e+00
    -1.9511  27.208243    165.145 330.559170     695153   5012.688     578608  0.000e+00
    -1.9507  27.207718    164.743 330.559172     695144   5012.652     578476  0.000e+00
    -1.9511  27.208299    164.331 330.559175     695152   5012.691     578341  0.000e+00
    -1.9506  27.207716    163.920 330.559178     695142   5012.652     578206  0.000e+00
    -1.9508  27.208006    163.512 330.559181     695146   5012.672     578072  0.000e+00
    -1.9509  27.207947    163.095 330.559184     695147   5012.668     577935  0.000e+00
    -1.9507  27.206898    162.689 330.559187     695143   5012.598     577802  0.000e+00
    -1.9508  27.206897    162.278 330.559190     695145   5012.598     577667  0.000e+00
    -1.9509  27.207420    161.873 330.559193     695147   5012.633     577534  0.000e+00
    -1.9505  27.207419    161.471 330.559196     695139   5012.633     577402  0.000e+00
    -1.9507  27.206371    161.072 330.559198     695143   5012.563     577271  0.000e+00
    -1.9505  27.206311    160.667 330.559201     695139   5012.559     577138  0.000e+00
    -1.9505  27.206892    160.258 330.559204     695138   5012.598     577004  0.000e+00
    -1.9506  27.206891    159.865 330.559207     695142   5012.598     576875  0.000e+00
    -1.9504  27.206599    159.460 330.559210     695137   5012.578     576742  0.000e+00
    -1.9505  27.206365    159.058 330.559213     695138   5012.563     576610  0.000e+00
    -1.9504  27.205724    158.647 330.559216     695136   5012.520     576475  0.000e+00
    -1.9504  27.205316    158.245 330.559219     695137   5012.492     576343  0.000e+00
    -1.9505  27.205431    157.837 330.559222     695139   5012.500     576209  0.000e+00
    -1.9504  27.205314    157.435 330.559225     695136   5012.492     576077  0.000e+00
    -1.9506  27.205313    157.036 330.559227     695141   5012.492     575946  0.000e+00
    -1.9501  27.204323    156.630 330.559230     695131   5012.426     575813  0.000e+00
    -1.9503  27.205020    156.237 330.559233     695134   5012.473     575684  0.000e+00
    -1.9505  27.204612    155.838 330.559236     695138   5012.445     575553  0.000e+00
    -1.9503  27.204785    155.436 330.559239     695134   5012.457     575421  0.000e+00
    -1.9502  27.204319    155.037 330.559242     695133   5012.426     575290  0.000e+00
    -1.9500  27.204259    154.638 330.559245     695128   5012.422     575159  0.000e+00
    -1.9500  27.203735    154.236 330.559248     695128   5012.387     575027  0.000e+00
    -1.9505  27.203792    153.840 330.559251     695138   5012.391     574897  0.000e+00
    -1.9501  27.203151    153.441 330.559253     695129   5012.348     574766  0.000e+00
    -1.9503  27.203499    153.051 330.559256     695134   5012.371     574638  0.000e+00
    -1.9505  27.203440    152.661 330.559259     695139   5012.367     574510  0.000e+00
    -1.9502  27.203148    152.268 330.559262     695132   5012.348     574381  0.000e+00
    -1.9502  27.202623    151.860 330.559265     695133   5012.313     574247  0.000e+00
    -1.9504  27.203146    151.461 330.559268     695136   5012.348     574116  0.000e+00
    -1.9504  27.202389    151.062 330.559271     695137   5012.297     573985  0.000e+00
    -1.9503  27.202388    150.675 330.559274     695135   5012.297     573858  0.000e+00
    -1.9503  27.202096    150.285 330.559277     695135   5012.277     573730  0.000e+00
    -1.9503  27.201571    149.880 330.559280     695135   5012.242     573597  0.000e+00
    -1.9507  27.201047    149.487 330.559282     695143   5012.207     573468  0.000e+00
    -1.9504  27.201511    149.078 330.559285     695136   5012.238     573334  0.000e+00
    -1.9505  27.201335    148.685 330.559288     695139   5012.227     573205  0.000e+00
    -1.9504  27.200694    148.292 330.559291     695136   5012.184     573076  0.000e+00
    -1.9504  27.200810    147.887 330.559294     695136   5012.191     572943  0.000e+00
    -1.9502  27.200925    147.488 330.559297     695132   5012.199     572812  0.000e+00
    -1.9501  27.200226    147.095 330.559300     695131   5012.152     572683  0.000e+00
    -1.9504  27.200225    146.687 330.559303     695137   5012.152     572549  0.000e+00
    -1.9506  27.199526    146.288 330.559306     695140   5012.105     572418  0.000e+00
    -1.9506  27.199467    145.883 330.559308     695142   5012.102     572285  0.000e+00
    -1.9505  27.199815    145.487 330.559311     695139   5012.125     572155  0.000e+00
    -1.9504  27.199174    145.088 330.559314     695137   5012.082     572024  0.000e+00
    -1.9506  27.198940    144.689 330.559317     695141   5012.066     571893  0.000e+00
    -1.9506  27.198706    144.296 330.559320     695141   5012.051     571764  0.000e+00
    -1.9509  27.198124    143.903 330.559323     695148   5012.012     571635  0.000e+00
    -1.9507  27.198995    143.513 330.559326     695144   5012.070     571507  0.000e+00
    -1.9508  27.197889    143.126 330.559329     695146   5011.996     571380  0.000e+00
    -1.9506  27.198120    142.733 330.559332     695140   5012.012     571251  0.000e+00
    -1.9511  27.198119    142.340 330.559334     695151   5012.012     571122  0.000e+00
    -1.9508  27.197886    141.938 330.559337     695145   5011.996     570990  0.000e+00
    -1.9511  27.197594    141.545 330.559340     695153   5011.977     570861  0.000e+00
    -1.9508  27.197302    141.149 330.559343     695145   5011.957     570731  0.000e+00
    -1.9509  27.197301    140.756 330.559346     695147   5011.957     570602  0.000e+00
    -1.9509  27.196776    140.369 330.559349     695147   5011.922     570475  0.000e+00
    -1.9511  27.197008    139.973 330.559352     695152   5011.938     570345  0.000e+00
    -1.9507  27.196774    139.577 330.559355     695143   5011.922     570215  0.000e+00
    -1.9506  27.196773    139.184 330.559358     695141   5011.922     570086  0.000e+00
    -1.9507  27.197005    138.791 330.559361     695143   5011.938     569957  0.000e+00
    -1.9505  27.196771    138.401 330.559363     695139   5011.922     569829  0.000e+00
    -1.9507  27.196479    138.011 330.559366     695143   5011.902     569701  0.000e+00
    -1.9507  27.195722    137.624 330.559369     695144   5011.852     569574  0.000e+00
    -1.9506  27.195721    137.231 330.559372     695140   5011.852     569445  0.000e+00
    -1.9504  27.195604    136.835 330.559375     695137   5011.844     569315  0.000e+00
    -1.9505  27.196010    136.460 330.559378     695138   5011.871     569192  0.000e+00
    -1.9505  27.195893    136.061 330.559381     695138   5011.863     569061  0.000e+00
    -1.9504  27.195194    135.665 330.559384     695137   5011.816     568931  0.000e+00
    -1.9506  27.195600    135.275 330.559387     695140   5011.844     568803  0.000e+00
    -1.9506  27.195192    134.879 330.559389     695141   5011.816     568673  0.000e+00
    -1.9504  27.194667    134.489 330.559392     695136   5011.781     568545  0.000e+00
    -1.9503  27.194492    134.102 330.559395     695134   5011.770     568418  0.000e+00
    -1.9505  27.194432    133.706 330.559398     695139   5011.766     568288  0.000e+00
    -1.9502  27.194490    133.316 330.559401     695133   5011.770     568160  0.000e+00
    -1.9504  27.194430    132.920 330.559404     695136   5011.766     568030  0.000e+00
    -1.9502  27.194197    132.524 330.559407     695133   5011.750     567900  0.000e+00
    -1.9503  27.194137    132.122 330.559410     695134   5011.746     567768  0.000e+00
    -1.9505  27.193846    131.726 330.559413     695139   5011.727     567638  0.000e+00
    -1.9504  27.193612    131.321 330.559416     695137   5011.711     567505  0.000e+00
    -1.9501  27.193843    130.919 330.559418     695131   5011.727     567373  0.000e+00
    -1.9501  27.193377    130.526 330.559421     695129   5011.695     567244  0.000e+00
    -1.9501  27.193085    130.121 330.559424     695129   5011.676     567111  0.000e+00
    -1.9499  27.193084    129.731 330.559427     695126   5011.676     566983  0.000e+00
    -1.9497  27.192560    129.331 330.559430     695120   5011.641     566852  0.000e+00
    -1.9500  27.192791    128.929 330.559433     695127   5011.656     566720  0.000e+00
    -1.9499  27.192209    128.530 330.559436     695126   5011.617     566589  0.000e+00
    -1.9500  27.192266    128.143 330.559439     695128   5011.621     566462  0.000e+00
    -1.9500  27.192207    127.735 330.559442     695128   5011.617     566328  0.000e+00
    -1.9497  27.191740    127.339 330.559444     695121   5011.586     566198  0.000e+00
    -1.9501  27.191507    126.940 330.559447     695129   5011.570     566067  0.000e+00
    -1.9501  27.191680    126.541 330.559450     695129   5011.582     565936  0.000e+00
    -1.9499  27.191214    126.142 330.559453     695126   5011.551     565805  0.000e+00
    -1.9500  27.191096    125.746 330.559456     695128   5011.543     565675  0.000e+00
    -1.9498  27.190397    125.334 330.559459     695124   5011.496     565540  0.000e+00
    -1.9497  27.190280    124.935 330.559462     695122   5011.488     565409  0.000e+00
    -1.9502  27.190686    124.527 330.559465     695132   5011.516     565275  0.000e+00
    -1.9500  27.190161    124.122 330.559468     695128   5011.480     565142  0.000e+00
    -1.9500  27.189695    123.723 330.559470     695128   5011.449     565011  0.000e+00
    -1.9497  27.189636    123.318 330.559473     695121   5011.445     564878  0.000e+00
    -1.9499  27.190275    122.919 330.559476     695125   5011.488     564747  0.000e+00
