tests/resources/orca-test-data/SBE19plus/4794/4794_017_KiM.cnv
* Sea-Bird SBE19plus Data File:
* FileName = C:\Documents and Settings\stevens\Desktop\K131_2007\CTD\4794_017.hex
* Software Version 1.50
* Temperature SN =  4977
* Conductivity SN =  4977
* System UpLoad Time = Nov 26 2007 15:21:21
** K131 McMurdo SeaIce Work
** nov-dec 2007
** using chch plastic ctd
** times are local (NZ daylight savings)
# nquan = 8
# nvalues = 6415                                  
# units = specified
# name 0 = tv290C: Temperature [ITS-90, deg C]
# name 1 = c0mS/cm: Conductivity [mS/cm]
# name 2 = prdM: Pressure, Strain Gauge [db]
# name 3 = timeJ: Julian Days
# name 4 = f0: Frequency 0
# name 5 = f1: Frequency 1
# name 6 = f2: Frequency 2
# name 7 = flag:  0.000e+00
# span 0 =    -3.5874,    -1.9056                 
# span 1 =   0.022356,  27.380114                 
# span 2 =     -0.301,    363.200                 
# span 3 = 330.619062, 330.637622                 
# span 4 =     694142,     732111                 
# span 5 =   2604.922,   5024.180                 
# span 6 =     524305,     643635                 
# span 7 = 0.0000e+00, 0.0000e+00                 
# interval = seconds: 0.25
# start_time = Nov 26 2007 14:51:27 [Instrument's time stamp, header]
# bad_flag = -9.990e-29
*END*
[from data line 3776]
    -1.9517  27.209529    167.662 330.629988     695165   5012.773     579434  0.000e+00
    -1.9518  27.209006    167.786 330.629991     695168   5012.738     579475  0.000e+00
    -1.9518  27.209414    167.923 330.629994     695168   5012.766     579520  0.000e+00
    -1.9520  27.209530    168.070 330.629997     695171   5012.773     579568  0.000e+00
    -1.9520  27.209414    168.195 330.630000     695171   5012.766     579609  0.000e+00
    -1.9520  27.209822    168.338 330.630003     695172   5012.793     579656  0.000e+00
    -1.9517  27.210113    168.499 330.630006     695166   5012.813     579709  0.000e+00
    -1.9516  27.209939    168.658 330.630009     695164   5012.801     579761  0.000e+00
    -1.9515  27.210347    168.853 330.630012     695160   5012.828     579825  0.000e+00
    -1.9514  27.209940    169.078 330.630014     695159   5012.801     579899  0.000e+00
    -1.9518  27.210348    169.279 330.630017     695167   5012.828     579965  0.000e+00
    -1.9517  27.210523    169.489 330.630020     695166   5012.840     580034  0.000e+00
    -1.9520  27.210116    169.666 330.630023     695171   5012.813     580092  0.000e+00
    -1.9519  27.210117    169.879 330.630026     695169   5012.813     580162  0.000e+00
    -1.9519  27.210234    170.053 330.630029     695170   5012.820     580219  0.000e+00
    -1.9520  27.210350    170.193 330.630032     695173   5012.828     580265  0.000e+00
    -1.9520  27.210234    170.315 330.630035     695172   5012.820     580305  0.000e+00
    -1.9518  27.209827    170.400 330.630038     695168   5012.793     580333  0.000e+00
    -1.9520  27.210875    170.470 330.630041     695171   5012.863     580356  0.000e+00
    -1.9519  27.210817    170.546 330.630043     695170   5012.859     580381  0.000e+00
    -1.9518  27.210875    170.647 330.630046     695167   5012.863     580414  0.000e+00
    -1.9518  27.210526    170.772 330.630049     695167   5012.840     580455  0.000e+00
    -1.9519  27.210352    170.860 330.630052     695170   5012.828     580484  0.000e+00
    -1.9520  27.210818    170.961 330.630055     695171   5012.859     580517  0.000e+00
    -1.9518  27.210644    171.052 330.630058     695168   5012.848     580547  0.000e+00
    -1.9519  27.210353    171.143 330.630061     695169   5012.828     580577  0.000e+00
    -1.9519  27.210819    171.238 330.630064     695170   5012.859     580608  0.000e+00
    -1.9519  27.210644    171.332 330.630067     695170   5012.848     580639  0.000e+00
    -1.9520  27.210237    171.451 330.630069     695173   5012.820     580678  0.000e+00
    -1.9519  27.210878    171.613 330.630072     695169   5012.863     580731  0.000e+00
    -1.9517  27.209947    171.795 330.630075     695166   5012.801     580791  0.000e+00
    -1.9520  27.210646    171.969 330.630078     695172   5012.848     580848  0.000e+00
    -1.9520  27.211403    172.155 330.630081     695173   5012.898     580909  0.000e+00
    -1.9519  27.211636    172.328 330.630084     695169   5012.914     580966  0.000e+00
    -1.9519  27.211404    172.539 330.630087     695170   5012.898     581035  0.000e+00
    -1.9519  27.211113    172.764 330.630090     695170   5012.879     581109  0.000e+00
    -1.9519  27.211172    172.971 330.630093     695169   5012.883     581177  0.000e+00
    -1.9519  27.211405    173.175 330.630095     695169   5012.898     581244  0.000e+00
    -1.9521  27.211115    173.367 330.630098     695174   5012.879     581307  0.000e+00
    -1.9522  27.212454    173.605 330.630101     695176   5012.969     581385  0.000e+00
    -1.9520  27.212222    173.815 330.630104     695173   5012.953     581454  0.000e+00
    -1.9520  27.211931    174.022 330.630107     695171   5012.934     581522  0.000e+00
    -1.9519  27.211932    174.220 330.630110     695170   5012.934     581587  0.000e+00
    -1.9520  27.212456    174.445 330.630113     695172   5012.969     581661  0.000e+00
    -1.9520  27.212747    174.671 330.630116     695171   5012.988     581735  0.000e+00
    -1.9518  27.211933    174.875 330.630119     695168   5012.934     581802  0.000e+00
    -1.9520  27.212749    175.079 330.630122     695172   5012.988     581869  0.000e+00
    -1.9520  27.212807    175.289 330.630124     695172   5012.992     581938  0.000e+00
    -1.9520  27.212750    175.527 330.630127     695171   5012.988     582016  0.000e+00
    -1.9519  27.212750    175.743 330.630130     695169   5012.988     582087  0.000e+00
    -1.9518  27.213042    175.966 330.630133     695167   5013.008     582160  0.000e+00
    -1.9518  27.213042    176.188 330.630136     695167   5013.008     582233  0.000e+00
    -1.9518  27.213043    176.438 330.630139     695167   5013.008     582315  0.000e+00
    -1.9519  27.213800    176.672 330.630142     695170   5013.059     582392  0.000e+00
    -1.9519  27.214208    176.889 330.630145     695170   5013.086     582463  0.000e+00
    -1.9519  27.213801    177.114 330.630148     695169   5013.059     582537  0.000e+00
    -1.9518  27.213802    177.352 330.630150     695168   5013.059     582615  0.000e+00
    -1.9519  27.213337    177.589 330.630153     695170   5013.027     582693  0.000e+00
    -1.9519  27.214094    177.812 330.630156     695169   5013.078     582766  0.000e+00
    -1.9519  27.213920    178.028 330.630159     695170   5013.066     582837  0.000e+00
    -1.9518  27.214328    178.269 330.630162     695168   5013.094     582916  0.000e+00
    -1.9519  27.213572    178.512 330.630165     695169   5013.043     582996  0.000e+00
    -1.9518  27.214736    178.725 330.630168     695167   5013.121     583066  0.000e+00
    -1.9518  27.213806    178.942 330.630171     695168   5013.059     583137  0.000e+00
    -1.9518  27.214446    179.167 330.630174     695167   5013.102     583211  0.000e+00
    -1.9519  27.214622    179.405 330.630177     695170   5013.113     583289  0.000e+00
    -1.9520  27.214448    179.621 330.630179     695171   5013.102     583360  0.000e+00
    -1.9518  27.215146    179.828 330.630182     695168   5013.148     583428  0.000e+00
    -1.9520  27.214332    180.029 330.630185     695171   5013.094     583494  0.000e+00
    -1.9520  27.215031    180.264 330.630188     695171   5013.141     583571  0.000e+00
    -1.9520  27.215148    180.477 330.630191     695172   5013.148     583641  0.000e+00
    -1.9518  27.215323    180.675 330.630194     695167   5013.160     583706  0.000e+00
    -1.9516  27.215382    180.873 330.630197     695164   5013.164     583771  0.000e+00
    -1.9516  27.215964    181.092 330.630200     695164   5013.203     583843  0.000e+00
    -1.9516  27.215848    181.309 330.630203     695163   5013.195     583914  0.000e+00
    -1.9516  27.215674    181.507 330.630205     695164   5013.184     583979  0.000e+00
    -1.9517  27.216140    181.698 330.630208     695165   5013.215     584042  0.000e+00
    -1.9519  27.215966    181.893 330.630211     695169   5013.203     584106  0.000e+00
    -1.9520  27.215036    182.131 330.630214     695171   5013.141     584184  0.000e+00
    -1.9520  27.215967    182.338 330.630217     695171   5013.203     584252  0.000e+00
    -1.9520  27.215677    182.542 330.630220     695171   5013.184     584319  0.000e+00
    -1.9520  27.215619    182.746 330.630223     695172   5013.180     584386  0.000e+00
    -1.9523  27.215387    182.963 330.630226     695178   5013.164     584457  0.000e+00
    -1.9523  27.215853    183.212 330.630229     695179   5013.195     584539  0.000e+00
    -1.9523  27.216203    183.429 330.630231     695179   5013.219     584610  0.000e+00
    -1.9524  27.216727    183.651 330.630234     695181   5013.254     584683  0.000e+00
    -1.9521  27.216146    183.873 330.630237     695175   5013.215     584756  0.000e+00
    -1.9520  27.217019    184.123 330.630240     695173   5013.273     584838  0.000e+00
    -1.9520  27.217311    184.346 330.630243     695171   5013.293     584911  0.000e+00
    -1.9520  27.216497    184.562 330.630246     695171   5013.238     584982  0.000e+00
    -1.9522  27.217021    184.781 330.630249     695176   5013.273     585054  0.000e+00
    -1.9522  27.216207    185.019 330.630252     695177   5013.219     585132  0.000e+00
    -1.9523  27.217022    185.250 330.630255     695179   5013.273     585208  0.000e+00
    -1.9524  27.217314    185.464 330.630258     695180   5013.293     585278  0.000e+00
    -1.9524  27.216500    185.683 330.630260     695182   5013.238     585350  0.000e+00
    -1.9524  27.217024    185.911 330.630263     695182   5013.273     585425  0.000e+00
    -1.9524  27.217025    186.152 330.630266     695181   5013.273     585504  0.000e+00
    -1.9523  27.217025    186.368 330.630269     695179   5013.273     585575  0.000e+00
    -1.9523  27.217259    186.582 330.630272     695178   5013.289     585645  0.000e+00
    -1.9525  27.217550    186.789 330.630275     695183   5013.309     585713  0.000e+00
    -1.9523  27.217318    187.042 330.630278     695179   5013.293     585796  0.000e+00
    -1.9524  27.217028    187.270 330.630281     695180   5013.273     585871  0.000e+00
    -1.9526  27.217843    187.486 330.630284     695185   5013.328     585942  0.000e+00
    -1.9525  27.217785    187.706 330.630286     695183   5013.324     586014  0.000e+00
    -1.9526  27.218077    187.949 330.630289     695186   5013.344     586094  0.000e+00
    -1.9527  27.217321    188.184 330.630292     695188   5013.293     586171  0.000e+00
    -1.9528  27.218311    188.403 330.630295     695190   5013.359     586243  0.000e+00
    -1.9529  27.218137    188.626 330.630298     695193   5013.348     586316  0.000e+00
    -1.9528  27.217555    188.869 330.630301     695189   5013.309     586396  0.000e+00
    -1.9529  27.218138    189.122 330.630304     695192   5013.348     586479  0.000e+00
    -1.9529  27.218313    189.347 330.630307     695191   5013.359     586553  0.000e+00
    -1.9529  27.218605    189.582 330.630310     695192   5013.379     586630  0.000e+00
    -1.9526  27.219245    189.820 330.630313     695186   5013.422     586708  0.000e+00
    -1.9526  27.218897    190.075 330.630315     695186   5013.398     586792  0.000e+00
    -1.9528  27.218723    190.307 330.630318     695189   5013.387     586868  0.000e+00
    -1.9527  27.218898    190.542 330.630321     695188   5013.398     586945  0.000e+00
    -1.9529  27.218899    190.770 330.630324     695192   5013.398     587020  0.000e+00
    -1.9529  27.218958    191.023 330.630327     695192   5013.402     587103  0.000e+00
    -1.9530  27.218900    191.254 330.630330     695195   5013.398     587179  0.000e+00
    -1.9533  27.218726    191.486 330.630333     695201   5013.387     587255  0.000e+00
    -1.9536  27.218087    191.708 330.630336     695207   5013.344     587328  0.000e+00
    -1.9538  27.219251    191.964 330.630339     695211   5013.422     587412  0.000e+00
    -1.9540  27.219135    192.202 330.630341     695216   5013.414     587490  0.000e+00
    -1.9541  27.219427    192.424 330.630344     695219   5013.434     587563  0.000e+00
    -1.9538  27.219544    192.637 330.630347     695212   5013.441     587633  0.000e+00
    -1.9538  27.219661    192.893 330.630350     695211   5013.449     587717  0.000e+00
    -1.9537  27.219836    193.128 330.630353     695210   5013.461     587794  0.000e+00
    -1.9538  27.219138    193.341 330.630356     695212   5013.414     587864  0.000e+00
    -1.9538  27.219430    193.542 330.630359     695211   5013.434     587930  0.000e+00
    -1.9541  27.219256    193.767 330.630362     695219   5013.422     588004  0.000e+00
    -1.9540  27.220478    194.002 330.630365     695217   5013.504     588081  0.000e+00
    -1.9541  27.220362    194.209 330.630367     695219   5013.496     588149  0.000e+00
    -1.9541  27.220712    194.410 330.630370     695218   5013.520     588215  0.000e+00
    -1.9539  27.220945    194.605 330.630373     695214   5013.535     588279  0.000e+00
    -1.9538  27.219666    194.840 330.630376     695212   5013.449     588356  0.000e+00
    -1.9538  27.220714    195.059 330.630379     695211   5013.520     588428  0.000e+00
    -1.9538  27.219841    195.263 330.630382     695211   5013.461     588495  0.000e+00
    -1.9540  27.219667    195.458 330.630385     695217   5013.449     588559  0.000e+00
    -1.9540  27.221239    195.671 330.630388     695217   5013.555     588629  0.000e+00
    -1.9540  27.219145    195.903 330.630391     695217   5013.414     588705  0.000e+00
    -1.9542  27.220484    196.110 330.630394     695221   5013.504     588773  0.000e+00
    -1.9541  27.220659    196.299 330.630396     695219   5013.516     588835  0.000e+00
    -1.9542  27.220718    196.503 330.630399     695222   5013.520     588902  0.000e+00
    -1.9543  27.220136    196.750 330.630402     695223   5013.480     588983  0.000e+00
    -1.9544  27.220486    196.987 330.630405     695225   5013.504     589061  0.000e+00
    -1.9545  27.221243    197.203 330.630408     695227   5013.555     589132  0.000e+00
    -1.9544  27.220953    197.426 330.630411     695226   5013.535     589205  0.000e+00
    -1.9545  27.221011    197.663 330.630414     695228   5013.539     589283  0.000e+00
    -1.9546  27.220663    197.913 330.630417     695230   5013.516     589365  0.000e+00
    -1.9545  27.221536    198.145 330.630420     695228   5013.574     589441  0.000e+00
    -1.9545  27.221246    198.376 330.630422     695227   5013.555     589517  0.000e+00
    -1.9545  27.221829    198.635 330.630425     695228   5013.594     589602  0.000e+00
    -1.9545  27.221247    198.882 330.630428     695227   5013.555     589683  0.000e+00
    -1.9544  27.222354    199.113 330.630431     695225   5013.629     589759  0.000e+00
    -1.9544  27.222063    199.351 330.630434     695225   5013.609     589837  0.000e+00
    -1.9543  27.222355    199.598 330.630437     695224   5013.629     589918  0.000e+00
    -1.9543  27.221541    199.847 330.630440     695224   5013.574     590000  0.000e+00
    -1.9541  27.223403    200.085 330.630443     695219   5013.699     590078  0.000e+00
    -1.9542  27.222357    200.310 330.630446     695222   5013.629     590152  0.000e+00
    -1.9541  27.222590    200.578 330.630448     695219   5013.645     590240  0.000e+00
    -1.9544  27.222649    200.819 330.630451     695225   5013.648     590319  0.000e+00
    -1.9545  27.223115    201.054 330.630454     695228   5013.680     590396  0.000e+00
    -1.9546  27.222359    201.282 330.630457     695229   5013.629     590471  0.000e+00
    -1.9548  27.222360    201.541 330.630460     695235   5013.629     590556  0.000e+00
    -1.9547  27.222593    201.794 330.630463     695232   5013.645     590639  0.000e+00
    -1.9548  27.222361    202.016 330.630466     695235   5013.629     590712  0.000e+00
    -1.9549  27.222885    202.245 330.630469     695236   5013.664     590787  0.000e+00
    -1.9549  27.223468    202.501 330.630472     695237   5013.703     590871  0.000e+00
    -1.9550  27.222887    202.747 330.630475     695238   5013.664     590952  0.000e+00
    -1.9549  27.223120    202.967 330.630477     695236   5013.680     591024  0.000e+00
    -1.9551  27.222946    203.189 330.630480     695240   5013.668     591097  0.000e+00
    -1.9550  27.223412    203.445 330.630483     695239   5013.699     591181  0.000e+00
    -1.9551  27.223762    203.692 330.630486     695241   5013.723     591262  0.000e+00
    -1.9551  27.223937    203.908 330.630489     695241   5013.734     591333  0.000e+00
    -1.9552  27.224345    204.136 330.630492     695243   5013.762     591408  0.000e+00
    -1.9551  27.223648    204.392 330.630495     695242   5013.715     591492  0.000e+00
    -1.9552  27.223648    204.624 330.630498     695243   5013.715     591568  0.000e+00
    -1.9552  27.223474    204.822 330.630501     695244   5013.703     591633  0.000e+00
    -1.9553  27.223649    205.017 330.630503     695245   5013.715     591697  0.000e+00
