tests/resources/orca-test-data/SBE19plus/4794/4794_026_KiM.cnv
* Sea-Bird SBE19plus Data File:
* FileName = C:\Documents and Settings\stevens\Desktop\K131_2007\CTD\4794_026.hex
* Software Version 1.50
* Temperature SN =  4977
* Conductivity SN =  4977
* System UpLoad Time = Nov 26 2007 23:49:27
** K131 McMurdo SeaIce Work
** nov-dec 2007
** using chch plastic ctd
** times are local (NZ daylight savings)
# nquan = 8
# nvalues = 6647                                  
# units = specified
# name 0 = tv290C: Temperature [ITS-90, deg C]
# name 1 = c0mS/cm: Conductivity [mS/cm]
# name 2 = prdM: Pressure, Strain Gauge [db]
# name 3 = timeJ: Julian Days
# name 4 = f0: Frequency 0
# name 5 = f1: Frequency 1
# name 6 = f2: Frequency 2
# name 7 = flag:  0.000e+00
# span 0 =    -2.5833,    -1.9074                 
# span 1 =   2.659994,  27.379810                 
# span 2 =     -0.262,    358.529                 
# span 3 = 330.970590, 330.989821                 
# span 4 =     694182,     709285                 
# span 5 =   2927.055,   5024.160                 
# span 6 =     524318,     642101                 
# span 7 = 0.0000e+00, 0.0000e+00                 
# interval = seconds: 0.25
# start_time = Nov 26 2007 23:17:39 [Instrument's time stamp, header]
# bad_flag = -9.990e-29
*END*
[from data line 3596]
    -1.9497  27.136331     15.312 330.980995     695122   5007.883     529429  0.000e+00
    -1.9497  27.137377     15.312 330.980998     695121   5007.953     529429  0.000e+00
    -1.9497  27.137435     15.315 330.981001     695120   5007.957     529430  0.000e+00
    -1.9499  27.137086     15.318 330.981004     695125   5007.934     529431  0.000e+00
    -1.9497  27.137144     15.321 330.981007     695122   5007.938     529432  0.000e+00
    -1.9498  27.137609     15.318 330.981010     695123   5007.969     529431  0.000e+00
    -1.9498  27.137086     15.318 330.981013     695123   5007.934     529431  0.000e+00
    -1.9497  27.137726     15.321 330.981016     695122   5007.977     529432  0.000e+00
    -1.9498  27.137377     15.318 330.981019     695124   5007.953     529431  0.000e+00
    -1.9499  27.137144     15.330 330.981021     695125   5007.938     529435  0.000e+00
    -1.9498  27.137086     15.318 330.981024     695123   5007.934     529431  0.000e+00
    -1.9499  27.137726     15.321 330.981027     695126   5007.977     529432  0.000e+00
    -1.9497  27.137086     15.321 330.981030     695122   5007.934     529432  0.000e+00
    -1.9499  27.137435     15.327 330.981033     695125   5007.957     529434  0.000e+00
    -1.9497  27.137086     15.324 330.981036     695121   5007.934     529433  0.000e+00
    -1.9498  27.137377     15.321 330.981039     695124   5007.953     529432  0.000e+00
    -1.9497  27.136621     15.321 330.981042     695122   5007.902     529432  0.000e+00
    -1.9499  27.137900     15.321 330.981045     695126   5007.988     529432  0.000e+00
    -1.9500  27.137144     15.321 330.981047     695127   5007.938     529432  0.000e+00
    -1.9499  27.137900     15.321 330.981050     695125   5007.988     529432  0.000e+00
    -1.9499  27.136621     15.321 330.981053     695126   5007.902     529432  0.000e+00
    -1.9498  27.137086     15.327 330.981056     695124   5007.934     529434  0.000e+00
    -1.9499  27.138016     15.324 330.981059     695125   5007.996     529433  0.000e+00
    -1.9499  27.137609     15.327 330.981062     695126   5007.969     529434  0.000e+00
    -1.9498  27.137086     15.318 330.981065     695123   5007.934     529431  0.000e+00
    -1.9498  27.137726     15.321 330.981068     695124   5007.977     529432  0.000e+00
    -1.9499  27.137377     15.327 330.981071     695125   5007.953     529434  0.000e+00
    -1.9497  27.137144     15.321 330.981073     695122   5007.938     529432  0.000e+00
    -1.9499  27.136854     15.321 330.981076     695125   5007.918     529432  0.000e+00
    -1.9498  27.138307     15.321 330.981079     695123   5008.016     529432  0.000e+00
    -1.9498  27.136563     15.330 330.981082     695123   5007.898     529435  0.000e+00
    -1.9498  27.137086     15.321 330.981085     695124   5007.934     529432  0.000e+00
    -1.9498  27.137435     15.318 330.981088     695124   5007.957     529431  0.000e+00
    -1.9497  27.137086     15.321 330.981091     695121   5007.934     529432  0.000e+00
    -1.9498  27.137435     15.318 330.981094     695124   5007.957     529431  0.000e+00
    -1.9497  27.137900     15.324 330.981097     695122   5007.988     529433  0.000e+00
    -1.9498  27.137435     15.321 330.981100     695123   5007.957     529432  0.000e+00
    -1.9499  27.137086     15.321 330.981102     695125   5007.934     529432  0.000e+00
    -1.9498  27.137609     15.324 330.981105     695124   5007.969     529433  0.000e+00
    -1.9499  27.137144     15.321 330.981108     695125   5007.938     529432  0.000e+00
    -1.9498  27.137086     15.327 330.981111     695124   5007.934     529434  0.000e+00
    -1.9498  27.137144     15.318 330.981114     695124   5007.938     529431  0.000e+00
    -1.9498  27.137086     15.321 330.981117     695124   5007.934     529432  0.000e+00
    -1.9499  27.137144     15.318 330.981120     695125   5007.938     529431  0.000e+00
    -1.9497  27.137377     15.324 330.981123     695121   5007.953     529433  0.000e+00
    -1.9499  27.137435     15.321 330.981126     695125   5007.957     529432  0.000e+00
    -1.9497  27.137609     15.321 330.981128     695122   5007.969     529432  0.000e+00
    -1.9499  27.137900     15.321 330.981131     695125   5007.988     529432  0.000e+00
    -1.9498  27.137144     15.327 330.981134     695123   5007.938     529434  0.000e+00
    -1.9498  27.137609     15.321 330.981137     695123   5007.969     529432  0.000e+00
    -1.9498  27.137435     15.321 330.981140     695123   5007.957     529432  0.000e+00
    -1.9498  27.137609     15.321 330.981143     695123   5007.969     529432  0.000e+00
    -1.9499  27.137435     15.324 330.981146     695125   5007.957     529433  0.000e+00
    -1.9497  27.137377     15.324 330.981149     695121   5007.953     529433  0.000e+00
    -1.9498  27.137144     15.327 330.981152     695123   5007.938     529434  0.000e+00
    -1.9498  27.136854     15.321 330.981155     695123   5007.918     529432  0.000e+00
    -1.9496  27.137609     15.315 330.981157     695118   5007.969     529430  0.000e+00
    -1.9499  27.137435     15.321 330.981160     695125   5007.957     529432  0.000e+00
    -1.9497  27.137086     15.321 330.981163     695122   5007.934     529432  0.000e+00
    -1.9499  27.137435     15.324 330.981166     695125   5007.957     529433  0.000e+00
    -1.9499  27.137900     15.324 330.981169     695125   5007.988     529433  0.000e+00
    -1.9498  27.137435     15.321 330.981172     695124   5007.957     529432  0.000e+00
    -1.9498  27.137609     15.324 330.981175     695124   5007.969     529433  0.000e+00
    -1.9497  27.137900     15.318 330.981178     695121   5007.988     529431  0.000e+00
    -1.9498  27.138016     15.324 330.981181     695124   5007.996     529433  0.000e+00
    -1.9499  27.137377     15.321 330.981183     695126   5007.953     529432  0.000e+00
    -1.9497  27.137435     15.327 330.981186     695122   5007.957     529434  0.000e+00
    -1.9498  27.137900     15.324 330.981189     695123   5007.988     529433  0.000e+00
    -1.9497  27.136912     15.327 330.981192     695121   5007.922     529434  0.000e+00
    -1.9497  27.137377     15.321 330.981195     695120   5007.953     529432  0.000e+00
    -1.9497  27.137144     15.324 330.981198     695121   5007.938     529433  0.000e+00
    -1.9498  27.137900     15.324 330.981201     695124   5007.988     529433  0.000e+00
    -1.9498  27.137609     15.324 330.981204     695123   5007.969     529433  0.000e+00
    -1.9498  27.137144     15.324 330.981207     695124   5007.938     529433  0.000e+00
    -1.9497  27.137377     15.324 330.981209     695122   5007.953     529433  0.000e+00
    -1.9497  27.136040     15.327 330.981212     695121   5007.863     529434  0.000e+00
    -1.9497  27.137086     15.333 330.981215     695120   5007.934     529436  0.000e+00
    -1.9497  27.137145     15.400 330.981218     695122   5007.938     529458  0.000e+00
    -1.9497  27.138133     15.516 330.981221     695121   5008.004     529496  0.000e+00
    -1.9497  27.137901     15.601 330.981224     695122   5007.988     529524  0.000e+00
    -1.9498  27.137145     15.656 330.981227     695124   5007.938     529542  0.000e+00
    -1.9497  27.137087     15.678 330.981230     695121   5007.934     529549  0.000e+00
    -1.9497  27.137726     15.671 330.981233     695120   5007.977     529547  0.000e+00
    -1.9498  27.138133     15.681 330.981236     695123   5008.004     529550  0.000e+00
    -1.9497  27.137436     15.702 330.981238     695121   5007.957     529557  0.000e+00
    -1.9497  27.137901     15.784 330.981241     695122   5007.988     529584  0.000e+00
    -1.9497  27.137437     15.958 330.981244     695121   5007.957     529641  0.000e+00
    -1.9497  27.138135     16.177 330.981247     695120   5008.004     529713  0.000e+00
    -1.9496  27.138135     16.372 330.981250     695118   5008.004     529777  0.000e+00
    -1.9497  27.138019     16.506 330.981253     695121   5007.996     529821  0.000e+00
    -1.9497  27.138426     16.616 330.981256     695121   5008.023     529857  0.000e+00
    -1.9497  27.138310     16.671 330.981259     695121   5008.016     529875  0.000e+00
    -1.9497  27.137613     16.695 330.981262     695122   5007.969     529883  0.000e+00
    -1.9499  27.138543     16.707 330.981264     695126   5008.031     529887  0.000e+00
    -1.9499  27.137613     16.744 330.981267     695126   5007.969     529899  0.000e+00
    -1.9497  27.138660     16.875 330.981270     695122   5008.039     529942  0.000e+00
    -1.9497  27.138311     17.095 330.981273     695121   5008.016     530014  0.000e+00
    -1.9498  27.138428     17.396 330.981276     695124   5008.023     530113  0.000e+00
    -1.9497  27.138546     17.759 330.981279     695120   5008.031     530232  0.000e+00
    -1.9497  27.138954     18.179 330.981282     695122   5008.059     530370  0.000e+00
    -1.9497  27.139943     18.648 330.981285     695121   5008.125     530524  0.000e+00
    -1.9497  27.139479     19.154 330.981288     695121   5008.094     530690  0.000e+00
    -1.9497  27.139132     19.639 330.981291     695120   5008.070     530849  0.000e+00
    -1.9495  27.139191     20.142 330.981293     695116   5008.074     531014  0.000e+00
    -1.9495  27.139483     20.586 330.981296     695117   5008.094     531160  0.000e+00
    -1.9496  27.140240     21.028 330.981299     695118   5008.145     531305  0.000e+00
    -1.9494  27.140008     21.412 330.981302     695114   5008.129     531431  0.000e+00
    -1.9494  27.141636     21.735 330.981305     695114   5008.238     531537  0.000e+00
    -1.9493  27.141056     22.052 330.981308     695113   5008.199     531641  0.000e+00
    -1.9495  27.141347     22.336 330.981311     695116   5008.219     531734  0.000e+00
    -1.9495  27.140825     22.576 330.981314     695116   5008.184     531813  0.000e+00
    -1.9495  27.141058     22.777 330.981317     695117   5008.199     531879  0.000e+00
    -1.9494  27.142221     22.975 330.981319     695114   5008.277     531944  0.000e+00
    -1.9495  27.141059     23.155 330.981322     695116   5008.199     532003  0.000e+00
    -1.9494  27.141350     23.298 330.981325     695115   5008.219     532050  0.000e+00
    -1.9494  27.140827     23.393 330.981328     695115   5008.184     532081  0.000e+00
    -1.9494  27.141350     23.439 330.981331     695115   5008.219     532096  0.000e+00
    -1.9495  27.140827     23.448 330.981334     695117   5008.184     532099  0.000e+00
    -1.9494  27.141641     23.445 330.981337     695115   5008.238     532098  0.000e+00
    -1.9494  27.141350     23.457 330.981340     695115   5008.219     532102  0.000e+00
    -1.9495  27.141583     23.533 330.981343     695116   5008.234     532127  0.000e+00
    -1.9494  27.141351     23.676 330.981345     695115   5008.219     532174  0.000e+00
    -1.9495  27.141584     23.871 330.981348     695116   5008.234     532238  0.000e+00
    -1.9494  27.142747     24.100 330.981351     695115   5008.313     532313  0.000e+00
    -1.9494  27.142631     24.295 330.981354     695114   5008.305     532377  0.000e+00
    -1.9495  27.141643     24.456 330.981357     695116   5008.238     532430  0.000e+00
    -1.9494  27.141876     24.575 330.981360     695115   5008.254     532469  0.000e+00
    -1.9493  27.142400     24.645 330.981363     695112   5008.289     532492  0.000e+00
    -1.9493  27.142516     24.673 330.981366     695112   5008.297     532501  0.000e+00
    -1.9493  27.141586     24.673 330.981369     695112   5008.234     532501  0.000e+00
    -1.9494  27.142516     24.676 330.981372     695114   5008.297     532502  0.000e+00
    -1.9493  27.141877     24.685 330.981374     695112   5008.254     532505  0.000e+00
    -1.9493  27.141935     24.734 330.981377     695112   5008.258     532521  0.000e+00
    -1.9493  27.142923     24.874 330.981380     695112   5008.324     532567  0.000e+00
    -1.9493  27.142226     25.087 330.981383     695113   5008.277     532637  0.000e+00
    -1.9493  27.142634     25.367 330.981386     695112   5008.305     532729  0.000e+00
    -1.9492  27.143158     25.718 330.981389     695110   5008.340     532844  0.000e+00
    -1.9492  27.143043     26.074 330.981392     695111   5008.332     532961  0.000e+00
    -1.9491  27.143450     26.410 330.981395     695108   5008.359     533071  0.000e+00
    -1.9491  27.143335     26.729 330.981398     695108   5008.352     533176  0.000e+00
    -1.9491  27.143685     27.059 330.981400     695108   5008.375     533284  0.000e+00
    -1.9491  27.143627     27.363 330.981403     695107   5008.371     533384  0.000e+00
    -1.9491  27.143454     27.637 330.981406     695108   5008.359     533474  0.000e+00
    -1.9492  27.144500     27.906 330.981409     695111   5008.430     533562  0.000e+00
    -1.9492  27.143920     28.195 330.981412     695109   5008.391     533657  0.000e+00
    -1.9492  27.144269     28.472 330.981415     695109   5008.414     533748  0.000e+00
    -1.9492  27.143631     28.719 330.981418     695109   5008.371     533829  0.000e+00
    -1.9491  27.144794     28.978 330.981421     695108   5008.449     533914  0.000e+00
    -1.9492  27.144446     29.255 330.981424     695109   5008.426     534005  0.000e+00
    -1.9492  27.145028     29.496 330.981427     695110   5008.465     534084  0.000e+00
    -1.9492  27.144796     29.719 330.981429     695109   5008.449     534157  0.000e+00
    -1.9491  27.144738     29.914 330.981432     695108   5008.445     534221  0.000e+00
    -1.9491  27.145029     30.136 330.981435     695108   5008.465     534294  0.000e+00
    -1.9492  27.145030     30.346 330.981438     695109   5008.465     534363  0.000e+00
    -1.9492  27.144798     30.553 330.981441     695109   5008.449     534431  0.000e+00
    -1.9492  27.144740     30.724 330.981444     695109   5008.445     534487  0.000e+00
    -1.9492  27.144508     30.883 330.981447     695111   5008.430     534539  0.000e+00
    -1.9492  27.145322     31.038 330.981450     695110   5008.484     534590  0.000e+00
    -1.9492  27.144800     31.221 330.981453     695110   5008.449     534650  0.000e+00
    -1.9492  27.145033     31.410 330.981455     695111   5008.465     534712  0.000e+00
    -1.9492  27.145033     31.586 330.981458     695110   5008.465     534770  0.000e+00
    -1.9492  27.145324     31.745 330.981461     695111   5008.484     534822  0.000e+00
    -1.9492  27.145325     31.873 330.981464     695110   5008.484     534864  0.000e+00
    -1.9492  27.145325     32.013 330.981467     695109   5008.484     534910  0.000e+00
    -1.9493  27.145616     32.199 330.981470     695112   5008.504     534971  0.000e+00
    -1.9491  27.147128     32.427 330.981473     695108   5008.605     535046  0.000e+00
    -1.9488  27.147129     32.683 330.981476     695101   5008.605     535130  0.000e+00
    -1.9488  27.147827     32.951 330.981479     695101   5008.652     535218  0.000e+00
    -1.9485  27.147130     33.244 330.981481     695094   5008.605     535314  0.000e+00
    -1.9484  27.147247     33.573 330.981484     695092   5008.613     535422  0.000e+00
    -1.9483  27.147945     33.890 330.981487     695090   5008.660     535526  0.000e+00
    -1.9483  27.147830     34.228 330.981490     695089   5008.652     535637  0.000e+00
    -1.9483  27.148470     34.600 330.981493     695089   5008.695     535759  0.000e+00
    -1.9481  27.148239     34.941 330.981496     695085   5008.680     535871  0.000e+00
    -1.9484  27.148414     35.295 330.981499     695092   5008.691     535987  0.000e+00
    -1.9483  27.148241     35.657 330.981502     695089   5008.680     536106  0.000e+00
    -1.9484  27.148648     35.986 330.981505     695093   5008.707     536214  0.000e+00
    -1.9484  27.148475     36.309 330.981508     695092   5008.695     536320  0.000e+00
    -1.9483  27.148650     36.632 330.981510     695090   5008.707     536426  0.000e+00
