tests/resources/orca-test-data/SBE19plus/4794/4794_017_KiM.cnv
* Sea-Bird SBE19plus Data File:
* FileName = C:\Documents and Settings\stevens\Desktop\K131_2007\CTD\4794_017.hex
* Software Version 1.50
* Temperature SN =  4977
* Conductivity SN =  4977
* System UpLoad Time = Nov 26 2007 15:21:21
** K131 McMurdo SeaIce Work
** nov-dec 2007
** using chch plastic ctd
** times are local (NZ daylight savings)
# nquan = 8
# nvalues = 6415                                  
# units = specified
# name 0 = tv290C: Temperature [ITS-90, deg C]
# name 1 = c0mS/cm: Conductivity [mS/cm]
# name 2 = prdM: Pressure, Strain Gauge [db]
# name 3 = timeJ: Julian Days
# name 4 = f0: Frequency 0
# name 5 = f1: Frequency 1
# name 6 = f2: Frequency 2
# name 7 = flag:  0.000e+00
# span 0 =    -3.5874,    -1.9056                 
# span 1 =   0.022356,  27.380114                 
# span 2 =     -0.301,    363.200                 
# span 3 = 330.619062, 330.637622                 
# span 4 =     694142,     732111                 
# span 5 =   2604.922,   5024.180                 
# span 6 =     524305,     643635                 
# span 7 = 0.0000e+00, 0.0000e+00                 
# interval = seconds: 0.25
# start_time = Nov 26 2007 14:51:27 [Instrument's time stamp, header]
# bad_flag = -9.990e-29
*END*
[from data line 3596]
    -1.9530  27.191227    131.315 330.629468     695194   5011.551     567503  0.000e+00
    -1.9533  27.191111    131.416 330.629470     695200   5011.543     567536  0.000e+00
    -1.9532  27.192042    131.510 330.629473     695198   5011.605     567567  0.000e+00
    -1.9533  27.190937    131.620 330.629476     695201   5011.531     567603  0.000e+00
    -1.9535  27.191694    131.760 330.629479     695206   5011.582     567649  0.000e+00
    -1.9535  27.191753    131.967 330.629482     695205   5011.586     567717  0.000e+00
    -1.9532  27.191404    132.196 330.629485     695199   5011.563     567792  0.000e+00
    -1.9531  27.191754    132.433 330.629488     695197   5011.586     567870  0.000e+00
    -1.9532  27.190824    132.683 330.629491     695198   5011.523     567952  0.000e+00
    -1.9533  27.191755    132.973 330.629494     695202   5011.586     568047  0.000e+00
    -1.9535  27.191523    133.256 330.629497     695206   5011.570     568140  0.000e+00
    -1.9536  27.191989    133.500 330.629499     695207   5011.602     568220  0.000e+00
    -1.9537  27.192572    133.762 330.629502     695209   5011.641     568306  0.000e+00
    -1.9536  27.192514    134.027 330.629505     695207   5011.637     568393  0.000e+00
    -1.9536  27.192282    134.267 330.629508     695207   5011.621     568472  0.000e+00
    -1.9535  27.192050    134.505 330.629511     695206   5011.605     568550  0.000e+00
    -1.9535  27.192516    134.721 330.629514     695205   5011.637     568621  0.000e+00
    -1.9536  27.192807    134.974 330.629517     695207   5011.656     568704  0.000e+00
    -1.9536  27.192808    135.193 330.629520     695208   5011.656     568776  0.000e+00
    -1.9536  27.192809    135.413 330.629523     695207   5011.656     568848  0.000e+00
    -1.9535  27.193100    135.599 330.629525     695205   5011.676     568909  0.000e+00
    -1.9534  27.193100    135.806 330.629528     695204   5011.676     568977  0.000e+00
    -1.9534  27.193101    136.025 330.629531     695204   5011.676     569049  0.000e+00
    -1.9533  27.193916    136.235 330.629534     695200   5011.730     569118  0.000e+00
    -1.9533  27.193625    136.439 330.629537     695201   5011.711     569185  0.000e+00
    -1.9534  27.193393    136.616 330.629540     695204   5011.695     569243  0.000e+00
    -1.9535  27.194150    136.805 330.629543     695206   5011.746     569305  0.000e+00
    -1.9535  27.193918    137.030 330.629546     695205   5011.730     569379  0.000e+00
    -1.9534  27.194151    137.222 330.629549     695203   5011.746     569442  0.000e+00
    -1.9532  27.194675    137.411 330.629552     695198   5011.781     569504  0.000e+00
    -1.9529  27.195024    137.579 330.629554     695193   5011.805     569559  0.000e+00
    -1.9529  27.194676    137.740 330.629557     695193   5011.781     569612  0.000e+00
    -1.9527  27.193920    137.935 330.629560     695187   5011.730     569676  0.000e+00
    -1.9529  27.194444    138.127 330.629563     695192   5011.766     569739  0.000e+00
    -1.9529  27.194677    138.307 330.629566     695192   5011.781     569798  0.000e+00
    -1.9528  27.195027    138.474 330.629569     695189   5011.805     569853  0.000e+00
    -1.9529  27.195492    138.624 330.629572     695192   5011.836     569902  0.000e+00
    -1.9528  27.195318    138.776 330.629575     695190   5011.824     569952  0.000e+00
    -1.9527  27.195202    138.959 330.629578     695187   5011.816     570012  0.000e+00
    -1.9527  27.195610    139.142 330.629580     695188   5011.844     570072  0.000e+00
    -1.9525  27.195203    139.318 330.629583     695184   5011.816     570130  0.000e+00
    -1.9524  27.196251    139.483 330.629586     695182   5011.887     570184  0.000e+00
    -1.9523  27.195902    139.632 330.629589     695178   5011.863     570233  0.000e+00
    -1.9521  27.195728    139.793 330.629592     695175   5011.852     570286  0.000e+00
    -1.9522  27.196194    140.013 330.629595     695176   5011.883     570358  0.000e+00
    -1.9521  27.196253    140.223 330.629598     695175   5011.887     570427  0.000e+00
    -1.9522  27.196195    140.442 330.629601     695177   5011.883     570499  0.000e+00
    -1.9523  27.196021    140.643 330.629604     695179   5011.871     570565  0.000e+00
    -1.9524  27.196545    140.881 330.629606     695181   5011.906     570643  0.000e+00
    -1.9522  27.197593    141.131 330.629609     695176   5011.977     570725  0.000e+00
    -1.9522  27.196779    141.365 330.629612     695176   5011.922     570802  0.000e+00
    -1.9522  27.197303    141.600 330.629615     695177   5011.957     570879  0.000e+00
    -1.9522  27.197071    141.862 330.629618     695176   5011.941     570965  0.000e+00
    -1.9520  27.197596    142.151 330.629621     695173   5011.977     571060  0.000e+00
    -1.9522  27.197596    142.410 330.629624     695176   5011.977     571145  0.000e+00
    -1.9521  27.197597    142.682 330.629627     695174   5011.977     571234  0.000e+00
    -1.9521  27.197889    142.965 330.629630     695174   5011.996     571327  0.000e+00
    -1.9520  27.197075    143.248 330.629633     695173   5011.941     571420  0.000e+00
    -1.9520  27.198123    143.501 330.629635     695173   5012.012     571503  0.000e+00
    -1.9521  27.197891    143.751 330.629638     695174   5011.996     571585  0.000e+00
    -1.9520  27.198415    144.025 330.629641     695171   5012.031     571675  0.000e+00
    -1.9521  27.197601    144.275 330.629644     695174   5011.977     571757  0.000e+00
    -1.9520  27.197893    144.509 330.629647     695173   5011.996     571834  0.000e+00
    -1.9524  27.198708    144.738 330.629650     695180   5012.051     571909  0.000e+00
    -1.9523  27.198650    145.003 330.629653     695178   5012.047     571996  0.000e+00
    -1.9522  27.199000    145.240 330.629656     695176   5012.070     572074  0.000e+00
    -1.9521  27.198942    145.469 330.629659     695175   5012.066     572149  0.000e+00
    -1.9522  27.198419    145.691 330.629661     695176   5012.031     572222  0.000e+00
    -1.9524  27.199002    145.935 330.629664     695180   5012.070     572302  0.000e+00
    -1.9523  27.198653    146.176 330.629667     695179   5012.047     572381  0.000e+00
    -1.9523  27.199294    146.386 330.629670     695178   5012.090     572450  0.000e+00
    -1.9523  27.198945    146.611 330.629673     695179   5012.066     572524  0.000e+00
    -1.9524  27.199527    146.834 330.629676     695180   5012.105     572597  0.000e+00
    -1.9525  27.198946    147.102 330.629679     695183   5012.066     572685  0.000e+00
    -1.9523  27.199180    147.355 330.629682     695179   5012.082     572768  0.000e+00
    -1.9521  27.200111    147.623 330.629685     695175   5012.145     572856  0.000e+00
    -1.9521  27.200228    147.906 330.629687     695175   5012.152     572949  0.000e+00
    -1.9520  27.199298    148.174 330.629690     695171   5012.090     573037  0.000e+00
    -1.9523  27.199473    148.406 330.629693     695178   5012.102     573113  0.000e+00
    -1.9524  27.199707    148.634 330.629696     695180   5012.117     573188  0.000e+00
    -1.9525  27.199533    148.878 330.629699     695184   5012.105     573268  0.000e+00
    -1.9527  27.199999    149.064 330.629702     695187   5012.137     573329  0.000e+00
    -1.9526  27.200406    149.234 330.629705     695186   5012.164     573385  0.000e+00
    -1.9527  27.200232    149.359 330.629708     695187   5012.152     573426  0.000e+00
    -1.9527  27.199825    149.432 330.629711     695187   5012.125     573450  0.000e+00
    -1.9528  27.199709    149.475 330.629714     695189   5012.117     573464  0.000e+00
    -1.9528  27.200000    149.493 330.629716     695189   5012.137     573470  0.000e+00
    -1.9528  27.200116    149.505 330.629719     695190   5012.145     573474  0.000e+00
    -1.9527  27.200523    149.524 330.629722     695188   5012.172     573480  0.000e+00
    -1.9526  27.199534    149.551 330.629725     695185   5012.105     573489  0.000e+00
    -1.9527  27.200524    149.612 330.629728     695188   5012.172     573509  0.000e+00
    -1.9525  27.200117    149.728 330.629731     695184   5012.145     573547  0.000e+00
    -1.9526  27.200001    149.871 330.629734     695185   5012.137     573594  0.000e+00
    -1.9525  27.200234    150.060 330.629737     695184   5012.152     573656  0.000e+00
    -1.9528  27.200409    150.246 330.629740     695189   5012.164     573717  0.000e+00
    -1.9527  27.200816    150.368 330.629742     695188   5012.191     573757  0.000e+00
    -1.9525  27.201515    150.456 330.629745     695184   5012.238     573786  0.000e+00
    -1.9522  27.201573    150.544 330.629748     695177   5012.242     573815  0.000e+00
    -1.9520  27.201050    150.675 330.629751     695173   5012.207     573858  0.000e+00
    -1.9519  27.201806    150.837 330.629754     695170   5012.258     573911  0.000e+00
    -1.9520  27.200818    150.971 330.629757     695172   5012.191     573955  0.000e+00
    -1.9520  27.200702    151.163 330.629760     695171   5012.184     574018  0.000e+00
    -1.9520  27.201575    151.336 330.629763     695173   5012.242     574075  0.000e+00
    -1.9522  27.201226    151.507 330.629766     695176   5012.219     574131  0.000e+00
    -1.9520  27.201052    151.717 330.629769     695172   5012.207     574200  0.000e+00
    -1.9520  27.202391    151.952 330.629771     695173   5012.297     574277  0.000e+00
    -1.9520  27.202101    152.159 330.629774     695171   5012.277     574345  0.000e+00
    -1.9520  27.202392    152.375 330.629777     695173   5012.297     574416  0.000e+00
    -1.9520  27.202393    152.570 330.629780     695171   5012.297     574480  0.000e+00
    -1.9518  27.202393    152.808 330.629783     695168   5012.297     574558  0.000e+00
    -1.9517  27.202917    153.036 330.629786     695165   5012.332     574633  0.000e+00
    -1.9518  27.203151    153.265 330.629789     695167   5012.348     574708  0.000e+00
    -1.9516  27.202919    153.475 330.629792     695163   5012.332     574777  0.000e+00
    -1.9516  27.202919    153.667 330.629795     695164   5012.332     574840  0.000e+00
    -1.9516  27.202920    153.917 330.629797     695164   5012.332     574922  0.000e+00
    -1.9517  27.203211    154.118 330.629800     695166   5012.352     574988  0.000e+00
    -1.9517  27.203444    154.334 330.629803     695166   5012.367     575059  0.000e+00
    -1.9517  27.203736    154.517 330.629806     695165   5012.387     575119  0.000e+00
    -1.9518  27.203213    154.727 330.629809     695167   5012.352     575188  0.000e+00
    -1.9516  27.203155    154.958 330.629812     695164   5012.348     575264  0.000e+00
    -1.9514  27.203505    155.156 330.629815     695159   5012.371     575329  0.000e+00
    -1.9515  27.203447    155.370 330.629818     695160   5012.367     575399  0.000e+00
    -1.9514  27.203796    155.531 330.629821     695158   5012.391     575452  0.000e+00
    -1.9514  27.203739    155.757 330.629823     695158   5012.387     575526  0.000e+00
    -1.9514  27.204496    155.982 330.629826     695159   5012.438     575600  0.000e+00
    -1.9514  27.203798    156.177 330.629829     695158   5012.391     575664  0.000e+00
    -1.9515  27.203973    156.381 330.629832     695160   5012.402     575731  0.000e+00
    -1.9515  27.204032    156.558 330.629835     695160   5012.406     575789  0.000e+00
    -1.9515  27.204265    156.780 330.629838     695162   5012.422     575862  0.000e+00
    -1.9517  27.204906    156.993 330.629841     695165   5012.465     575932  0.000e+00
    -1.9515  27.203975    157.191 330.629844     695161   5012.402     575997  0.000e+00
    -1.9515  27.204499    157.392 330.629847     695161   5012.438     576063  0.000e+00
    -1.9516  27.204035    157.587 330.629850     695163   5012.406     576127  0.000e+00
    -1.9517  27.204791    157.831 330.629852     695165   5012.457     576207  0.000e+00
    -1.9518  27.204617    158.047 330.629855     695168   5012.445     576278  0.000e+00
    -1.9518  27.205025    158.264 330.629858     695167   5012.473     576349  0.000e+00
    -1.9516  27.204502    158.477 330.629861     695164   5012.438     576419  0.000e+00
    -1.9515  27.205434    158.705 330.629864     695161   5012.500     576494  0.000e+00
    -1.9517  27.206074    158.937 330.629867     695166   5012.543     576570  0.000e+00
    -1.9516  27.204911    159.147 330.629870     695164   5012.465     576639  0.000e+00
    -1.9517  27.205319    159.363 330.629873     695165   5012.492     576710  0.000e+00
    -1.9517  27.205436    159.583 330.629876     695166   5012.500     576782  0.000e+00
    -1.9518  27.206076    159.833 330.629878     695167   5012.543     576864  0.000e+00
    -1.9518  27.205844    160.064 330.629881     695167   5012.527     576940  0.000e+00
    -1.9518  27.205729    160.286 330.629884     695167   5012.520     577013  0.000e+00
    -1.9516  27.206078    160.500 330.629887     695163   5012.543     577083  0.000e+00
    -1.9518  27.206021    160.731 330.629890     695168   5012.539     577159  0.000e+00
    -1.9517  27.206370    160.917 330.629893     695165   5012.563     577220  0.000e+00
    -1.9518  27.206894    161.088 330.629896     695167   5012.598     577276  0.000e+00
    -1.9518  27.206895    161.240 330.629899     695168   5012.598     577326  0.000e+00
    -1.9518  27.206604    161.398 330.629902     695167   5012.578     577378  0.000e+00
    -1.9517  27.206023    161.587 330.629905     695165   5012.539     577440  0.000e+00
    -1.9517  27.206372    161.749 330.629907     695165   5012.563     577493  0.000e+00
    -1.9517  27.206606    161.919 330.629910     695166   5012.578     577549  0.000e+00
    -1.9516  27.206606    162.087 330.629913     695164   5012.578     577604  0.000e+00
    -1.9518  27.206897    162.233 330.629916     695167   5012.598     577652  0.000e+00
    -1.9517  27.207712    162.434 330.629919     695166   5012.652     577718  0.000e+00
    -1.9518  27.206375    162.644 330.629922     695168   5012.563     577787  0.000e+00
    -1.9517  27.207422    162.830 330.629925     695166   5012.633     577848  0.000e+00
    -1.9518  27.207190    163.028 330.629928     695168   5012.617     577913  0.000e+00
    -1.9518  27.207423    163.208 330.629931     695167   5012.633     577972  0.000e+00
    -1.9518  27.207191    163.433 330.629933     695167   5012.617     578046  0.000e+00
    -1.9517  27.207715    163.656 330.629936     695166   5012.652     578119  0.000e+00
    -1.9518  27.207134    163.860 330.629939     695167   5012.613     578186  0.000e+00
    -1.9518  27.207426    164.070 330.629942     695167   5012.633     578255  0.000e+00
    -1.9517  27.207426    164.289 330.629945     695166   5012.633     578327  0.000e+00
    -1.9520  27.207427    164.533 330.629948     695171   5012.633     578407  0.000e+00
    -1.9518  27.208242    164.749 330.629951     695167   5012.688     578478  0.000e+00
    -1.9517  27.208533    164.962 330.629954     695165   5012.707     578548  0.000e+00
    -1.9518  27.208243    165.206 330.629957     695168   5012.688     578628  0.000e+00
    -1.9518  27.208302    165.450 330.629959     695167   5012.691     578708  0.000e+00
    -1.9518  27.208477    165.669 330.629962     695167   5012.703     578780  0.000e+00
    -1.9518  27.208012    165.904 330.629965     695168   5012.672     578857  0.000e+00
    -1.9519  27.207955    166.169 330.629968     695169   5012.668     578944  0.000e+00
    -1.9518  27.208246    166.419 330.629971     695167   5012.688     579026  0.000e+00
    -1.9518  27.208305    166.653 330.629974     695168   5012.691     579103  0.000e+00
    -1.9518  27.209004    166.879 330.629977     695168   5012.738     579177  0.000e+00
    -1.9518  27.209121    167.116 330.629980     695167   5012.746     579255  0.000e+00
    -1.9518  27.209005    167.336 330.629983     695167   5012.738     579327  0.000e+00
