tests/resources/orca-test-data/SBE19plus/4794/4794_021_KiM.cnv
* Sea-Bird SBE19plus Data File:
* FileName = C:\Documents and Settings\stevens\Desktop\K131_2007\CTD\4794_021.hex
* Software Version 1.50
* Temperature SN =  4977
* Conductivity SN =  4977
* System UpLoad Time = Nov 26 2007 18:55:11
** K131 McMurdo SeaIce Work
** nov-dec 2007
** using chch plastic ctd
** times are local (NZ daylight savings)
# nquan = 8
# nvalues = 8564                                  
# units = specified
# name 0 = tv290C: Temperature [ITS-90, deg C]
# name 1 = c0mS/cm: Conductivity [mS/cm]
# name 2 = prdM: Pressure, Strain Gauge [db]
# name 3 = timeJ: Julian Days
# name 4 = f0: Frequency 0
# name 5 = f1: Frequency 1
# name 6 = f2: Frequency 2
# name 7 = flag:  0.000e+00
# span 0 =    -2.9406,    -1.9047                 
# span 1 =   0.279198,  27.378130                 
# span 2 =     -0.295,    363.209                 
# span 3 = 330.760556, 330.785333                 
# span 4 =     694122,     717354                 
# span 5 =   2638.020,   5024.047                 
# span 6 =     524307,     643638                 
# span 7 = 0.0000e+00, 0.0000e+00                 
# interval = seconds: 0.25
# start_time = Nov 26 2007 18:15:12 [Instrument's time stamp, header]
# bad_flag = -9.990e-29
*END*
[from data line 3416]
    -1.9053  27.372512    355.085 330.770440     694136   5023.672     640970  0.000e+00
    -1.9052  27.372103    354.740 330.770443     694134   5023.645     640857  0.000e+00
    -1.9055  27.371636    354.399 330.770446     694140   5023.613     640745  0.000e+00
    -1.9055  27.371285    354.064 330.770448     694141   5023.590     640635  0.000e+00
    -1.9055  27.371284    353.720 330.770451     694140   5023.590     640522  0.000e+00
    -1.9055  27.370525    353.379 330.770454     694141   5023.539     640410  0.000e+00
    -1.9059  27.369708    353.032 330.770457     694148   5023.484     640296  0.000e+00
    -1.9061  27.369416    352.682 330.770460     694153   5023.465     640181  0.000e+00
    -1.9064  27.370231    352.335 330.770463     694161   5023.520     640067  0.000e+00
    -1.9066  27.369997    351.994 330.770466     694164   5023.504     639955  0.000e+00
    -1.9066  27.369121    351.640 330.770469     694164   5023.445     639839  0.000e+00
    -1.9065  27.369412    351.293 330.770472     694163   5023.465     639725  0.000e+00
    -1.9067  27.368362    350.934 330.770475     694166   5023.395     639607  0.000e+00
    -1.9065  27.368827    350.568 330.770477     694163   5023.426     639487  0.000e+00
    -1.9065  27.368126    350.203 330.770480     694163   5023.379     639367  0.000e+00
    -1.9066  27.368125    349.816 330.770483     694165   5023.379     639240  0.000e+00
    -1.9065  27.367949    349.423 330.770486     694162   5023.367     639111  0.000e+00
    -1.9066  27.367832    349.028 330.770489     694165   5023.359     638981  0.000e+00
    -1.9066  27.367947    348.629 330.770492     694164   5023.367     638850  0.000e+00
    -1.9067  27.367014    348.221 330.770495     694166   5023.305     638716  0.000e+00
    -1.9067  27.367304    347.828 330.770498     694166   5023.324     638587  0.000e+00
    -1.9069  27.367711    347.459 330.770501     694170   5023.352     638466  0.000e+00
    -1.9068  27.367011    347.088 330.770503     694169   5023.305     638344  0.000e+00
    -1.9069  27.367010    346.731 330.770506     694171   5023.305     638227  0.000e+00
    -1.9068  27.366251    346.375 330.770509     694169   5023.254     638110  0.000e+00
    -1.9069  27.364909    346.019 330.770512     694172   5023.164     637993  0.000e+00
    -1.9070  27.365724    345.669 330.770515     694174   5023.219     637878  0.000e+00
    -1.9073  27.364091    345.315 330.770518     694180   5023.109     637762  0.000e+00
    -1.9077  27.363041    344.971 330.770521     694189   5023.039     637649  0.000e+00
    -1.9084  27.362340    344.621 330.770524     694204   5022.992     637534  0.000e+00
    -1.9088  27.361698    344.274 330.770527     694214   5022.949     637420  0.000e+00
    -1.9094  27.357441    343.939 330.770530     694227   5022.664     637310  0.000e+00
    -1.9098  27.360064    343.592 330.770532     694236   5022.840     637196  0.000e+00
    -1.9101  27.361171    343.238 330.770535     694243   5022.914     637080  0.000e+00
    -1.9103  27.361170    342.879 330.770538     694247   5022.914     636962  0.000e+00
    -1.9104  27.360644    342.538 330.770541     694249   5022.879     636850  0.000e+00
    -1.9105  27.360643    342.188 330.770544     694251   5022.879     636735  0.000e+00
    -1.9105  27.359768    341.841 330.770547     694252   5022.820     636621  0.000e+00
    -1.9107  27.359825    341.487 330.770550     694256   5022.824     636505  0.000e+00
    -1.9106  27.359241    341.134 330.770553     694254   5022.785     636389  0.000e+00
    -1.9107  27.359007    340.781 330.770556     694256   5022.770     636273  0.000e+00
    -1.9109  27.359006    340.434 330.770558     694259   5022.770     636159  0.000e+00
    -1.9109  27.358947    340.077 330.770561     694259   5022.766     636042  0.000e+00
    -1.9110  27.358771    339.718 330.770564     694262   5022.754     635924  0.000e+00
    -1.9110  27.358770    339.362 330.770567     694262   5022.754     635807  0.000e+00
    -1.9112  27.358070    339.005 330.770570     694266   5022.707     635690  0.000e+00
    -1.9111  27.357428    338.655 330.770573     694265   5022.664     635575  0.000e+00
    -1.9113  27.357543    338.296 330.770576     694268   5022.672     635457  0.000e+00
    -1.9113  27.357193    337.946 330.770579     694269   5022.648     635342  0.000e+00
    -1.9115  27.356084    337.586 330.770582     694273   5022.574     635224  0.000e+00
    -1.9118  27.356375    337.236 330.770584     694279   5022.594     635109  0.000e+00
    -1.9119  27.356899    336.883 330.770587     694281   5022.629     634993  0.000e+00
    -1.9119  27.356373    336.524 330.770590     694282   5022.594     634875  0.000e+00
    -1.9117  27.355556    336.167 330.770593     694278   5022.539     634758  0.000e+00
    -1.9118  27.356371    335.811 330.770596     694279   5022.594     634641  0.000e+00
    -1.9119  27.355554    335.452 330.770599     694281   5022.539     634523  0.000e+00
    -1.9119  27.355553    335.089 330.770602     694282   5022.539     634404  0.000e+00
    -1.9120  27.355027    334.730 330.770605     694285   5022.504     634286  0.000e+00
    -1.9122  27.354968    334.367 330.770608     694289   5022.500     634167  0.000e+00
    -1.9122  27.353685    334.008 330.770611     694288   5022.414     634049  0.000e+00
    -1.9124  27.353567    333.655 330.770613     694293   5022.406     633933  0.000e+00
    -1.9125  27.353975    333.335 330.770616     694295   5022.434     633828  0.000e+00
    -1.9124  27.353158    333.055 330.770619     694293   5022.379     633736  0.000e+00
    -1.9125  27.352457    332.747 330.770622     694296   5022.332     633635  0.000e+00
    -1.9128  27.352107    332.391 330.770625     694302   5022.309     633518  0.000e+00
    -1.9133  27.352106    332.035 330.770628     694313   5022.309     633401  0.000e+00
    -1.9135  27.351056    331.685 330.770631     694318   5022.238     633286  0.000e+00
    -1.9140  27.350239    331.334 330.770634     694328   5022.184     633171  0.000e+00
    -1.9145  27.350180    331.015 330.770637     694339   5022.180     633066  0.000e+00
    -1.9150  27.349188    330.780 330.770639     694350   5022.113     632989  0.000e+00
    -1.9151  27.348663    330.643 330.770642     694353   5022.078     632944  0.000e+00
    -1.9156  27.348488    330.460 330.770645     694365   5022.066     632884  0.000e+00
    -1.9159  27.348371    330.119 330.770648     694370   5022.059     632772  0.000e+00
    -1.9160  27.348078    329.717 330.770651     694372   5022.039     632640  0.000e+00
    -1.9160  27.348485    329.355 330.770654     694373   5022.066     632521  0.000e+00
    -1.9160  27.348076    329.008 330.770657     694373   5022.039     632407  0.000e+00
    -1.9162  27.347376    328.654 330.770660     694377   5021.992     632291  0.000e+00
    -1.9163  27.347317    328.289 330.770663     694379   5021.988     632171  0.000e+00
    -1.9165  27.346791    327.927 330.770666     694384   5021.953     632052  0.000e+00
    -1.9168  27.346207    327.561 330.770668     694390   5021.914     631932  0.000e+00
    -1.9168  27.345682    327.196 330.770671     694391   5021.879     631812  0.000e+00
    -1.9171  27.345972    326.827 330.770674     694397   5021.898     631691  0.000e+00
    -1.9174  27.345447    326.459 330.770677     694403   5021.863     631570  0.000e+00
    -1.9172  27.344105    326.090 330.770680     694400   5021.773     631449  0.000e+00
    -1.9175  27.343988    325.728 330.770683     694407   5021.766     631330  0.000e+00
    -1.9177  27.344395    325.362 330.770686     694410   5021.793     631210  0.000e+00
    -1.9177  27.344627    324.991 330.770689     694411   5021.809     631088  0.000e+00
    -1.9177  27.344276    324.628 330.770692     694411   5021.785     630969  0.000e+00
    -1.9177  27.343285    324.278 330.770694     694411   5021.719     630854  0.000e+00
    -1.9181  27.342876    323.916 330.770697     694419   5021.691     630735  0.000e+00
    -1.9183  27.343574    323.553 330.770700     694423   5021.738     630616  0.000e+00
    -1.9183  27.343049    323.188 330.770703     694423   5021.703     630496  0.000e+00
    -1.9183  27.342581    322.819 330.770706     694425   5021.672     630375  0.000e+00
    -1.9183  27.341998    322.451 330.770709     694425   5021.633     630254  0.000e+00
    -1.9185  27.341997    322.076 330.770712     694428   5021.633     630131  0.000e+00
    -1.9184  27.342229    321.720 330.770715     694427   5021.648     630014  0.000e+00
    -1.9184  27.341995    321.355 330.770718     694427   5021.633     629894  0.000e+00
    -1.9186  27.341411    320.983 330.770720     694430   5021.594     629772  0.000e+00
    -1.9187  27.340652    320.612 330.770723     694432   5021.543     629650  0.000e+00
    -1.9189  27.340127    320.240 330.770726     694437   5021.508     629528  0.000e+00
    -1.9190  27.340592    319.868 330.770729     694440   5021.539     629406  0.000e+00
    -1.9191  27.339833    319.497 330.770732     694442   5021.488     629284  0.000e+00
    -1.9192  27.340299    319.119 330.770735     694443   5021.520     629160  0.000e+00
    -1.9193  27.339016    318.745 330.770738     694447   5021.434     629037  0.000e+00
    -1.9194  27.339306    318.373 330.770741     694449   5021.453     628915  0.000e+00
    -1.9193  27.338023    317.999 330.770744     694446   5021.367     628792  0.000e+00
    -1.9197  27.338255    317.639 330.770747     694454   5021.383     628674  0.000e+00
    -1.9199  27.337496    317.268 330.770749     694459   5021.332     628552  0.000e+00
    -1.9201  27.335864    316.902 330.770752     694465   5021.223     628432  0.000e+00
    -1.9206  27.335338    316.537 330.770755     694475   5021.188     628312  0.000e+00
    -1.9210  27.334114    316.174 330.770758     694484   5021.105     628193  0.000e+00
    -1.9215  27.333180    315.815 330.770761     694496   5021.043     628075  0.000e+00
    -1.9221  27.332655    315.459 330.770764     694509   5021.008     627958  0.000e+00
    -1.9226  27.332129    315.096 330.770767     694519   5020.973     627839  0.000e+00
    -1.9229  27.331313    314.734 330.770770     694525   5020.918     627720  0.000e+00
    -1.9233  27.330438    314.365 330.770773     694535   5020.859     627599  0.000e+00
    -1.9235  27.330262    314.003 330.770775     694540   5020.848     627480  0.000e+00
    -1.9239  27.328688    313.641 330.770778     694549   5020.742     627361  0.000e+00
    -1.9245  27.327929    313.284 330.770781     694561   5020.691     627244  0.000e+00
    -1.9250  27.327346    312.916 330.770784     694572   5020.652     627123  0.000e+00
    -1.9252  27.325946    312.550 330.770787     694578   5020.559     627003  0.000e+00
    -1.9259  27.324430    312.185 330.770790     694592   5020.457     626883  0.000e+00
    -1.9263  27.323089    311.804 330.770793     694601   5020.367     626758  0.000e+00
    -1.9267  27.322855    311.439 330.770796     694610   5020.352     626638  0.000e+00
    -1.9270  27.322271    311.070 330.770799     694618   5020.313     626517  0.000e+00
    -1.9274  27.320289    310.699 330.770802     694626   5020.180     626395  0.000e+00
    -1.9277  27.320405    310.321 330.770804     694632   5020.188     626271  0.000e+00
    -1.9279  27.320171    309.949 330.770807     694638   5020.172     626149  0.000e+00
    -1.9282  27.320054    309.578 330.770810     694643   5020.164     626027  0.000e+00
    -1.9283  27.318829    309.200 330.770813     694646   5020.082     625903  0.000e+00
    -1.9284  27.318537    308.832 330.770816     694649   5020.063     625782  0.000e+00
    -1.9286  27.318361    308.463 330.770819     694653   5020.051     625661  0.000e+00
    -1.9288  27.318535    308.101 330.770822     694658   5020.063     625542  0.000e+00
    -1.9289  27.317485    307.738 330.770825     694659   5019.992     625423  0.000e+00
    -1.9290  27.316435    307.370 330.770828     694661   5019.922     625302  0.000e+00
    -1.9292  27.315910    306.998 330.770830     694666   5019.887     625180  0.000e+00
    -1.9294  27.315210    306.618 330.770833     694670   5019.840     625055  0.000e+00
    -1.9297  27.314568    306.249 330.770836     694677   5019.797     624934  0.000e+00
    -1.9299  27.313810    305.890 330.770839     694681   5019.746     624816  0.000e+00
    -1.9299  27.313518    305.527 330.770842     694682   5019.727     624697  0.000e+00
    -1.9304  27.313750    305.168 330.770845     694692   5019.742     624579  0.000e+00
    -1.9306  27.312700    304.806 330.770848     694696   5019.672     624460  0.000e+00
    -1.9305  27.312699    304.437 330.770851     694694   5019.672     624339  0.000e+00
    -1.9306  27.311883    304.072 330.770854     694696   5019.617     624219  0.000e+00
    -1.9305  27.311649    303.697 330.770856     694695   5019.602     624096  0.000e+00
    -1.9307  27.311356    303.332 330.770859     694699   5019.582     623976  0.000e+00
    -1.9309  27.310714    302.948 330.770862     694703   5019.539     623850  0.000e+00
    -1.9310  27.310830    302.588 330.770865     694705   5019.547     623732  0.000e+00
    -1.9312  27.309314    302.205 330.770868     694711   5019.445     623606  0.000e+00
    -1.9315  27.309779    301.833 330.770871     694716   5019.477     623484  0.000e+00
    -1.9315  27.309254    301.468 330.770874     694718   5019.441     623364  0.000e+00
    -1.9318  27.308205    301.102 330.770877     694724   5019.371     623244  0.000e+00
    -1.9320  27.307912    300.728 330.770880     694729   5019.352     623121  0.000e+00
    -1.9321  27.307387    300.365 330.770883     694731   5019.316     623002  0.000e+00
    -1.9324  27.307095    299.991 330.770885     694736   5019.297     622879  0.000e+00
    -1.9325  27.306337    299.619 330.770888     694739   5019.246     622757  0.000e+00
    -1.9328  27.306510    299.254 330.770891     694745   5019.258     622637  0.000e+00
    -1.9329  27.304995    298.879 330.770894     694747   5019.156     622514  0.000e+00
    -1.9332  27.303945    298.495 330.770897     694755   5019.086     622388  0.000e+00
    -1.9333  27.303711    298.124 330.770900     694757   5019.070     622266  0.000e+00
    -1.9338  27.303128    297.746 330.770903     694767   5019.031     622142  0.000e+00
    -1.9341  27.302020    297.381 330.770906     694775   5018.957     622022  0.000e+00
    -1.9344  27.302310    296.997 330.770909     694781   5018.977     621896  0.000e+00
    -1.9347  27.301028    296.628 330.770911     694787   5018.891     621775  0.000e+00
    -1.9348  27.301435    296.248 330.770914     694791   5018.918     621650  0.000e+00
    -1.9351  27.300444    295.873 330.770917     694796   5018.852     621527  0.000e+00
    -1.9352  27.299744    295.501 330.770920     694798   5018.805     621405  0.000e+00
    -1.9354  27.299917    295.121 330.770923     694804   5018.816     621280  0.000e+00
    -1.9356  27.298344    294.743 330.770926     694807   5018.711     621156  0.000e+00
    -1.9359  27.298634    294.368 330.770929     694815   5018.730     621033  0.000e+00
    -1.9362  27.297002    293.985 330.770932     694821   5018.621     620907  0.000e+00
    -1.9365  27.295254    293.598 330.770935     694829   5018.504     620780  0.000e+00
    -1.9370  27.295136    293.220 330.770938     694839   5018.496     620656  0.000e+00
    -1.9374  27.294378    292.840 330.770940     694847   5018.445     620531  0.000e+00
    -1.9376  27.294435    292.456 330.770943     694853   5018.449     620405  0.000e+00
    -1.9379  27.293328    292.072 330.770946     694859   5018.375     620279  0.000e+00
    -1.9382  27.292744    291.704 330.770949     694866   5018.336     620158  0.000e+00
    -1.9383  27.291986    291.356 330.770952     694867   5018.285     620044  0.000e+00
    -1.9385  27.292510    291.092 330.770955     694872   5018.320     619957  0.000e+00
