tests/resources/orca-test-data/SBE19plus/4794/4794_015_KiM.cnv
* Sea-Bird SBE19plus Data File:
* FileName = C:\Documents and Settings\stevens\Desktop\K131_2007\CTD\4794_015.hex
* Software Version 1.50
* Temperature SN =  4977
* Conductivity SN =  4977
* System UpLoad Time = Nov 26 2007 13:48:13
** K131 McMurdo SeaIce Work
** nov-dec 2007
** using chch plastic ctd
** times are local (NZ daylight savings)
# nquan = 8
# nvalues = 2689                                  
# units = specified
# name 0 = tv290C: Temperature [ITS-90, deg C]
# name 1 = c0mS/cm: Conductivity [mS/cm]
# name 2 = prdM: Pressure, Strain Gauge [db]
# name 3 = timeJ: Julian Days
# name 4 = f0: Frequency 0
# name 5 = f1: Frequency 1
# name 6 = f2: Frequency 2
# name 7 = flag:  0.000e+00
# span 0 =    -3.0120,    -1.9055                 
# span 1 =   0.050419,  27.383785                 
# span 2 =     -0.272,    362.316                 
# span 3 = 330.552199, 330.559977                 
# span 4 =     694141,     718974                 
# span 5 =   2608.559,   5024.426                 
# span 6 =     524319,     643345                 
# span 7 = 0.0000e+00, 0.0000e+00                 
# interval = seconds: 0.25
# start_time = Nov 26 2007 13:15:10 [Instrument's time stamp, header]
# bad_flag = -9.990e-29
*END*
[from data line 1439]
    -1.9223  27.243494    362.261 330.556363     694513   5015.020     643327  0.000e+00
    -1.9231  27.229119    362.267 330.556366     694530   5014.055     643329  0.000e+00
    -1.9226  27.231447    362.258 330.556369     694519   5014.211     643326  0.000e+00
    -1.9226  27.236510    362.261 330.556372     694520   5014.551     643327  0.000e+00
    -1.9217  27.240467    362.258 330.556374     694499   5014.816     643326  0.000e+00
    -1.9197  27.233716    362.252 330.556377     694454   5014.363     643324  0.000e+00
    -1.9158  27.223299    362.252 330.556380     694369   5013.664     643324  0.000e+00
    -1.9123  27.226965    362.246 330.556383     694290   5013.910     643322  0.000e+00
    -1.9102  27.221669    362.246 330.556386     694244   5013.555     643322  0.000e+00
    -1.9092  27.206891    362.234 330.556389     694223   5012.563     643318  0.000e+00
    -1.9091  27.179146    362.231 330.556392     694220   5010.699     643317  0.000e+00
    -1.9087  27.359355    362.231 330.556395     694211   5022.789     643317  0.000e+00
    -1.9087  27.368275    362.228 330.556398     694211   5023.387     643316  0.000e+00
    -1.9088  27.368391    362.234 330.556400     694214   5023.395     643318  0.000e+00
    -1.9088  27.371598    362.252 330.556403     694213   5023.609     643324  0.000e+00
    -1.9089  27.355332    362.261 330.556406     694216   5022.520     643327  0.000e+00
    -1.9085  27.363611    362.258 330.556409     694207   5023.074     643326  0.000e+00
    -1.9084  27.185019    362.264 330.556412     694205   5011.094     643328  0.000e+00
    -1.9077  27.379587    362.270 330.556415     694188   5024.145     643330  0.000e+00
    -1.9073  27.379587    362.267 330.556418     694181   5024.145     643329  0.000e+00
    -1.9069  27.381511    362.264 330.556421     694172   5024.273     643328  0.000e+00
    -1.9065  27.380928    362.264 330.556424     694163   5024.234     643328  0.000e+00
    -1.9065  27.380928    362.258 330.556427     694162   5024.234     643326  0.000e+00
    -1.9064  27.380403    362.261 330.556429     694161   5024.199     643327  0.000e+00
    -1.9067  27.296654    362.261 330.556432     694166   5018.586     643327  0.000e+00
    -1.9064  27.087899    362.261 330.556435     694159   5004.566     643327  0.000e+00
    -1.9064  27.095567    362.264 330.556438     694161   5005.082     643328  0.000e+00
    -1.9064  27.111543    362.264 330.556441     694161   5006.156     643328  0.000e+00
    -1.9064  27.182867    362.258 330.556444     694160   5010.949     643326  0.000e+00
    -1.9063  27.195023    362.258 330.556447     694158   5011.766     643326  0.000e+00
    -1.9065  27.192290    362.258 330.556450     694162   5011.582     643326  0.000e+00
    -1.9066  27.193162    362.255 330.556453     694164   5011.641     643325  0.000e+00
    -1.9064  27.193685    362.249 330.556455     694159   5011.676     643323  0.000e+00
    -1.9063  27.194442    362.255 330.556458     694157   5011.727     643325  0.000e+00
    -1.9064  27.195082    362.252 330.556461     694160   5011.770     643324  0.000e+00
    -1.9064  27.197117    362.255 330.556464     694161   5011.906     643325  0.000e+00
    -1.9066  27.200259    362.252 330.556467     694165   5012.117     643324  0.000e+00
    -1.9065  27.201771    362.252 330.556470     694163   5012.219     643324  0.000e+00
    -1.9064  27.286053    362.249 330.556473     694159   5017.875     643323  0.000e+00
    -1.9066  27.381511    362.255 330.556476     694165   5024.273     643325  0.000e+00
    -1.9066  27.381161    362.249 330.556479     694165   5024.250     643323  0.000e+00
    -1.9068  27.381686    362.255 330.556481     694168   5024.285     643325  0.000e+00
    -1.9065  27.382094    362.255 330.556484     694163   5024.313     643325  0.000e+00
    -1.9064  27.381977    362.255 330.556487     694161   5024.305     643325  0.000e+00
    -1.9063  27.382211    362.252 330.556490     694157   5024.320     643324  0.000e+00
    -1.9063  27.382094    362.252 330.556493     694158   5024.313     643324  0.000e+00
    -1.9064  27.381977    362.246 330.556496     694159   5024.305     643322  0.000e+00
    -1.9064  27.381802    362.246 330.556499     694159   5024.293     643322  0.000e+00
    -1.9066  27.381686    362.246 330.556502     694165   5024.285     643322  0.000e+00
    -1.9063  27.382211    362.243 330.556505     694158   5024.320     643321  0.000e+00
    -1.9064  27.381802    362.243 330.556508     694161   5024.293     643321  0.000e+00
    -1.9064  27.381977    362.246 330.556510     694159   5024.305     643322  0.000e+00
    -1.9066  27.381686    362.240 330.556513     694164   5024.285     643320  0.000e+00
    -1.9063  27.381511    362.249 330.556516     694158   5024.273     643323  0.000e+00
    -1.9065  27.381977    362.243 330.556519     694162   5024.305     643321  0.000e+00
    -1.9065  27.381511    362.240 330.556522     694162   5024.273     643320  0.000e+00
    -1.9067  27.382794    362.237 330.556525     694166   5024.359     643319  0.000e+00
    -1.9066  27.382211    362.237 330.556528     694164   5024.320     643319  0.000e+00
    -1.9064  27.381511    362.240 330.556531     694159   5024.273     643320  0.000e+00
    -1.9063  27.382211    362.240 330.556534     694158   5024.320     643320  0.000e+00
    -1.9066  27.382211    362.240 330.556536     694164   5024.320     643320  0.000e+00
    -1.9063  27.382386    362.237 330.556539     694158   5024.332     643319  0.000e+00
    -1.9062  27.382794    362.237 330.556542     694155   5024.359     643319  0.000e+00
    -1.9062  27.382677    362.237 330.556545     694155   5024.352     643319  0.000e+00
    -1.9064  27.382502    362.234 330.556548     694161   5024.340     643318  0.000e+00
    -1.9064  27.382794    362.234 330.556551     694159   5024.359     643318  0.000e+00
    -1.9065  27.382094    362.231 330.556554     694163   5024.313     643317  0.000e+00
    -1.9063  27.383027    362.225 330.556557     694158   5024.375     643315  0.000e+00
    -1.9062  27.382794    362.228 330.556560     694155   5024.359     643316  0.000e+00
    -1.9061  27.382386    362.234 330.556562     694153   5024.332     643318  0.000e+00
    -1.9064  27.382502    362.228 330.556565     694160   5024.340     643316  0.000e+00
    -1.9062  27.382677    362.228 330.556568     694156   5024.352     643316  0.000e+00
    -1.9059  27.382502    362.231 330.556571     694149   5024.340     643317  0.000e+00
    -1.9061  27.382794    362.228 330.556574     694154   5024.359     643316  0.000e+00
    -1.9064  27.382386    362.225 330.556577     694161   5024.332     643315  0.000e+00
    -1.9063  27.382502    362.228 330.556580     694157   5024.340     643316  0.000e+00
    -1.9062  27.383027    362.231 330.556583     694156   5024.375     643317  0.000e+00
    -1.9062  27.382385    362.222 330.556586     694155   5024.332     643314  0.000e+00
    -1.9063  27.382502    362.225 330.556589     694157   5024.340     643315  0.000e+00
    -1.9063  27.382677    362.216 330.556591     694158   5024.352     643312  0.000e+00
    -1.9064  27.382794    362.210 330.556594     694159   5024.359     643310  0.000e+00
    -1.9064  27.381977    362.213 330.556597     694159   5024.305     643311  0.000e+00
    -1.9061  27.383202    362.213 330.556600     694153   5024.387     643311  0.000e+00
    -1.9064  27.382502    362.222 330.556603     694159   5024.340     643314  0.000e+00
    -1.9065  27.383027    362.231 330.556606     694163   5024.375     643317  0.000e+00
    -1.9064  27.383202    362.225 330.556609     694159   5024.387     643315  0.000e+00
    -1.9062  27.381977    362.225 330.556612     694155   5024.305     643315  0.000e+00
    -1.9064  27.382385    362.219 330.556615     694160   5024.332     643313  0.000e+00
    -1.9064  27.383027    362.219 330.556617     694159   5024.375     643313  0.000e+00
    -1.9066  27.383027    362.213 330.556620     694164   5024.375     643311  0.000e+00
    -1.9064  27.382969    362.213 330.556623     694160   5024.371     643311  0.000e+00
    -1.9064  27.382502    362.219 330.556626     694160   5024.340     643313  0.000e+00
    -1.9065  27.382502    362.213 330.556629     694162   5024.340     643311  0.000e+00
    -1.9062  27.382385    362.216 330.556632     694155   5024.332     643312  0.000e+00
    -1.9062  27.381686    362.207 330.556635     694156   5024.285     643309  0.000e+00
    -1.9063  27.382094    362.203 330.556638     694158   5024.313     643308  0.000e+00
    -1.9063  27.382502    362.197 330.556641     694158   5024.340     643306  0.000e+00
    -1.9064  27.382502    362.200 330.556644     694161   5024.340     643307  0.000e+00
    -1.9068  27.382385    362.194 330.556646     694169   5024.332     643305  0.000e+00
    -1.9064  27.382502    362.197 330.556649     694159   5024.340     643306  0.000e+00
    -1.9063  27.382502    362.188 330.556652     694158   5024.340     643303  0.000e+00
    -1.9063  27.381802    362.191 330.556655     694158   5024.293     643304  0.000e+00
    -1.9066  27.381977    362.194 330.556658     694164   5024.305     643305  0.000e+00
    -1.9063  27.382385    362.191 330.556661     694158   5024.332     643304  0.000e+00
    -1.9063  27.381977    362.191 330.556664     694158   5024.305     643304  0.000e+00
    -1.9063  27.381977    362.219 330.556667     694157   5024.305     643313  0.000e+00
    -1.9064  27.382969    362.222 330.556670     694160   5024.371     643314  0.000e+00
    -1.9064  27.381977    362.222 330.556672     694161   5024.305     643314  0.000e+00
    -1.9063  27.383319    362.216 330.556675     694157   5024.395     643312  0.000e+00
    -1.9064  27.381802    362.213 330.556678     694160   5024.293     643311  0.000e+00
    -1.9063  27.382502    362.210 330.556681     694157   5024.340     643310  0.000e+00
    -1.9062  27.382677    362.200 330.556684     694156   5024.352     643307  0.000e+00
    -1.9063  27.383318    362.194 330.556687     694157   5024.395     643305  0.000e+00
    -1.9064  27.382502    362.194 330.556690     694159   5024.340     643305  0.000e+00
    -1.9064  27.382969    362.185 330.556693     694161   5024.371     643302  0.000e+00
    -1.9063  27.381977    362.188 330.556696     694158   5024.305     643303  0.000e+00
    -1.9063  27.382794    362.182 330.556698     694158   5024.359     643301  0.000e+00
    -1.9063  27.382677    362.176 330.556701     694157   5024.352     643299  0.000e+00
    -1.9064  27.383027    362.173 330.556704     694159   5024.375     643298  0.000e+00
    -1.9063  27.382794    362.173 330.556707     694157   5024.359     643298  0.000e+00
    -1.9065  27.382969    362.173 330.556710     694163   5024.371     643298  0.000e+00
    -1.9065  27.382794    362.173 330.556713     694163   5024.359     643298  0.000e+00
    -1.9064  27.382385    362.164 330.556716     694161   5024.332     643295  0.000e+00
    -1.9066  27.382210    362.161 330.556719     694165   5024.320     643294  0.000e+00
    -1.9065  27.382502    362.158 330.556722     694163   5024.340     643293  0.000e+00
    -1.9066  27.382094    362.161 330.556725     694165   5024.313     643294  0.000e+00
    -1.9066  27.381686    362.164 330.556727     694165   5024.285     643295  0.000e+00
    -1.9064  27.382502    362.161 330.556730     694161   5024.340     643294  0.000e+00
    -1.9064  27.382385    362.161 330.556733     694159   5024.332     643294  0.000e+00
    -1.9065  27.381686    362.161 330.556736     694162   5024.285     643294  0.000e+00
    -1.9060  27.382677    362.188 330.556739     694151   5024.352     643303  0.000e+00
    -1.9063  27.382502    362.197 330.556742     694157   5024.340     643306  0.000e+00
    -1.9064  27.381686    362.201 330.556745     694159   5024.285     643307  0.000e+00
    -1.9064  27.382677    362.200 330.556748     694160   5024.352     643307  0.000e+00
    -1.9064  27.382794    362.201 330.556751     694161   5024.359     643307  0.000e+00
    -1.9064  27.381977    362.204 330.556753     694159   5024.305     643308  0.000e+00
    -1.9064  27.383202    362.200 330.556756     694160   5024.387     643307  0.000e+00
    -1.9064  27.383319    362.207 330.556759     694160   5024.395     643309  0.000e+00
    -1.9064  27.382385    362.204 330.556762     694160   5024.332     643308  0.000e+00
    -1.9061  27.382210    362.204 330.556765     694153   5024.320     643308  0.000e+00
    -1.9062  27.381686    362.200 330.556768     694156   5024.285     643307  0.000e+00
    -1.9063  27.382677    362.207 330.556771     694158   5024.352     643309  0.000e+00
    -1.9061  27.382794    362.204 330.556774     694153   5024.359     643308  0.000e+00
    -1.9060  27.382794    362.204 330.556777     694150   5024.359     643308  0.000e+00
    -1.9064  27.382385    362.194 330.556780     694160   5024.332     643305  0.000e+00
    -1.9060  27.382502    362.194 330.556782     694152   5024.340     643305  0.000e+00
    -1.9060  27.382385    362.194 330.556785     694150   5024.332     643305  0.000e+00
    -1.9063  27.382502    362.188 330.556788     694157   5024.340     643303  0.000e+00
    -1.9060  27.382210    362.188 330.556791     694151   5024.320     643303  0.000e+00
    -1.9065  27.382385    362.185 330.556794     694163   5024.332     643302  0.000e+00
    -1.9064  27.382794    362.179 330.556797     694160   5024.359     643300  0.000e+00
    -1.9061  27.382210    362.173 330.556800     694154   5024.320     643298  0.000e+00
    -1.9063  27.382094    362.167 330.556803     694157   5024.313     643296  0.000e+00
    -1.9067  27.382210    362.164 330.556806     694166   5024.320     643295  0.000e+00
    -1.9064  27.382385    362.158 330.556808     694159   5024.332     643293  0.000e+00
    -1.9061  27.382502    362.155 330.556811     694154   5024.340     643292  0.000e+00
    -1.9064  27.382502    362.155 330.556814     694160   5024.340     643292  0.000e+00
    -1.9062  27.382094    362.152 330.556817     694155   5024.313     643291  0.000e+00
    -1.9064  27.382210    362.149 330.556820     694159   5024.320     643290  0.000e+00
    -1.9062  27.382502    362.149 330.556823     694155   5024.340     643290  0.000e+00
    -1.9063  27.381802    362.149 330.556826     694158   5024.293     643290  0.000e+00
    -1.9064  27.382793    362.140 330.556829     694159   5024.359     643287  0.000e+00
    -1.9062  27.382094    362.140 330.556832     694156   5024.313     643287  0.000e+00
    -1.9061  27.382210    362.134 330.556834     694154   5024.320     643285  0.000e+00
    -1.9063  27.383318    362.134 330.556837     694157   5024.395     643285  0.000e+00
    -1.9062  27.381802    362.134 330.556840     694155   5024.293     643285  0.000e+00
    -1.9064  27.382210    362.130 330.556843     694159   5024.320     643284  0.000e+00
    -1.9064  27.383027    362.134 330.556846     694160   5024.375     643285  0.000e+00
    -1.9067  27.382385    362.137 330.556849     694166   5024.332     643286  0.000e+00
    -1.9061  27.382793    362.124 330.556852     694153   5024.359     643282  0.000e+00
    -1.9063  27.381802    362.127 330.556855     694158   5024.293     643283  0.000e+00
    -1.9060  27.382793    362.127 330.556858     694151   5024.359     643283  0.000e+00
    -1.9064  27.382793    362.134 330.556861     694160   5024.359     643285  0.000e+00
    -1.9064  27.382094    362.127 330.556863     694159   5024.313     643283  0.000e+00
    -1.9061  27.382210    362.121 330.556866     694154   5024.320     643281  0.000e+00
    -1.9061  27.382793    362.115 330.556869     694153   5024.359     643279  0.000e+00
    -1.9062  27.382385    362.115 330.556872     694155   5024.332     643279  0.000e+00
    -1.9062  27.382502    362.118 330.556875     694156   5024.340     643280  0.000e+00
