tests/resources/orca-test-data/SBE19plus/4794/4794_024_KiM.cnv
* Sea-Bird SBE19plus Data File:
* FileName = C:\Documents and Settings\stevens\Desktop\K131_2007\CTD\4794_024.hex
* Software Version 1.50
* Temperature SN =  4977
* Conductivity SN =  4977
* System UpLoad Time = Nov 26 2007 21:41:02
** K131 McMurdo SeaIce Work
** nov-dec 2007
** using chch plastic ctd
** times are local (NZ daylight savings)
# nquan = 8
# nvalues = 5253                                  
# units = specified
# name 0 = tv290C: Temperature [ITS-90, deg C]
# name 1 = c0mS/cm: Conductivity [mS/cm]
# name 2 = prdM: Pressure, Strain Gauge [db]
# name 3 = timeJ: Julian Days
# name 4 = f0: Frequency 0
# name 5 = f1: Frequency 1
# name 6 = f2: Frequency 2
# name 7 = flag:  0.000e+00
# span 0 =    -4.4537,    -1.9071                 
# span 1 =   0.012118,  27.377882                 
# span 2 =     -0.271,    357.246                 
# span 3 = 330.885521, 330.900718                 
# span 4 =     694176,     752173                 
# span 5 =   2603.594,   5024.031                 
# span 6 =     524315,     641680                 
# span 7 = 0.0000e+00, 0.0000e+00                 
# interval = seconds: 0.25
# start_time = Nov 26 2007 21:15:09 [Instrument's time stamp, header]
# bad_flag = -9.990e-29
*END*
[from data line 3776]
    -1.9278  27.320901    321.747 330.896447     694635   5020.219     630023  0.000e+00
    -1.9279  27.321775    321.899 330.896450     694638   5020.277     630073  0.000e+00
    -1.9278  27.321251    322.073 330.896453     694635   5020.242     630130  0.000e+00
    -1.9279  27.322301    322.241 330.896455     694636   5020.313     630185  0.000e+00
    -1.9278  27.323117    322.402 330.896458     694635   5020.367     630238  0.000e+00
    -1.9279  27.323409    322.551 330.896461     694637   5020.387     630287  0.000e+00
    -1.9277  27.323351    322.703 330.896464     694632   5020.383     630337  0.000e+00
    -1.9273  27.323876    322.862 330.896467     694623   5020.418     630389  0.000e+00
    -1.9274  27.324284    323.038 330.896470     694625   5020.445     630447  0.000e+00
    -1.9271  27.324984    323.227 330.896473     694619   5020.492     630509  0.000e+00
    -1.9270  27.325392    323.404 330.896476     694617   5020.520     630567  0.000e+00
    -1.9268  27.325509    323.584 330.896479     694613   5020.527     630626  0.000e+00
    -1.9269  27.324985    323.782 330.896481     694614   5020.492     630691  0.000e+00
    -1.9269  27.326559    323.976 330.896484     694615   5020.598     630755  0.000e+00
    -1.9268  27.326326    324.156 330.896487     694613   5020.582     630814  0.000e+00
    -1.9265  27.325219    324.314 330.896490     694606   5020.508     630866  0.000e+00
    -1.9263  27.325977    324.488 330.896493     694602   5020.559     630923  0.000e+00
    -1.9266  27.327376    324.671 330.896496     694608   5020.652     630983  0.000e+00
    -1.9262  27.327668    324.857 330.896499     694600   5020.672     631044  0.000e+00
    -1.9261  27.328135    325.045 330.896502     694596   5020.703     631106  0.000e+00
    -1.9259  27.327902    325.198 330.896505     694592   5020.688     631156  0.000e+00
    -1.9260  27.327961    325.359 330.896508     694594   5020.691     631209  0.000e+00
    -1.9257  27.327903    325.517 330.896510     694589   5020.688     631261  0.000e+00
    -1.9260  27.328778    325.685 330.896513     694594   5020.746     631316  0.000e+00
    -1.9259  27.328953    325.855 330.896516     694593   5020.758     631372  0.000e+00
    -1.9258  27.328953    326.017 330.896519     694591   5020.758     631425  0.000e+00
    -1.9257  27.329362    326.157 330.896522     694588   5020.785     631471  0.000e+00
    -1.9256  27.328954    326.309 330.896525     694587   5020.758     631521  0.000e+00
    -1.9256  27.329362    326.483 330.896528     694586   5020.785     631578  0.000e+00
    -1.9256  27.330004    326.659 330.896531     694587   5020.828     631636  0.000e+00
    -1.9257  27.329480    326.842 330.896534     694588   5020.793     631696  0.000e+00
    -1.9256  27.329888    327.004 330.896536     694586   5020.820     631749  0.000e+00
    -1.9256  27.330297    327.171 330.896539     694587   5020.848     631804  0.000e+00
    -1.9257  27.330530    327.351 330.896542     694589   5020.863     631863  0.000e+00
    -1.9257  27.330472    327.533 330.896545     694588   5020.859     631923  0.000e+00
    -1.9254  27.330822    327.725 330.896548     694582   5020.883     631986  0.000e+00
    -1.9256  27.331056    327.896 330.896551     694586   5020.898     632042  0.000e+00
    -1.9254  27.330823    328.069 330.896554     694582   5020.883     632099  0.000e+00
    -1.9257  27.331640    328.258 330.896557     694588   5020.938     632161  0.000e+00
    -1.9253  27.330766    328.456 330.896560     694579   5020.879     632226  0.000e+00
    -1.9254  27.332165    328.639 330.896563     694582   5020.973     632286  0.000e+00
    -1.9254  27.331583    328.819 330.896565     694582   5020.934     632345  0.000e+00
    -1.9253  27.332399    328.995 330.896568     694579   5020.988     632403  0.000e+00
    -1.9253  27.332167    329.190 330.896571     694580   5020.973     632467  0.000e+00
    -1.9251  27.332167    329.419 330.896574     694574   5020.973     632542  0.000e+00
    -1.9252  27.332692    329.641 330.896577     694577   5021.008     632615  0.000e+00
    -1.9253  27.332926    329.872 330.896580     694579   5021.023     632691  0.000e+00
    -1.9251  27.334150    330.125 330.896583     694575   5021.105     632774  0.000e+00
    -1.9251  27.334559    330.335 330.896586     694574   5021.133     632843  0.000e+00
    -1.9251  27.333860    330.515 330.896589     694574   5021.086     632902  0.000e+00
    -1.9248  27.334035    330.670 330.896591     694568   5021.098     632953  0.000e+00
    -1.9248  27.334560    330.838 330.896594     694568   5021.133     633008  0.000e+00
    -1.9249  27.334735    331.011 330.896597     694570   5021.145     633065  0.000e+00
    -1.9249  27.335086    331.170 330.896600     694571   5021.168     633117  0.000e+00
    -1.9250  27.334153    331.291 330.896603     694572   5021.105     633157  0.000e+00
    -1.9250  27.335086    331.441 330.896606     694573   5021.168     633206  0.000e+00
    -1.9248  27.335378    331.605 330.896609     694568   5021.188     633260  0.000e+00
    -1.9247  27.335553    331.751 330.896612     694566   5021.199     633308  0.000e+00
    -1.9248  27.337186    331.922 330.896615     694569   5021.309     633364  0.000e+00
    -1.9247  27.337186    332.098 330.896617     694565   5021.309     633422  0.000e+00
    -1.9247  27.336662    332.269 330.896620     694566   5021.273     633478  0.000e+00
    -1.9246  27.337770    332.424 330.896623     694563   5021.348     633529  0.000e+00
    -1.9243  27.338061    332.595 330.896626     694557   5021.367     633585  0.000e+00
    -1.9244  27.338820    332.775 330.896629     694559   5021.418     633644  0.000e+00
    -1.9245  27.339345    332.942 330.896632     694561   5021.453     633699  0.000e+00
    -1.9240  27.339753    333.091 330.896635     694550   5021.480     633748  0.000e+00
    -1.9238  27.340161    333.225 330.896638     694547   5021.508     633792  0.000e+00
    -1.9235  27.341211    333.359 330.896641     694539   5021.578     633836  0.000e+00
    -1.9233  27.342027    333.499 330.896644     694536   5021.633     633882  0.000e+00
    -1.9231  27.345175    333.636 330.896646     694531   5021.844     633927  0.000e+00
    -1.9223  27.345991    333.792 330.896649     694512   5021.898     633978  0.000e+00
    -1.9212  27.347040    333.938 330.896652     694489   5021.969     634026  0.000e+00
    -1.9207  27.348906    334.072 330.896655     694478   5022.094     634070  0.000e+00
    -1.9197  27.349606    334.209 330.896658     694455   5022.141     634115  0.000e+00
    -1.9189  27.350772    334.355 330.896661     694437   5022.219     634163  0.000e+00
    -1.9183  27.351880    334.513 330.896664     694424   5022.293     634215  0.000e+00
    -1.9177  27.352638    334.672 330.896667     694410   5022.344     634267  0.000e+00
    -1.9172  27.352638    334.827 330.896670     694399   5022.344     634318  0.000e+00
    -1.9170  27.355553    334.982 330.896672     694396   5022.539     634369  0.000e+00
    -1.9164  27.357419    335.156 330.896675     694381   5022.664     634426  0.000e+00
    -1.9154  27.361150    335.339 330.896678     694359   5022.914     634486  0.000e+00
    -1.9140  27.361442    335.528 330.896681     694328   5022.934     634548  0.000e+00
    -1.9132  27.361676    335.701 330.896684     694310   5022.949     634605  0.000e+00
    -1.9126  27.362026    335.884 330.896687     694297   5022.973     634665  0.000e+00
    -1.9121  27.361968    336.076 330.896690     694286   5022.969     634728  0.000e+00
    -1.9117  27.362493    336.271 330.896693     694278   5023.004     634792  0.000e+00
    -1.9116  27.362611    336.459 330.896696     694275   5023.012     634854  0.000e+00
    -1.9115  27.362203    336.609 330.896698     694274   5022.984     634903  0.000e+00
    -1.9114  27.362845    336.770 330.896701     694271   5023.027     634956  0.000e+00
    -1.9113  27.363253    336.944 330.896704     694268   5023.055     635013  0.000e+00
    -1.9111  27.363254    337.117 330.896707     694264   5023.055     635070  0.000e+00
    -1.9113  27.363429    337.257 330.896710     694269   5023.066     635116  0.000e+00
    -1.9110  27.363546    337.385 330.896713     694261   5023.074     635158  0.000e+00
    -1.9111  27.363546    337.510 330.896716     694264   5023.074     635199  0.000e+00
    -1.9111  27.363721    337.644 330.896719     694264   5023.086     635243  0.000e+00
    -1.9109  27.365704    337.793 330.896722     694260   5023.219     635292  0.000e+00
    -1.9103  27.365704    337.939 330.896725     694246   5023.219     635340  0.000e+00
    -1.9101  27.365122    338.107 330.896727     694243   5023.180     635395  0.000e+00
    -1.9099  27.365705    338.271 330.896730     694238   5023.219     635449  0.000e+00
    -1.9097  27.365705    338.408 330.896733     694234   5023.219     635494  0.000e+00
    -1.9099  27.366231    338.542 330.896736     694237   5023.254     635538  0.000e+00
    -1.9099  27.365123    338.686 330.896739     694237   5023.180     635585  0.000e+00
    -1.9098  27.366231    338.829 330.896742     694236   5023.254     635632  0.000e+00
    -1.9095  27.366990    338.975 330.896745     694228   5023.305     635680  0.000e+00
    -1.9092  27.367106    339.115 330.896748     694222   5023.313     635726  0.000e+00
    -1.9092  27.366990    339.237 330.896751     694221   5023.305     635766  0.000e+00
    -1.9093  27.367515    339.340 330.896753     694224   5023.340     635800  0.000e+00
    -1.9091  27.367690    339.456 330.896756     694219   5023.352     635838  0.000e+00
    -1.9091  27.367283    339.560 330.896759     694219   5023.324     635872  0.000e+00
    -1.9087  27.367691    339.660 330.896762     694212   5023.352     635905  0.000e+00
    -1.9088  27.367808    339.773 330.896765     694214   5023.359     635942  0.000e+00
    -1.9087  27.368624    339.916 330.896768     694211   5023.414     635989  0.000e+00
    -1.9087  27.368508    340.035 330.896771     694211   5023.406     636028  0.000e+00
    -1.9087  27.368100    340.144 330.896774     694212   5023.379     636064  0.000e+00
    -1.9086  27.368334    340.260 330.896777     694209   5023.395     636102  0.000e+00
    -1.9088  27.367926    340.394 330.896780     694213   5023.367     636146  0.000e+00
    -1.9088  27.368859    340.540 330.896782     694214   5023.430     636194  0.000e+00
    -1.9085  27.368218    340.702 330.896785     694206   5023.387     636247  0.000e+00
    -1.9084  27.368102    340.896 330.896788     694205   5023.379     636311  0.000e+00
    -1.9084  27.368628    341.097 330.896791     694205   5023.414     636377  0.000e+00
    -1.9083  27.368803    341.289 330.896794     694202   5023.426     636440  0.000e+00
    -1.9084  27.368337    341.475 330.896797     694204   5023.395     636501  0.000e+00
    -1.9083  27.368862    341.630 330.896800     694203   5023.430     636552  0.000e+00
    -1.9081  27.368804    341.773 330.896803     694197   5023.426     636599  0.000e+00
    -1.9082  27.369679    341.898 330.896806     694200   5023.484     636640  0.000e+00
    -1.9083  27.368513    342.032 330.896808     694202   5023.406     636684  0.000e+00
    -1.9082  27.369388    342.160 330.896811     694200   5023.465     636726  0.000e+00
    -1.9082  27.369680    342.291 330.896814     694200   5023.484     636769  0.000e+00
    -1.9082  27.369622    342.419 330.896817     694199   5023.480     636811  0.000e+00
    -1.9083  27.369156    342.517 330.896820     694202   5023.449     636843  0.000e+00
    -1.9082  27.369389    342.602 330.896823     694201   5023.465     636871  0.000e+00
    -1.9083  27.369390    342.678 330.896826     694202   5023.465     636896  0.000e+00
    -1.9082  27.369390    342.757 330.896829     694201   5023.465     636922  0.000e+00
    -1.9081  27.369390    342.821 330.896832     694197   5023.465     636943  0.000e+00
    -1.9082  27.369973    342.906 330.896834     694199   5023.504     636971  0.000e+00
    -1.9081  27.369682    343.031 330.896837     694197   5023.484     637012  0.000e+00
    -1.9083  27.370207    343.183 330.896840     694202   5023.520     637062  0.000e+00
    -1.9082  27.369974    343.330 330.896843     694199   5023.504     637110  0.000e+00
    -1.9082  27.369975    343.451 330.896846     694200   5023.504     637150  0.000e+00
    -1.9080  27.369917    343.543 330.896849     694196   5023.500     637180  0.000e+00
    -1.9082  27.370500    343.640 330.896852     694199   5023.539     637212  0.000e+00
    -1.9081  27.369917    343.750 330.896855     694197   5023.500     637248  0.000e+00
    -1.9081  27.369976    343.887 330.896858     694197   5023.504     637293  0.000e+00
    -1.9081  27.370501    344.036 330.896861     694198   5023.539     637342  0.000e+00
    -1.9080  27.369918    344.201 330.896863     694196   5023.500     637396  0.000e+00
    -1.9080  27.370210    344.350 330.896866     694195   5023.520     637445  0.000e+00
    -1.9081  27.371260    344.478 330.896869     694198   5023.590     637487  0.000e+00
    -1.9079  27.371610    344.627 330.896872     694194   5023.613     637536  0.000e+00
    -1.9081  27.370736    344.801 330.896875     694197   5023.555     637593  0.000e+00
    -1.9078  27.370795    344.965 330.896878     694192   5023.559     637647  0.000e+00
    -1.9081  27.371028    345.093 330.896881     694197   5023.574     637689  0.000e+00
    -1.9081  27.371554    345.230 330.896884     694197   5023.609     637734  0.000e+00
    -1.9083  27.371088    345.379 330.896887     694202   5023.578     637783  0.000e+00
    -1.9079  27.371030    345.534 330.896889     694194   5023.574     637834  0.000e+00
    -1.9080  27.371555    345.693 330.896892     694196   5023.609     637886  0.000e+00
    -1.9080  27.371613    345.842 330.896895     694195   5023.613     637935  0.000e+00
    -1.9079  27.371789    345.988 330.896898     694194   5023.625     637983  0.000e+00
    -1.9079  27.371614    346.162 330.896901     694194   5023.613     638040  0.000e+00
    -1.9080  27.372081    346.375 330.896904     694196   5023.645     638110  0.000e+00
    -1.9077  27.372082    346.585 330.896907     694189   5023.645     638179  0.000e+00
    -1.9078  27.372490    346.762 330.896910     694191   5023.672     638237  0.000e+00
    -1.9078  27.372374    346.887 330.896913     694191   5023.664     638278  0.000e+00
    -1.9078  27.371325    346.990 330.896916     694192   5023.594     638312  0.000e+00
    -1.9078  27.371559    347.121 330.896918     694190   5023.609     638355  0.000e+00
    -1.9078  27.371559    347.261 330.896921     694192   5023.609     638401  0.000e+00
    -1.9080  27.372201    347.398 330.896924     694196   5023.652     638446  0.000e+00
    -1.9078  27.372376    347.489 330.896927     694190   5023.664     638476  0.000e+00
    -1.9077  27.372084    347.590 330.896930     694189   5023.645     638509  0.000e+00
    -1.9078  27.372785    347.724 330.896933     694192   5023.691     638553  0.000e+00
    -1.9078  27.372610    347.879 330.896936     694190   5023.680     638604  0.000e+00
    -1.9079  27.373310    348.059 330.896939     694194   5023.727     638663  0.000e+00
    -1.9078  27.372086    348.260 330.896942     694190   5023.645     638729  0.000e+00
    -1.9078  27.373661    348.437 330.896944     694192   5023.750     638787  0.000e+00
    -1.9078  27.372204    348.583 330.896947     694191   5023.652     638835  0.000e+00
    -1.9078  27.373137    348.717 330.896950     694191   5023.715     638879  0.000e+00
    -1.9077  27.372613    348.863 330.896953     694188   5023.680     638927  0.000e+00
    -1.9078  27.372205    349.000 330.896956     694191   5023.652     638972  0.000e+00
    -1.9078  27.373663    349.094 330.896959     694191   5023.750     639003  0.000e+00
    -1.9079  27.372788    349.174 330.896962     694193   5023.691     639029  0.000e+00
