tests/resources/orca-test-data/SBE19plus/4794/4794_034_KiM.cnv
* Sea-Bird SBE19plus Data File:
* FileName = C:\Documents and Settings\stevens\Desktop\K131_2007\CTD\4794_034.hex
* Software Version 1.50
* Temperature SN =  4977
* Conductivity SN =  4977
* System UpLoad Time = Nov 27 2007 06:48:40
** K131 McMurdo SeaIce Work
** nov-dec 2007
** using chch plastic ctd
** times are local (NZ daylight savings)
# nquan = 8
# nvalues = 8051                                  
# units = specified
# name 0 = tv290C: Temperature [ITS-90, deg C]
# name 1 = c0mS/cm: Conductivity [mS/cm]
# name 2 = prdM: Pressure, Strain Gauge [db]
# name 3 = timeJ: Julian Days
# name 4 = f0: Frequency 0
# name 5 = f1: Frequency 1
# name 6 = f2: Frequency 2
# name 7 = flag:  0.000e+00
# span 0 =    -2.7533,    -1.9108                 
# span 1 =  -0.141852,  27.366048                 
# span 2 =     -0.280,    358.239                 
# span 3 = 331.258160, 331.281453                 
# span 4 =     694257,     713117                 
# span 5 =   2583.539,   5023.238                 
# span 6 =     524312,     642006                 
# span 7 = 0.0000e+00, 0.0000e+00                 
# interval = seconds: 0.25
# start_time = Nov 27 2007 06:11:45 [Instrument's time stamp, header]
# bad_flag = -9.990e-29
*END*
[from data line 540]
    -1.9804  20.590106    220.798 331.259722     695804   4546.324     596878  0.000e+00
    -1.9803  20.591477    221.175 331.259725     695801   4546.426     597002  0.000e+00
    -1.9801  20.593006    221.538 331.259728     695796   4546.539     597121  0.000e+00
    -1.9800  20.594588    221.913 331.259731     695795   4546.656     597244  0.000e+00
    -1.9800  20.596012    222.299 331.259734     695795   4546.762     597371  0.000e+00
    -1.9796  20.597224    222.680 331.259737     695786   4546.852     597496  0.000e+00
    -1.9798  20.598543    223.049 331.259740     695789   4546.949     597617  0.000e+00
    -1.9796  20.600335    223.426 331.259742     695786   4547.082     597741  0.000e+00
    -1.9795  20.601443    223.810 331.259745     695784   4547.164     597867  0.000e+00
    -1.9792  20.602761    224.185 331.259748     695777   4547.262     597990  0.000e+00
    -1.9791  20.604343    224.559 331.259751     695775   4547.379     598113  0.000e+00
    -1.9791  20.605873    224.931 331.259754     695773   4547.492     598235  0.000e+00
    -1.9789  20.607139    225.315 331.259757     695770   4547.586     598361  0.000e+00
    -1.9790  20.608563    225.696 331.259760     695771   4547.691     598486  0.000e+00
    -1.9787  20.610092    226.073 331.259763     695765   4547.805     598610  0.000e+00
    -1.9786  20.611674    226.451 331.259766     695762   4547.922     598734  0.000e+00
    -1.9786  20.612782    226.832 331.259769     695762   4548.004     598859  0.000e+00
    -1.9783  20.614470    227.222 331.259771     695757   4548.129     598987  0.000e+00
    -1.9783  20.615894    227.602 331.259774     695756   4548.234     599112  0.000e+00
    -1.9781  20.617423    227.974 331.259777     695752   4548.348     599234  0.000e+00
    -1.9779  20.618742    228.349 331.259780     695748   4548.445     599357  0.000e+00
    -1.9779  20.620166    228.726 331.259783     695748   4548.551     599481  0.000e+00
    -1.9778  20.621854    229.095 331.259786     695745   4548.676     599602  0.000e+00
    -1.9777  20.623437    229.476 331.259789     695744   4548.793     599727  0.000e+00
    -1.9774  20.624756    229.844 331.259792     695737   4548.891     599848  0.000e+00
    -1.9773  20.626286    230.228 331.259795     695735   4549.004     599974  0.000e+00
    -1.9773  20.627868    230.599 331.259797     695735   4549.121     600096  0.000e+00
    -1.9772  20.629398    230.986 331.259800     695731   4549.234     600223  0.000e+00
    -1.9768  20.630981    231.364 331.259803     695724   4549.352     600347  0.000e+00
    -1.9765  20.632511    231.736 331.259806     695716   4549.465     600469  0.000e+00
    -1.9764  20.634146    232.119 331.259809     695715   4549.586     600595  0.000e+00
    -1.9763  20.635834    232.497 331.259812     695711   4549.711     600719  0.000e+00
    -1.9760  20.637417    232.875 331.259815     695706   4549.828     600843  0.000e+00
    -1.9758  20.638947    233.252 331.259818     695700   4549.941     600967  0.000e+00
    -1.9756  20.640530    233.627 331.259821     695697   4550.059     601090  0.000e+00
    -1.9754  20.642746    234.008 331.259823     695692   4550.223     601215  0.000e+00
    -1.9750  20.644277    234.376 331.259826     695683   4550.336     601336  0.000e+00
    -1.9748  20.646071    234.751 331.259829     695678   4550.469     601459  0.000e+00
    -1.9745  20.647654    235.138 331.259832     695672   4550.586     601586  0.000e+00
    -1.9745  20.649553    235.516 331.259835     695672   4550.727     601710  0.000e+00
    -1.9741  20.651400    235.890 331.259838     695664   4550.863     601833  0.000e+00
    -1.9740  20.652984    236.265 331.259841     695661   4550.980     601956  0.000e+00
    -1.9736  20.654989    236.643 331.259844     695651   4551.129     602080  0.000e+00
    -1.9735  20.656625    237.026 331.259847     695650   4551.250     602206  0.000e+00
    -1.9731  20.658103    237.413 331.259850     695641   4551.359     602333  0.000e+00
    -1.9727  20.659845    237.791 331.259852     695631   4551.488     602457  0.000e+00
    -1.9724  20.661639    238.166 331.259855     695626   4551.621     602580  0.000e+00
    -1.9722  20.663434    238.552 331.259858     695620   4551.754     602707  0.000e+00
    -1.9719  20.665175    238.918 331.259861     695615   4551.883     602827  0.000e+00
    -1.9717  20.666759    239.305 331.259864     695610   4552.000     602954  0.000e+00
    -1.9716  20.668554    239.695 331.259867     695608   4552.133     603082  0.000e+00
    -1.9716  20.670349    240.072 331.259870     695608   4552.266     603206  0.000e+00
    -1.9713  20.672302    240.441 331.259873     695601   4552.410     603327  0.000e+00
    -1.9714  20.674097    240.815 331.259876     695604   4552.543     603450  0.000e+00
    -1.9715  20.675892    241.199 331.259878     695605   4552.676     603576  0.000e+00
    -1.9714  20.677898    241.577 331.259881     695602   4552.824     603700  0.000e+00
    -1.9717  20.679429    241.958 331.259884     695609   4552.938     603825  0.000e+00
    -1.9717  20.681593    242.317 331.259887     695609   4553.098     603943  0.000e+00
    -1.9716  20.683230    242.698 331.259890     695608   4553.219     604068  0.000e+00
    -1.9719  20.685237    243.063 331.259893     695615   4553.367     604188  0.000e+00
    -1.9717  20.687032    243.435 331.259896     695609   4553.500     604310  0.000e+00
    -1.9715  20.688933    243.803 331.259899     695606   4553.641     604431  0.000e+00
    -1.9714  20.691045    244.178 331.259902     695602   4553.797     604554  0.000e+00
    -1.9709  20.693051    244.556 331.259905     695591   4553.945     604678  0.000e+00
    -1.9701  20.695058    244.930 331.259907     695574   4554.094     604801  0.000e+00
    -1.9698  20.697065    245.302 331.259910     695568   4554.242     604923  0.000e+00
    -1.9692  20.699177    245.686 331.259913     695553   4554.398     605049  0.000e+00
    -1.9682  20.701289    246.066 331.259916     695532   4554.555     605174  0.000e+00
    -1.9676  20.703296    246.450 331.259919     695518   4554.703     605300  0.000e+00
    -1.9670  20.705303    246.828 331.259922     695505   4554.852     605424  0.000e+00
    -1.9661  20.707521    247.190 331.259925     695486   4555.016     605543  0.000e+00
    -1.9655  20.709634    247.565 331.259928     695472   4555.172     605666  0.000e+00
    -1.9647  20.711747    247.930 331.259931     695454   4555.328     605786  0.000e+00
    -1.9643  20.714018    248.299 331.259933     695445   4555.496     605907  0.000e+00
    -1.9635  20.716448    248.668 331.259936     695427   4555.676     606028  0.000e+00
    -1.9632  20.718666    249.033 331.259939     695420   4555.840     606148  0.000e+00
    -1.9628  20.721044    249.405 331.259942     695412   4556.016     606270  0.000e+00
    -1.9623  20.722893    249.767 331.259945     695401   4556.152     606389  0.000e+00
    -1.9616  20.725164    250.136 331.259948     695386   4556.320     606510  0.000e+00
    -1.9614  20.727383    250.489 331.259951     695380   4556.484     606626  0.000e+00
    -1.9609  20.729602    250.851 331.259954     695369   4556.648     606745  0.000e+00
    -1.9605  20.731768    251.217 331.259957     695360   4556.809     606865  0.000e+00
    -1.9601  20.733829    251.579 331.259959     695353   4556.961     606984  0.000e+00
    -1.9598  20.736101    251.948 331.259962     695345   4557.129     607105  0.000e+00
    -1.9594  20.738109    252.313 331.259965     695337   4557.277     607225  0.000e+00
    -1.9592  20.740329    252.670 331.259968     695333   4557.441     607342  0.000e+00
    -1.9587  20.742707    253.026 331.259971     695321   4557.617     607459  0.000e+00
    -1.9585  20.745032    253.395 331.259974     695317   4557.789     607580  0.000e+00
    -1.9580  20.747252    253.757 331.259977     695305   4557.953     607699  0.000e+00
    -1.9576  20.749471    254.120 331.259980     695297   4558.117     607818  0.000e+00
    -1.9574  20.751691    254.479 331.259983     695292   4558.281     607936  0.000e+00
    -1.9571  20.753911    254.835 331.259986     695285   4558.445     608053  0.000e+00
    -1.9568  20.756395    255.201 331.259988     695278   4558.629     608173  0.000e+00
    -1.9566  20.758668    255.557 331.259991     695274   4558.797     608290  0.000e+00
    -1.9564  20.760888    255.917 331.259994     695270   4558.961     608408  0.000e+00
    -1.9563  20.763108    256.273 331.259997     695268   4559.125     608525  0.000e+00
    -1.9561  20.765593    256.629 331.260000     695263   4559.309     608642  0.000e+00
    -1.9562  20.768025    256.992 331.260003     695265   4559.488     608761  0.000e+00
    -1.9559  20.770245    257.345 331.260006     695259   4559.652     608877  0.000e+00
    -1.9556  20.772519    257.695 331.260009     695252   4559.820     608992  0.000e+00
    -1.9554  20.774951    258.039 331.260012     695248   4560.000     609105  0.000e+00
    -1.9553  20.777224    258.390 331.260014     695245   4560.168     609220  0.000e+00
    -1.9549  20.779657    258.740 331.260017     695236   4560.348     609335  0.000e+00
    -1.9546  20.781877    259.081 331.260020     695230   4560.512     609447  0.000e+00
    -1.9544  20.784151    259.428 331.260023     695226   4560.680     609561  0.000e+00
    -1.9541  20.786848    259.770 331.260026     695218   4560.879     609673  0.000e+00
    -1.9538  20.789069    260.123 331.260029     695212   4561.043     609789  0.000e+00
    -1.9534  20.791608    260.467 331.260032     695203   4561.230     609902  0.000e+00
    -1.9529  20.793776    260.811 331.260035     695192   4561.391     610015  0.000e+00
    -1.9527  20.796209    261.161 331.260038     695188   4561.570     610130  0.000e+00
    -1.9523  20.798907    261.518 331.260041     695179   4561.770     610247  0.000e+00
    -1.9520  20.801604    261.859 331.260043     695173   4561.969     610359  0.000e+00
    -1.9520  20.804249    262.212 331.260046     695171   4562.164     610475  0.000e+00
    -1.9518  20.806735    262.547 331.260049     695168   4562.348     610585  0.000e+00
    -1.9516  20.809221    262.897 331.260052     695163   4562.531     610700  0.000e+00
    -1.9514  20.811655    263.239 331.260055     695158   4562.711     610812  0.000e+00
    -1.9511  20.813930    263.580 331.260058     695153   4562.879     610924  0.000e+00
    -1.9511  20.815940    263.918 331.260061     695153   4563.027     611035  0.000e+00
    -1.9509  20.818586    264.256 331.260064     695147   4563.223     611146  0.000e+00
    -1.9507  20.820649    264.594 331.260067     695144   4563.375     611257  0.000e+00
    -1.9506  20.823136    264.938 331.260069     695142   4563.559     611370  0.000e+00
    -1.9504  20.825147    265.264 331.260072     695137   4563.707     611477  0.000e+00
    -1.9503  20.827581    265.596 331.260075     695135   4563.887     611586  0.000e+00
    -1.9500  20.829857    265.925 331.260078     695128   4564.055     611694  0.000e+00
    -1.9498  20.832238    266.266 331.260081     695124   4564.230     611806  0.000e+00
    -1.9495  20.834567    266.592 331.260084     695116   4564.402     611913  0.000e+00
    -1.9495  20.837001    266.933 331.260087     695116   4564.582     612025  0.000e+00
    -1.9492  20.839277    267.271 331.260090     695109   4564.750     612136  0.000e+00
    -1.9491  20.841500    267.618 331.260093     695108   4564.914     612250  0.000e+00
    -1.9487  20.843512    267.950 331.260095     695098   4565.063     612359  0.000e+00
    -1.9483  20.845629    268.298 331.260098     695091   4565.219     612473  0.000e+00
    -1.9482  20.848011    268.642 331.260101     695087   4565.395     612586  0.000e+00
    -1.9478  20.850499    268.986 331.260104     695079   4565.578     612699  0.000e+00
    -1.9474  20.853199    269.333 331.260107     695071   4565.777     612813  0.000e+00
    -1.9471  20.855634    269.683 331.260110     695063   4565.957     612928  0.000e+00
    -1.9465  20.858122    270.037 331.260113     695051   4566.141     613044  0.000e+00
    -1.9462  20.860505    270.384 331.260116     695044   4566.316     613158  0.000e+00
    -1.9456  20.862835    270.740 331.260119     695031   4566.488     613275  0.000e+00
    -1.9452  20.865058    271.087 331.260122     695022   4566.652     613389  0.000e+00
    -1.9447  20.867759    271.425 331.260124     695009   4566.852     613500  0.000e+00
    -1.9443  20.869824    271.773 331.260127     695001   4567.004     613614  0.000e+00
    -1.9439  20.872048    272.123 331.260130     694992   4567.168     613729  0.000e+00
    -1.9434  20.874378    272.455 331.260133     694981   4567.340     613838  0.000e+00
    -1.9429  20.876338    272.805 331.260136     694970   4567.484     613953  0.000e+00
    -1.9424  20.878562    273.149 331.260139     694960   4567.648     614066  0.000e+00
    -1.9422  20.880787    273.494 331.260142     694955   4567.813     614179  0.000e+00
    -1.9419  20.882853    273.844 331.260145     694948   4567.965     614294  0.000e+00
    -1.9415  20.885077    274.191 331.260148     694938   4568.129     614408  0.000e+00
    -1.9411  20.887355    274.529 331.260150     694931   4568.297     614519  0.000e+00
    -1.9410  20.889792    274.873 331.260153     694928   4568.477     614632  0.000e+00
    -1.9407  20.891858    275.229 331.260156     694921   4568.629     614749  0.000e+00
    -1.9405  20.894294    275.586 331.260159     694916   4568.809     614866  0.000e+00
    -1.9405  20.896784    275.939 331.260162     694916   4568.992     614982  0.000e+00
    -1.9404  20.899274    276.283 331.260165     694915   4569.176     615095  0.000e+00
    -1.9399  20.901711    276.634 331.260168     694903   4569.355     615210  0.000e+00
    -1.9400  20.904361    276.981 331.260171     694906   4569.551     615324  0.000e+00
    -1.9399  20.907116    277.331 331.260174     694903   4569.754     615439  0.000e+00
    -1.9398  20.909818    277.687 331.260177     694901   4569.953     615556  0.000e+00
    -1.9401  20.912309    278.025 331.260179     694907   4570.137     615667  0.000e+00
    -1.9399  20.915011    278.364 331.260182     694904   4570.336     615778  0.000e+00
    -1.9398  20.917714    278.711 331.260185     694902   4570.535     615892  0.000e+00
    -1.9398  20.920417    279.055 331.260188     694902   4570.734     616005  0.000e+00
    -1.9399  20.922855    279.408 331.260191     694904   4570.914     616121  0.000e+00
    -1.9402  20.925822    279.752 331.260194     694909   4571.133     616234  0.000e+00
    -1.9402  20.928102    280.100 331.260197     694909   4571.301     616348  0.000e+00
    -1.9401  20.930540    280.444 331.260200     694908   4571.480     616461  0.000e+00
    -1.9403  20.933243    280.791 331.260203     694913   4571.680     616575  0.000e+00
    -1.9402  20.935311    281.144 331.260205     694911   4571.832     616691  0.000e+00
    -1.9402  20.937749    281.494 331.260208     694911   4572.012     616806  0.000e+00
    -1.9401  20.940188    281.842 331.260211     694908   4572.191     616920  0.000e+00
    -1.9402  20.942521    282.204 331.260214     694910   4572.363     617039  0.000e+00
    -1.9405  20.945013    282.570 331.260217     694916   4572.547     617159  0.000e+00
    -1.9405  20.947717    282.926 331.260220     694917   4572.746     617276  0.000e+00
    -1.9408  20.949944    283.297 331.260223     694924   4572.910     617398  0.000e+00
    -1.9410  20.952436    283.669 331.260226     694927   4573.094     617520  0.000e+00
    -1.9410  20.954716    284.044 331.260229     694928   4573.262     617643  0.000e+00
    -1.9411  20.957262    284.415 331.260231     694931   4573.449     617765  0.000e+00
    -1.9413  20.959648    284.787 331.260234     694935   4573.625     617887  0.000e+00
    -1.9413  20.961929    285.167 331.260237     694935   4573.793     618012  0.000e+00
