tests/resources/orca-test-data/SBE19plus/4794/4794_027_KiM.cnv
* Sea-Bird SBE19plus Data File:
* FileName = C:\Documents and Settings\stevens\Desktop\K131_2007\CTD\4794_027.hex
* Software Version 1.50
* Temperature SN =  4977
* Conductivity SN =  4977
* System UpLoad Time = Nov 27 2007 00:48:15
** K131 McMurdo SeaIce Work
** nov-dec 2007
** using chch plastic ctd
** times are local (NZ daylight savings)
# nquan = 8
# nvalues = 6663                                  
# units = specified
# name 0 = tv290C: Temperature [ITS-90, deg C]
# name 1 = c0mS/cm: Conductivity [mS/cm]
# name 2 = prdM: Pressure, Strain Gauge [db]
# name 3 = timeJ: Julian Days
# name 4 = f0: Frequency 0
# name 5 = f1: Frequency 1
# name 6 = f2: Frequency 2
# name 7 = flag:  0.000e+00
# span 0 =    -3.7907,    -1.9022                 
# span 1 =   0.057419,  27.379285                 
# span 2 =     -0.268,    358.318                 
# span 3 = 331.011366, 331.030642                 
# span 4 =     694066,     736789                 
# span 5 =   2609.465,   5024.125                 
# span 6 =     524316,     642032                 
# span 7 = 0.0000e+00, 0.0000e+00                 
# interval = seconds: 0.25
# start_time = Nov 27 2007 00:16:22 [Instrument's time stamp, header]
# bad_flag = -9.990e-29
*END*
[from data line 2877]
    -1.9378  27.242064    147.969 331.019690     694856   5014.961     572970  0.000e+00
    -1.9383  27.239852    147.850 331.019693     694868   5014.813     572931  0.000e+00
    -1.9386  27.240724    147.744 331.019696     694875   5014.871     572896  0.000e+00
    -1.9393  27.240200    147.625 331.019699     694889   5014.836     572857  0.000e+00
    -1.9396  27.239851    147.506 331.019702     694897   5014.813     572818  0.000e+00
    -1.9394  27.240724    147.390 331.019705     694893   5014.871     572780  0.000e+00
    -1.9393  27.240432    147.265 331.019708     694889   5014.852     572739  0.000e+00
    -1.9390  27.240432    147.156 331.019711     694884   5014.852     572703  0.000e+00
    -1.9386  27.239850    147.040 331.019714     694875   5014.813     572665  0.000e+00
    -1.9385  27.240198    146.924 331.019716     694872   5014.836     572627  0.000e+00
    -1.9383  27.237812    146.814 331.019719     694868   5014.676     572591  0.000e+00
    -1.9384  27.237928    146.699 331.019722     694870   5014.684     572553  0.000e+00
    -1.9389  27.237811    146.586 331.019725     694881   5014.676     572516  0.000e+00
    -1.9393  27.237346    146.476 331.019728     694889   5014.645     572480  0.000e+00
    -1.9394  27.236763    146.361 331.019731     694892   5014.605     572442  0.000e+00
    -1.9395  27.237287    146.251 331.019734     694895   5014.641     572406  0.000e+00
    -1.9396  27.237345    146.132 331.019737     694896   5014.645     572367  0.000e+00
    -1.9395  27.237519    146.013 331.019740     694894   5014.656     572328  0.000e+00
    -1.9390  27.237053    145.907 331.019742     694883   5014.625     572293  0.000e+00
    -1.9386  27.236994    145.785 331.019745     694875   5014.621     572253  0.000e+00
    -1.9383  27.236470    145.663 331.019748     694869   5014.586     572213  0.000e+00
    -1.9381  27.237052    145.556 331.019751     694864   5014.625     572178  0.000e+00
    -1.9381  27.236470    145.447 331.019754     694863   5014.586     572142  0.000e+00
    -1.9378  27.235655    145.322 331.019757     694857   5014.531     572101  0.000e+00
    -1.9379  27.235422    145.212 331.019760     694858   5014.516     572065  0.000e+00
    -1.9379  27.236527    145.093 331.019763     694859   5014.590     572026  0.000e+00
    -1.9378  27.235130    144.981 331.019766     694856   5014.496     571989  0.000e+00
    -1.9377  27.235712    144.862 331.019769     694855   5014.535     571950  0.000e+00
    -1.9377  27.234838    144.752 331.019771     694854   5014.477     571914  0.000e+00
    -1.9377  27.234605    144.633 331.019774     694854   5014.461     571875  0.000e+00
    -1.9378  27.234256    144.518 331.019777     694857   5014.438     571837  0.000e+00
    -1.9378  27.233848    144.402 331.019780     694856   5014.410     571799  0.000e+00
    -1.9376  27.234081    144.289 331.019783     694853   5014.426     571762  0.000e+00
    -1.9379  27.233731    144.164 331.019786     694858   5014.402     571721  0.000e+00
    -1.9378  27.234371    144.045 331.019789     694857   5014.445     571682  0.000e+00
    -1.9374  27.233148    143.933 331.019792     694848   5014.363     571645  0.000e+00
    -1.9369  27.234603    143.817 331.019795     694837   5014.461     571607  0.000e+00
    -1.9364  27.233555    143.704 331.019797     694825   5014.391     571570  0.000e+00
    -1.9361  27.233962    143.585 331.019800     694819   5014.418     571531  0.000e+00
    -1.9356  27.233845    143.470 331.019803     694808   5014.410     571493  0.000e+00
    -1.9352  27.233729    143.354 331.019806     694798   5014.402     571455  0.000e+00
    -1.9351  27.233845    143.235 331.019809     694796   5014.410     571416  0.000e+00
    -1.9349  27.234252    143.122 331.019812     694792   5014.438     571379  0.000e+00
    -1.9348  27.233029    143.013 331.019815     694791   5014.355     571343  0.000e+00
    -1.9348  27.232738    142.894 331.019818     694790   5014.336     571304  0.000e+00
    -1.9347  27.232563    142.778 331.019821     694789   5014.324     571266  0.000e+00
    -1.9346  27.232214    142.662 331.019823     694786   5014.301     571228  0.000e+00
    -1.9349  27.232272    142.543 331.019826     694792   5014.305     571189  0.000e+00
    -1.9349  27.231166    142.437 331.019829     694792   5014.230     571154  0.000e+00
    -1.9348  27.231165    142.312 331.019832     694790   5014.230     571113  0.000e+00
    -1.9350  27.231165    142.199 331.019835     694794   5014.230     571076  0.000e+00
    -1.9349  27.230932    142.083 331.019838     694793   5014.215     571038  0.000e+00
    -1.9352  27.230350    141.977 331.019841     694799   5014.176     571003  0.000e+00
    -1.9350  27.230931    141.858 331.019844     694795   5014.215     570964  0.000e+00
    -1.9351  27.230116    141.748 331.019847     694797   5014.160     570928  0.000e+00
    -1.9350  27.230058    141.633 331.019850     694795   5014.156     570890  0.000e+00
    -1.9347  27.229301    141.526 331.019852     694789   5014.105     570855  0.000e+00
    -1.9346  27.229766    141.410 331.019855     694786   5014.137     570817  0.000e+00
    -1.9345  27.229068    141.300 331.019858     694784   5014.090     570781  0.000e+00
    -1.9344  27.229766    141.191 331.019861     694781   5014.137     570745  0.000e+00
    -1.9344  27.229300    141.069 331.019864     694781   5014.105     570705  0.000e+00
    -1.9343  27.228543    140.962 331.019867     694778   5014.055     570670  0.000e+00
    -1.9344  27.228077    140.847 331.019870     694781   5014.023     570632  0.000e+00
    -1.9342  27.227728    140.734 331.019873     694777   5014.000     570595  0.000e+00
    -1.9342  27.228368    140.624 331.019876     694776   5014.043     570559  0.000e+00
    -1.9342  27.227727    140.511 331.019878     694777   5014.000     570522  0.000e+00
    -1.9340  27.227727    140.402 331.019881     694773   5014.000     570486  0.000e+00
    -1.9343  27.226970    140.295 331.019884     694780   5013.949     570451  0.000e+00
    -1.9344  27.226388    140.183 331.019887     694781   5013.910     570414  0.000e+00
    -1.9343  27.226388    140.067 331.019890     694778   5013.910     570376  0.000e+00
    -1.9346  27.226387    139.966 331.019893     694786   5013.910     570343  0.000e+00
    -1.9346  27.225281    139.857 331.019896     694786   5013.836     570307  0.000e+00
    -1.9349  27.226387    139.735 331.019899     694792   5013.910     570267  0.000e+00
    -1.9348  27.225339    139.628 331.019902     694791   5013.840     570232  0.000e+00
    -1.9352  27.224699    139.518 331.019905     694799   5013.797     570196  0.000e+00
    -1.9355  27.222953    139.406 331.019907     694806   5013.680     570159  0.000e+00
    -1.9361  27.221672    139.296 331.019910     694818   5013.594     570123  0.000e+00
    -1.9368  27.220858    139.180 331.019913     694835   5013.539     570085  0.000e+00
    -1.9375  27.221381    139.077 331.019916     694851   5013.574     570051  0.000e+00
    -1.9381  27.220508    138.967 331.019919     694864   5013.516     570015  0.000e+00
    -1.9386  27.220857    138.854 331.019922     694874   5013.539     569978  0.000e+00
    -1.9387  27.220217    138.754 331.019925     694876   5013.496     569945  0.000e+00
    -1.9388  27.220042    138.641 331.019928     694878   5013.484     569908  0.000e+00
    -1.9391  27.219401    138.525 331.019931     694885   5013.441     569870  0.000e+00
    -1.9392  27.218470    138.416 331.019933     694888   5013.379     569834  0.000e+00
    -1.9395  27.217655    138.309 331.019936     694895   5013.324     569799  0.000e+00
    -1.9398  27.218295    138.196 331.019939     694901   5013.367     569762  0.000e+00
    -1.9402  27.217131    138.087 331.019942     694911   5013.289     569726  0.000e+00
    -1.9406  27.216607    137.974 331.019945     694920   5013.254     569689  0.000e+00
    -1.9408  27.215851    137.867 331.019948     694924   5013.203     569654  0.000e+00
    -1.9411  27.216374    137.755 331.019951     694930   5013.238     569617  0.000e+00
    -1.9414  27.215734    137.648 331.019954     694936   5013.195     569582  0.000e+00
    -1.9415  27.216083    137.544 331.019957     694939   5013.219     569548  0.000e+00
    -1.9415  27.215210    137.432 331.019959     694938   5013.160     569511  0.000e+00
    -1.9414  27.215035    137.316 331.019962     694937   5013.148     569473  0.000e+00
    -1.9415  27.215500    137.209 331.019965     694939   5013.180     569438  0.000e+00
    -1.9416  27.215558    137.100 331.019968     694942   5013.184     569402  0.000e+00
    -1.9414  27.214219    136.987 331.019971     694937   5013.094     569365  0.000e+00
    -1.9414  27.215208    136.877 331.019974     694937   5013.160     569329  0.000e+00
    -1.9416  27.214219    136.764 331.019977     694942   5013.094     569292  0.000e+00
    -1.9416  27.214102    136.658 331.019980     694941   5013.086     569257  0.000e+00
    -1.9417  27.213695    136.548 331.019983     694943   5013.059     569221  0.000e+00
    -1.9416  27.213985    136.429 331.019986     694942   5013.078     569182  0.000e+00
    -1.9416  27.214101    136.326 331.019988     694941   5013.086     569148  0.000e+00
    -1.9416  27.212646    136.210 331.019991     694941   5012.988     569110  0.000e+00
    -1.9415  27.213519    136.109 331.019994     694938   5013.047     569077  0.000e+00
    -1.9416  27.212646    135.997 331.019997     694941   5012.988     569040  0.000e+00
    -1.9417  27.213809    135.887 331.020000     694943   5013.066     569004  0.000e+00
    -1.9415  27.212645    135.777 331.020003     694938   5012.988     568968  0.000e+00
    -1.9417  27.212121    135.662 331.020006     694943   5012.953     568930  0.000e+00
    -1.9415  27.212703    135.555 331.020009     694940   5012.992     568895  0.000e+00
    -1.9416  27.212121    135.451 331.020012     694942   5012.953     568861  0.000e+00
    -1.9416  27.212120    135.342 331.020014     694941   5012.953     568825  0.000e+00
    -1.9416  27.212353    135.229 331.020017     694942   5012.969     568788  0.000e+00
    -1.9417  27.211829    135.119 331.020020     694944   5012.934     568752  0.000e+00
    -1.9416  27.211829    135.004 331.020023     694942   5012.934     568714  0.000e+00
    -1.9417  27.211596    134.891 331.020026     694944   5012.918     568677  0.000e+00
    -1.9418  27.211537    134.784 331.020029     694945   5012.914     568642  0.000e+00
    -1.9417  27.210781    134.671 331.020032     694943   5012.863     568605  0.000e+00
    -1.9417  27.211246    134.553 331.020035     694944   5012.895     568566  0.000e+00
    -1.9415  27.210256    134.455 331.020038     694939   5012.828     568534  0.000e+00
    -1.9416  27.210547    134.342 331.020041     694941   5012.848     568497  0.000e+00
    -1.9417  27.210430    134.227 331.020043     694944   5012.840     568459  0.000e+00
    -1.9415  27.210023    134.111 331.020046     694940   5012.813     568421  0.000e+00
    -1.9414  27.210139    133.998 331.020049     694937   5012.820     568384  0.000e+00
    -1.9414  27.210022    133.885 331.020052     694937   5012.813     568347  0.000e+00
    -1.9415  27.209440    133.773 331.020055     694938   5012.773     568310  0.000e+00
    -1.9414  27.209614    133.654 331.020058     694937   5012.785     568271  0.000e+00
    -1.9415  27.209730    133.538 331.020061     694938   5012.793     568233  0.000e+00
    -1.9415  27.209614    133.426 331.020064     694938   5012.785     568196  0.000e+00
    -1.9413  27.208683    133.310 331.020067     694934   5012.723     568158  0.000e+00
    -1.9415  27.209613    133.200 331.020069     694940   5012.785     568122  0.000e+00
    -1.9414  27.209438    133.078 331.020072     694936   5012.773     568082  0.000e+00
    -1.9411  27.208391    132.972 331.020075     694931   5012.703     568047  0.000e+00
    -1.9413  27.208449    132.847 331.020078     694934   5012.707     568006  0.000e+00
    -1.9411  27.208158    132.737 331.020081     694931   5012.688     567970  0.000e+00
    -1.9409  27.208215    132.615 331.020084     694926   5012.691     567930  0.000e+00
    -1.9409  27.208157    132.499 331.020087     694926   5012.688     567892  0.000e+00
    -1.9410  27.207924    132.381 331.020090     694928   5012.672     567853  0.000e+00
    -1.9412  27.207633    132.268 331.020093     694932   5012.652     567816  0.000e+00
    -1.9413  27.206818    132.152 331.020095     694935   5012.598     567778  0.000e+00
    -1.9414  27.207050    132.039 331.020098     694936   5012.613     567741  0.000e+00
    -1.9414  27.206526    131.927 331.020101     694936   5012.578     567704  0.000e+00
    -1.9414  27.205944    131.805 331.020104     694937   5012.539     567664  0.000e+00
    -1.9414  27.206293    131.692 331.020107     694937   5012.563     567627  0.000e+00
    -1.9415  27.205246    131.573 331.020110     694940   5012.492     567588  0.000e+00
    -1.9415  27.205944    131.457 331.020113     694938   5012.539     567550  0.000e+00
    -1.9416  27.205478    131.339 331.020116     694942   5012.508     567511  0.000e+00
    -1.9417  27.205361    131.226 331.020119     694943   5012.500     567474  0.000e+00
    -1.9418  27.205477    131.113 331.020122     694946   5012.508     567437  0.000e+00
    -1.9417  27.205361    130.991 331.020124     694944   5012.500     567397  0.000e+00
    -1.9416  27.204953    130.882 331.020127     694942   5012.473     567361  0.000e+00
    -1.9419  27.204953    130.760 331.020130     694947   5012.473     567321  0.000e+00
    -1.9419  27.204254    130.650 331.020133     694947   5012.426     567285  0.000e+00
    -1.9419  27.204429    130.531 331.020136     694947   5012.438     567246  0.000e+00
    -1.9417  27.203730    130.410 331.020139     694944   5012.391     567206  0.000e+00
    -1.9418  27.204195    130.288 331.020142     694946   5012.422     567166  0.000e+00
    -1.9418  27.203962    130.172 331.020145     694946   5012.406     567128  0.000e+00
    -1.9417  27.203380    130.053 331.020148     694943   5012.367     567089  0.000e+00
    -1.9416  27.203380    129.931 331.020150     694942   5012.367     567049  0.000e+00
    -1.9418  27.203147    129.812 331.020153     694945   5012.352     567010  0.000e+00
    -1.9416  27.202565    129.691 331.020156     694942   5012.313     566970  0.000e+00
    -1.9419  27.202855    129.563 331.020159     694948   5012.332     566928  0.000e+00
    -1.9418  27.202855    129.444 331.020162     694945   5012.332     566889  0.000e+00
    -1.9415  27.201808    129.319 331.020165     694940   5012.262     566848  0.000e+00
    -1.9420  27.202564    129.203 331.020168     694949   5012.313     566810  0.000e+00
    -1.9418  27.200993    129.084 331.020171     694945   5012.207     566771  0.000e+00
    -1.9420  27.201167    128.956 331.020174     694949   5012.219     566729  0.000e+00
    -1.9420  27.201283    128.838 331.020177     694950   5012.227     566690  0.000e+00
    -1.9420  27.201457    128.713 331.020179     694950   5012.238     566649  0.000e+00
    -1.9420  27.200991    128.594 331.020182     694951   5012.207     566610  0.000e+00
    -1.9420  27.200758    128.472 331.020185     694950   5012.191     566570  0.000e+00
    -1.9421  27.200874    128.347 331.020188     694953   5012.199     566529  0.000e+00
    -1.9422  27.200758    128.225 331.020191     694954   5012.191     566489  0.000e+00
    -1.9421  27.200059    128.106 331.020194     694953   5012.145     566450  0.000e+00
    -1.9424  27.200175    127.985 331.020197     694960   5012.152     566410  0.000e+00
    -1.9424  27.200350    127.863 331.020200     694960   5012.164     566370  0.000e+00
    -1.9424  27.199942    127.738 331.020203     694960   5012.137     566329  0.000e+00
    -1.9424  27.199651    127.619 331.020205     694960   5012.117     566290  0.000e+00
