tests/resources/orca-test-data/SBE19plus/4794/4794_034_KiM.cnv
* Sea-Bird SBE19plus Data File:
* FileName = C:\Documents and Settings\stevens\Desktop\K131_2007\CTD\4794_034.hex
* Software Version 1.50
* Temperature SN =  4977
* Conductivity SN =  4977
* System UpLoad Time = Nov 27 2007 06:48:40
** K131 McMurdo SeaIce Work
** nov-dec 2007
** using chch plastic ctd
** times are local (NZ daylight savings)
# nquan = 8
# nvalues = 8051                                  
# units = specified
# name 0 = tv290C: Temperature [ITS-90, deg C]
# name 1 = c0mS/cm: Conductivity [mS/cm]
# name 2 = prdM: Pressure, Strain Gauge [db]
# name 3 = timeJ: Julian Days
# name 4 = f0: Frequency 0
# name 5 = f1: Frequency 1
# name 6 = f2: Frequency 2
# name 7 = flag:  0.000e+00
# span 0 =    -2.7533,    -1.9108                 
# span 1 =  -0.141852,  27.366048                 
# span 2 =     -0.280,    358.239                 
# span 3 = 331.258160, 331.281453                 
# span 4 =     694257,     713117                 
# span 5 =   2583.539,   5023.238                 
# span 6 =     524312,     642006                 
# span 7 = 0.0000e+00, 0.0000e+00                 
# interval = seconds: 0.25
# start_time = Nov 27 2007 06:11:45 [Instrument's time stamp, header]
# bad_flag = -9.990e-29
*END*
[from data line 5933]
    -1.9339  27.237645    194.614 331.275327     694771   5014.656     588282  0.000e+00
    -1.9339  27.237471    194.770 331.275330     694770   5014.645     588333  0.000e+00
    -1.9338  27.237413    194.949 331.275333     694768   5014.641     588392  0.000e+00
    -1.9338  27.237763    195.157 331.275336     694769   5014.664     588460  0.000e+00
    -1.9338  27.237123    195.339 331.275339     694768   5014.621     588520  0.000e+00
    -1.9340  27.237415    195.519 331.275341     694772   5014.641     588579  0.000e+00
    -1.9339  27.238055    195.687 331.275344     694770   5014.684     588634  0.000e+00
    -1.9341  27.237648    195.854 331.275347     694775   5014.656     588689  0.000e+00
    -1.9341  27.238580    196.067 331.275350     694775   5014.719     588759  0.000e+00
    -1.9342  27.237417    196.265 331.275353     694776   5014.641     588824  0.000e+00
    -1.9341  27.238174    196.445 331.275356     694774   5014.691     588883  0.000e+00
    -1.9340  27.238582    196.619 331.275359     694772   5014.719     588940  0.000e+00
    -1.9342  27.237942    196.814 331.275362     694776   5014.676     589004  0.000e+00
    -1.9342  27.238059    197.033 331.275365     694776   5014.684     589076  0.000e+00
    -1.9342  27.238467    197.237 331.275367     694777   5014.711     589143  0.000e+00
    -1.9342  27.238060    197.414 331.275370     694777   5014.684     589201  0.000e+00
    -1.9343  27.238992    197.584 331.275373     694779   5014.746     589257  0.000e+00
    -1.9344  27.238468    197.770 331.275376     694781   5014.711     589318  0.000e+00
    -1.9344  27.238585    197.986 331.275379     694782   5014.719     589389  0.000e+00
    -1.9345  27.238178    198.181 331.275382     694783   5014.691     589453  0.000e+00
    -1.9344  27.238877    198.352 331.275385     694782   5014.738     589509  0.000e+00
    -1.9346  27.238470    198.498 331.275388     694786   5014.711     589557  0.000e+00
    -1.9346  27.238180    198.669 331.275391     694785   5014.691     589613  0.000e+00
    -1.9347  27.238588    198.864 331.275394     694788   5014.719     589677  0.000e+00
    -1.9349  27.238995    199.046 331.275396     694793   5014.746     589737  0.000e+00
    -1.9349  27.238879    199.199 331.275399     694793   5014.738     589787  0.000e+00
    -1.9349  27.238472    199.345 331.275402     694792   5014.711     589835  0.000e+00
    -1.9349  27.238997    199.497 331.275405     694792   5014.746     589885  0.000e+00
    -1.9350  27.239172    199.680 331.275408     694794   5014.758     589945  0.000e+00
    -1.9349  27.238998    199.878 331.275411     694793   5014.746     590010  0.000e+00
    -1.9347  27.239755    200.049 331.275414     694789   5014.797     590066  0.000e+00
    -1.9349  27.239813    200.204 331.275417     694792   5014.801     590117  0.000e+00
    -1.9347  27.239755    200.353 331.275420     694787   5014.797     590166  0.000e+00
    -1.9347  27.239814    200.530 331.275422     694789   5014.801     590224  0.000e+00
    -1.9349  27.239000    200.722 331.275425     694792   5014.746     590287  0.000e+00
    -1.9350  27.239466    200.905 331.275428     694795   5014.777     590347  0.000e+00
    -1.9352  27.239816    201.057 331.275431     694800   5014.801     590397  0.000e+00
    -1.9351  27.240281    201.200 331.275434     694796   5014.832     590444  0.000e+00
    -1.9352  27.239816    201.340 331.275437     694800   5014.801     590490  0.000e+00
    -1.9353  27.239526    201.505 331.275440     694802   5014.781     590544  0.000e+00
    -1.9353  27.239759    201.687 331.275443     694801   5014.797     590604  0.000e+00
    -1.9352  27.239818    201.852 331.275446     694800   5014.801     590658  0.000e+00
    -1.9350  27.239469    202.004 331.275448     694795   5014.777     590708  0.000e+00
    -1.9351  27.239818    202.135 331.275451     694797   5014.801     590751  0.000e+00
    -1.9353  27.240052    202.275 331.275454     694802   5014.816     590797  0.000e+00
    -1.9354  27.240285    202.446 331.275457     694803   5014.832     590853  0.000e+00
    -1.9354  27.240576    202.626 331.275460     694804   5014.852     590912  0.000e+00
    -1.9353  27.240577    202.793 331.275463     694802   5014.852     590967  0.000e+00
    -1.9352  27.240577    202.933 331.275466     694799   5014.852     591013  0.000e+00
    -1.9352  27.240868    203.064 331.275469     694798   5014.871     591056  0.000e+00
    -1.9351  27.240869    203.189 331.275472     694797   5014.871     591097  0.000e+00
    -1.9351  27.241393    203.351 331.275475     694796   5014.906     591150  0.000e+00
    -1.9350  27.240579    203.521 331.275477     694794   5014.852     591206  0.000e+00
    -1.9353  27.240055    203.689 331.275480     694801   5014.816     591261  0.000e+00
    -1.9357  27.240870    203.829 331.275483     694810   5014.871     591307  0.000e+00
    -1.9361  27.240347    203.951 331.275486     694818   5014.836     591347  0.000e+00
    -1.9362  27.240056    204.085 331.275489     694821   5014.816     591391  0.000e+00
    -1.9364  27.239998    204.234 331.275492     694825   5014.813     591440  0.000e+00
    -1.9364  27.240057    204.411 331.275495     694826   5014.816     591498  0.000e+00
    -1.9366  27.239767    204.569 331.275498     694831   5014.797     591550  0.000e+00
    -1.9372  27.239825    204.694 331.275501     694843   5014.801     591591  0.000e+00
    -1.9377  27.239534    204.800 331.275503     694855   5014.781     591626  0.000e+00
    -1.9380  27.240000    204.895 331.275506     694861   5014.813     591657  0.000e+00
    -1.9381  27.239302    204.992 331.275509     694864   5014.766     591689  0.000e+00
    -1.9383  27.239477    205.114 331.275512     694869   5014.777     591729  0.000e+00
    -1.9382  27.240351    205.248 331.275515     694866   5014.836     591773  0.000e+00
    -1.9384  27.240351    205.401 331.275518     694870   5014.836     591823  0.000e+00
    -1.9383  27.241457    205.535 331.275521     694868   5014.910     591867  0.000e+00
    -1.9379  27.241690    205.641 331.275524     694860   5014.926     591902  0.000e+00
    -1.9375  27.241167    205.733 331.275527     694850   5014.891     591932  0.000e+00
    -1.9373  27.241109    205.812 331.275530     694845   5014.887     591958  0.000e+00
    -1.9373  27.240876    205.909 331.275532     694846   5014.871     591990  0.000e+00
    -1.9374  27.241400    206.007 331.275535     694847   5014.906     592022  0.000e+00
    -1.9372  27.240877    206.135 331.275538     694843   5014.871     592064  0.000e+00
    -1.9375  27.242565    206.299 331.275541     694850   5014.984     592118  0.000e+00
    -1.9371  27.241692    206.436 331.275544     694842   5014.926     592163  0.000e+00
    -1.9367  27.243089    206.558 331.275547     694832   5015.020     592203  0.000e+00
    -1.9366  27.242217    206.677 331.275550     694830   5014.961     592242  0.000e+00
    -1.9362  27.243788    206.771 331.275553     694822   5015.066     592273  0.000e+00
    -1.9360  27.243963    206.890 331.275556     694816   5015.078     592312  0.000e+00
    -1.9357  27.244080    207.039 331.275558     694810   5015.086     592361  0.000e+00
    -1.9355  27.243673    207.216 331.275561     694805   5015.059     592419  0.000e+00
    -1.9354  27.244605    207.396 331.275564     694803   5015.121     592478  0.000e+00
    -1.9352  27.244838    207.545 331.275567     694799   5015.137     592527  0.000e+00
    -1.9349  27.244547    207.682 331.275570     694793   5015.117     592572  0.000e+00
    -1.9350  27.245130    207.837 331.275573     694795   5015.156     592623  0.000e+00
    -1.9348  27.244781    208.005 331.275576     694791   5015.133     592678  0.000e+00
    -1.9347  27.244840    208.206 331.275579     694789   5015.137     592744  0.000e+00
    -1.9348  27.244782    208.398 331.275582     694790   5015.133     592807  0.000e+00
    -1.9347  27.245888    208.547 331.275584     694789   5015.207     592856  0.000e+00
    -1.9349  27.245656    208.715 331.275587     694792   5015.191     592911  0.000e+00
    -1.9348  27.245656    208.876 331.275590     694791   5015.191     592964  0.000e+00
    -1.9347  27.245657    209.074 331.275593     694788   5015.191     593029  0.000e+00
    -1.9348  27.245366    209.278 331.275596     694790   5015.172     593096  0.000e+00
    -1.9348  27.245367    209.446 331.275599     694791   5015.172     593151  0.000e+00
    -1.9349  27.246415    209.604 331.275602     694792   5015.242     593203  0.000e+00
    -1.9350  27.247056    209.775 331.275605     694794   5015.285     593259  0.000e+00
    -1.9347  27.246707    209.960 331.275608     694789   5015.262     593320  0.000e+00
    -1.9348  27.246475    210.165 331.275611     694791   5015.246     593387  0.000e+00
    -1.9347  27.247232    210.335 331.275613     694787   5015.297     593443  0.000e+00
    -1.9343  27.246999    210.497 331.275616     694780   5015.281     593496  0.000e+00
    -1.9343  27.247640    210.661 331.275619     694779   5015.324     593550  0.000e+00
    -1.9343  27.247233    210.829 331.275622     694779   5015.297     593605  0.000e+00
    -1.9342  27.247350    211.024 331.275625     694777   5015.305     593669  0.000e+00
    -1.9346  27.247525    211.212 331.275628     694785   5015.316     593731  0.000e+00
    -1.9345  27.248049    211.377 331.275631     694783   5015.352     593785  0.000e+00
    -1.9343  27.245954    211.548 331.275634     694780   5015.211     593841  0.000e+00
    -1.9349  27.245373    211.733 331.275637     694793   5015.172     593902  0.000e+00
    -1.9360  27.245373    211.937 331.275639     694817   5015.172     593969  0.000e+00
    -1.9367  27.245665    212.148 331.275642     694832   5015.191     594038  0.000e+00
    -1.9371  27.245666    212.330 331.275645     694841   5015.191     594098  0.000e+00
    -1.9372  27.245375    212.507 331.275648     694844   5015.172     594156  0.000e+00
    -1.9372  27.246423    212.702 331.275651     694843   5015.242     594220  0.000e+00
    -1.9371  27.246191    212.915 331.275654     694842   5015.227     594290  0.000e+00
    -1.9370  27.245668    213.125 331.275657     694840   5015.191     594359  0.000e+00
    -1.9372  27.245377    213.317 331.275660     694844   5015.172     594422  0.000e+00
    -1.9374  27.246425    213.497 331.275663     694847   5015.242     594481  0.000e+00
    -1.9374  27.245669    213.692 331.275666     694849   5015.191     594545  0.000e+00
    -1.9376  27.246485    213.920 331.275668     694852   5015.246     594620  0.000e+00
    -1.9377  27.246194    214.137 331.275671     694855   5015.227     594691  0.000e+00
    -1.9376  27.246486    214.325 331.275674     694853   5015.246     594753  0.000e+00
    -1.9377  27.246719    214.511 331.275677     694855   5015.262     594814  0.000e+00
    -1.9376  27.246428    214.718 331.275680     694852   5015.242     594882  0.000e+00
    -1.9376  27.245963    214.941 331.275683     694853   5015.211     594955  0.000e+00
    -1.9379  27.245382    215.142 331.275686     694860   5015.172     595021  0.000e+00
    -1.9384  27.246779    215.328 331.275689     694870   5015.266     595082  0.000e+00
    -1.9385  27.247013    215.516 331.275692     694873   5015.281     595144  0.000e+00
    -1.9382  27.248061    215.727 331.275694     694865   5015.352     595213  0.000e+00
    -1.9375  27.249051    215.946 331.275697     694850   5015.418     595285  0.000e+00
    -1.9369  27.248062    216.162 331.275700     694836   5015.352     595356  0.000e+00
    -1.9364  27.249867    216.348 331.275703     694825   5015.473     595417  0.000e+00
    -1.9361  27.249344    216.573 331.275706     694820   5015.438     595491  0.000e+00
    -1.9358  27.250683    216.817 331.275709     694813   5015.527     595571  0.000e+00
    -1.9356  27.250975    217.052 331.275712     694807   5015.547     595648  0.000e+00
    -1.9352  27.250684    217.247 331.275715     694798   5015.527     595712  0.000e+00
    -1.9348  27.250976    217.460 331.275718     694790   5015.547     595782  0.000e+00
    -1.9346  27.252024    217.694 331.275720     694785   5015.617     595859  0.000e+00
    -1.9344  27.250977    217.935 331.275723     694782   5015.547     595938  0.000e+00
    -1.9344  27.251734    218.136 331.275726     694782   5015.598     596004  0.000e+00
    -1.9342  27.252550    218.331 331.275729     694776   5015.652     596068  0.000e+00
    -1.9339  27.252958    218.523 331.275732     694771   5015.680     596131  0.000e+00
    -1.9335  27.253890    218.742 331.275735     694762   5015.742     596203  0.000e+00
    -1.9330  27.254065    218.955 331.275738     694750   5015.754     596273  0.000e+00
    -1.9325  27.254414    219.138 331.275741     694739   5015.777     596333  0.000e+00
    -1.9323  27.253891    219.321 331.275744     694734   5015.742     596393  0.000e+00
    -1.9321  27.254357    219.522 331.275747     694731   5015.773     596459  0.000e+00
    -1.9321  27.254649    219.738 331.275749     694731   5015.793     596530  0.000e+00
    -1.9320  27.254940    219.939 331.275752     694728   5015.813     596596  0.000e+00
    -1.9320  27.255232    220.128 331.275755     694728   5015.832     596658  0.000e+00
    -1.9321  27.255232    220.314 331.275758     694731   5015.832     596719  0.000e+00
    -1.9320  27.254942    220.509 331.275761     694728   5015.813     596783  0.000e+00
    -1.9320  27.254942    220.728 331.275764     694727   5015.813     596855  0.000e+00
    -1.9321  27.255467    220.932 331.275767     694730   5015.848     596922  0.000e+00
    -1.9321  27.255467    221.112 331.275770     694731   5015.848     596981  0.000e+00
    -1.9321  27.255992    221.301 331.275773     694731   5015.883     597043  0.000e+00
    -1.9321  27.255468    221.514 331.275775     694731   5015.848     597113  0.000e+00
    -1.9322  27.255236    221.736 331.275778     694733   5015.832     597186  0.000e+00
    -1.9323  27.255761    221.937 331.275781     694734   5015.867     597252  0.000e+00
    -1.9324  27.256285    222.117 331.275784     694736   5015.902     597311  0.000e+00
    -1.9324  27.255762    222.330 331.275787     694737   5015.867     597381  0.000e+00
    -1.9323  27.255471    222.559 331.275790     694734   5015.848     597456  0.000e+00
    -1.9324  27.255763    222.781 331.275793     694737   5015.867     597529  0.000e+00
    -1.9324  27.256054    222.982 331.275796     694737   5015.887     597595  0.000e+00
    -1.9325  27.255764    223.183 331.275799     694739   5015.867     597661  0.000e+00
    -1.9325  27.255473    223.409 331.275802     694739   5015.848     597735  0.000e+00
    -1.9326  27.256289    223.649 331.275804     694741   5015.902     597814  0.000e+00
    -1.9326  27.255998    223.850 331.275807     694741   5015.883     597880  0.000e+00
    -1.9325  27.257163    224.039 331.275810     694740   5015.961     597942  0.000e+00
    -1.9326  27.257047    224.237 331.275813     694741   5015.953     598007  0.000e+00
    -1.9325  27.257455    224.453 331.275816     694739   5015.980     598078  0.000e+00
    -1.9325  27.257048    224.670 331.275819     694739   5015.953     598149  0.000e+00
    -1.9325  27.257049    224.849 331.275822     694740   5015.953     598208  0.000e+00
    -1.9323  27.257457    225.029 331.275825     694735   5015.980     598267  0.000e+00
    -1.9321  27.257865    225.236 331.275828     694731   5016.008     598335  0.000e+00
    -1.9318  27.258564    225.459 331.275830     694724   5016.055     598408  0.000e+00
    -1.9314  27.259962    225.663 331.275833     694715   5016.148     598475  0.000e+00
    -1.9307  27.260544    225.851 331.275836     694700   5016.188     598537  0.000e+00
    -1.9300  27.261418    226.059 331.275839     694684   5016.246     598605  0.000e+00
    -1.9295  27.259963    226.293 331.275842     694672   5016.148     598682  0.000e+00
