tests/resources/orca-test-data/SBE19plus/4794/4794_036_KiM.cnv
* Sea-Bird SBE19plus Data File:
* FileName = C:\Documents and Settings\stevens\Desktop\K131_2007\CTD\4794_036.hex
* Software Version 1.50
* Temperature SN =  4977
* Conductivity SN =  4977
* System UpLoad Time = Nov 27 2007 09:12:44
** K131 McMurdo SeaIce Work
** nov-dec 2007
** using chch plastic ctd
** times are local (NZ daylight savings)
# nquan = 8
# nvalues = 3839                                  
# units = specified
# name 0 = tv290C: Temperature [ITS-90, deg C]
# name 1 = c0mS/cm: Conductivity [mS/cm]
# name 2 = prdM: Pressure, Strain Gauge [db]
# name 3 = timeJ: Julian Days
# name 4 = f0: Frequency 0
# name 5 = f1: Frequency 1
# name 6 = f2: Frequency 2
# name 7 = flag:  0.000e+00
# span 0 =    -4.0814,    -2.1115                 
# span 1 =  -0.000914,  17.366053                 
# span 2 =      1.420,    353.869                 
# span 3 = 331.343032, 331.354138                 
# span 4 =     698721,     743509                 
# span 5 =   2601.902,   4300.609                 
# span 6 =     524877,     640571                 
# span 7 = 0.0000e+00, 0.0000e+00                 
# interval = seconds: 0.25
# start_time = Nov 27 2007 08:13:58 [Instrument's time stamp, header]
# bad_flag = -9.990e-29
*END*
[from data line 1079]
    -2.1227   7.725324     77.859 331.346155     698970   3462.527     549959  0.000e+00
    -2.1230   7.732455     77.795 331.346157     698976   3463.223     549938  0.000e+00
    -2.1231   7.749848     77.737 331.346160     698979   3464.918     549919  0.000e+00
    -2.1230   7.721920     77.676 331.346163     698977   3462.195     549899  0.000e+00
    -2.1229   7.726927     77.606 331.346166     698973   3462.684     549876  0.000e+00
    -2.1228   7.693053     77.542 331.346169     698972   3459.379     549855  0.000e+00
    -2.1229   7.773626     77.481 331.346172     698975   3467.234     549835  0.000e+00
    -2.1231   7.813318     77.414 331.346175     698979   3471.098     549813  0.000e+00
    -2.1230   7.796055     77.359 331.346178     698977   3469.418     549795  0.000e+00
    -2.1229   7.805850     77.292 331.346181     698973   3470.371     549773  0.000e+00
    -2.1233   7.791760     77.237 331.346183     698983   3469.000     549755  0.000e+00
    -2.1230   7.778600     77.176 331.346186     698977   3467.719     549735  0.000e+00
    -2.1231   7.855105     77.131 331.346189     698979   3475.160     549720  0.000e+00
    -2.1233   7.882011     77.076 331.346192     698983   3477.773     549702  0.000e+00
    -2.1232   7.875413     77.024 331.346195     698980   3477.133     549685  0.000e+00
    -2.1233   7.890220     76.975 331.346198     698983   3478.570     549669  0.000e+00
    -2.1235   7.857356     76.933 331.346201     698987   3475.379     549655  0.000e+00
    -2.1235   7.895250     76.887 331.346204     698987   3479.059     549640  0.000e+00
    -2.1236   7.981043     76.832 331.346207     698990   3487.375     549622  0.000e+00
    -2.1234   7.930566     76.783 331.346209     698985   3482.484     549606  0.000e+00
    -2.1238   7.943219     76.732 331.346212     698993   3483.711     549589  0.000e+00
    -2.1239   7.921421     76.683 331.346215     698997   3481.598     549573  0.000e+00
    -2.1238   7.888046     76.631 331.346218     698993   3478.359     549556  0.000e+00
    -2.1238   8.003037     76.576 331.346221     698995   3489.504     549538  0.000e+00
    -2.1236   7.995166     76.521 331.346224     698990   3488.742     549520  0.000e+00
    -2.1237   7.990484     76.476 331.346227     698992   3488.289     549505  0.000e+00
    -2.1239   7.993431     76.427 331.346230     698997   3488.574     549489  0.000e+00
    -2.1236   7.957892     76.378 331.346233     698990   3485.133     549473  0.000e+00
    -2.1240   7.959464     76.329 331.346236     698998   3485.285     549457  0.000e+00
    -2.1241   8.059559     76.278 331.346238     699000   3494.969     549440  0.000e+00
    -2.1243   8.041046     76.220 331.346241     699006   3493.180     549421  0.000e+00
    -2.1241   8.068011     76.174 331.346244     699001   3495.785     549406  0.000e+00
    -2.1242   8.034661     76.128 331.346247     699002   3492.563     549391  0.000e+00
    -2.1244   8.024722     76.080 331.346250     699007   3491.602     549375  0.000e+00
    -2.1242   8.027833     76.028 331.346253     699003   3491.902     549358  0.000e+00
    -2.1243   7.970917     75.985 331.346256     699005   3486.395     549344  0.000e+00
    -2.1244   8.064250     75.946 331.346259     699007   3495.422     549331  0.000e+00
    -2.1242   8.100744     75.897 331.346262     699002   3498.945     549315  0.000e+00
    -2.1244   8.085850     75.860 331.346264     699007   3497.508     549303  0.000e+00
    -2.1245   8.117020     75.815 331.346267     699009   3500.516     549288  0.000e+00
    -2.1246   8.071772     75.775 331.346270     699011   3496.148     549275  0.000e+00
    -2.1246   8.081278     75.748 331.346273     699012   3497.066     549266  0.000e+00
    -2.1247   8.033893     75.702 331.346276     699015   3492.488     549251  0.000e+00
    -2.1246   8.140881     75.671 331.346279     699011   3502.816     549241  0.000e+00
    -2.1246   8.174938     75.635 331.346282     699012   3506.098     549229  0.000e+00
    -2.1246   8.138328     75.601 331.346285     699011   3502.570     549218  0.000e+00
    -2.1248   8.154906     75.623 331.346288     699017   3504.168     549225  0.000e+00
    -2.1248   8.114753     75.763 331.346291     699016   3500.297     549271  0.000e+00
    -2.1248   8.115117     75.873 331.346293     699017   3500.332     549307  0.000e+00
    -2.1249   8.079134     75.903 331.346296     699018   3496.859     549317  0.000e+00
    -2.1249   8.175466     75.900 331.346299     699019   3506.148     549316  0.000e+00
    -2.1251   8.218326     75.897 331.346302     699022   3510.273     549315  0.000e+00
    -2.1251   8.161271     75.876 331.346305     699023   3504.781     549308  0.000e+00
    -2.1251   8.182768     75.839 331.346308     699022   3506.852     549296  0.000e+00
    -2.1251   8.155879     75.793 331.346311     699024   3504.262     549281  0.000e+00
    -2.1252   8.120260     75.751 331.346314     699026   3500.828     549267  0.000e+00
    -2.1252   8.152879     75.708 331.346317     699026   3503.973     549253  0.000e+00
    -2.1252   8.260180     75.760 331.346319     699025   3514.297     549270  0.000e+00
    -2.1252   8.223973     77.521 331.346322     699026   3510.816     549848  0.000e+00
    -2.1255   8.234740     80.318 331.346325     699031   3511.852     550766  0.000e+00
    -2.1255   8.222108     82.701 331.346328     699031   3510.637     551548  0.000e+00
    -2.1256   8.190971     84.763 331.346331     699034   3507.641     552225  0.000e+00
    -2.1256   8.193894     86.503 331.346334     699035   3507.922     552796  0.000e+00
    -2.1258   8.307668     87.907 331.346337     699038   3518.855     553257  0.000e+00
    -2.1257   8.302743     89.013 331.346340     699036   3518.383     553620  0.000e+00
    -2.1257   8.275929     89.830 331.346343     699037   3515.809     553888  0.000e+00
    -2.1260   8.300139     90.421 331.346345     699042   3518.133     554082  0.000e+00
    -2.1260   8.248728     90.826 331.346348     699043   3513.195     554215  0.000e+00
    -2.1261   8.242469     91.085 331.346351     699046   3512.594     554300  0.000e+00
    -2.1261   8.362101     91.232 331.346354     699046   3524.074     554348  0.000e+00
    -2.1262   8.355904     91.299 331.346357     699048   3523.480     554370  0.000e+00
    -2.1264   8.313411     91.302 331.346360     699051   3519.406     554371  0.000e+00
    -2.1264   8.335731     91.259 331.346363     699052   3521.547     554357  0.000e+00
    -2.1264   8.286182     91.189 331.346366     699053   3516.793     554334  0.000e+00
    -2.1266   8.278574     91.119 331.346369     699057   3516.063     554311  0.000e+00
    -2.1266   8.413428     91.027 331.346372     699056   3528.988     554281  0.000e+00
    -2.1267   8.405548     90.939 331.346374     699058   3528.234     554252  0.000e+00
    -2.1268   8.371235     90.842 331.346377     699060   3524.949     554220  0.000e+00
    -2.1269   8.405140     90.759 331.346380     699063   3528.195     554193  0.000e+00
    -2.1269   8.347793     90.662 331.346383     699064   3522.703     554161  0.000e+00
    -2.1270   8.347385     90.574 331.346386     699065   3522.664     554132  0.000e+00
    -2.1271   8.495748     90.482 331.346389     699067   3536.855     554102  0.000e+00
    -2.1271   8.455341     90.397 331.346392     699068   3532.996     554074  0.000e+00
    -2.1271   8.429966     90.305 331.346395     699067   3530.570     554044  0.000e+00
    -2.1272   8.447944     90.217 331.346398     699070   3532.289     554015  0.000e+00
    -2.1273   8.389713     90.129 331.346400     699072   3526.719     553986  0.000e+00
    -2.1275   8.400935     90.043 331.346403     699077   3527.793     553958  0.000e+00
    -2.1275   8.551728     90.040 331.346406     699076   3542.195     553957  0.000e+00
    -2.1276   8.530547     90.101 331.346409     699078   3540.176     553977  0.000e+00
    -2.1277   8.505366     90.129 331.346412     699081   3537.773     553986  0.000e+00
    -2.1277   8.540542     90.135 331.346415     699082   3541.129     553988  0.000e+00
    -2.1277   8.467769     90.107 331.346418     699082   3534.184     553979  0.000e+00
    -2.1279   8.584200     90.065 331.346421     699085   3545.289     553965  0.000e+00
    -2.1280   8.687217     89.989 331.346424     699088   3555.086     553940  0.000e+00
    -2.1280   8.581042     89.906 331.346427     699088   3544.988     553913  0.000e+00
    -2.1282   8.632880     89.818 331.346429     699092   3549.922     553884  0.000e+00
    -2.1282   8.582313     89.730 331.346432     699093   3545.109     553855  0.000e+00
    -2.1283   8.606808     89.644 331.346435     699095   3547.441     553827  0.000e+00
    -2.1284   8.790435     89.550 331.346438     699097   3564.875     553796  0.000e+00
    -2.1285   8.699764     89.456 331.346441     699099   3556.277     553765  0.000e+00
    -2.1285   8.707170     89.373 331.346444     699099   3556.980     553738  0.000e+00
    -2.1287   8.724624     89.282 331.346447     699103   3558.637     553708  0.000e+00
    -2.1288   8.672823     89.197 331.346450     699105   3553.719     553680  0.000e+00
    -2.1287   8.829887     89.108 331.346453     699104   3568.609     553651  0.000e+00
    -2.1289   8.758483     89.020 331.346455     699108   3561.848     553622  0.000e+00
    -2.1290   8.715855     88.950 331.346458     699109   3557.805     553599  0.000e+00
    -2.1290   8.748388     88.874 331.346461     699111   3560.891     553574  0.000e+00
    -2.1290   8.673233     88.825 331.346464     699111   3553.758     553558  0.000e+00
    -2.1293   8.795385     88.770 331.346467     699117   3565.344     553540  0.000e+00
    -2.1294   8.749541     88.737 331.346470     699118   3561.000     553529  0.000e+00
    -2.1293   8.697747     88.703 331.346473     699117   3556.086     553518  0.000e+00
    -2.1297   8.729276     88.673 331.346476     699126   3559.078     553508  0.000e+00
    -2.1296   8.688614     88.621 331.346479     699123   3555.219     553491  0.000e+00
    -2.1298   8.808216     88.557 331.346481     699127   3566.559     553470  0.000e+00
    -2.1299   8.755928     88.481 331.346484     699131   3561.605     553445  0.000e+00
    -2.1299   8.724500     88.411 331.346487     699131   3558.625     553422  0.000e+00
    -2.1302   8.725488     88.338 331.346490     699136   3558.719     553398  0.000e+00
    -2.1302   8.751107     88.270 331.346493     699137   3561.148     553376  0.000e+00
    -2.1304   8.836575     88.197 331.346496     699141   3569.242     553352  0.000e+00
    -2.1306   8.762851     88.115 331.346499     699145   3562.262     553325  0.000e+00
    -2.1305   8.778928     88.045 331.346502     699144   3563.785     553302  0.000e+00
    -2.1307   8.773816     87.975 331.346505     699147   3563.301     553279  0.000e+00
    -2.1307   8.896255     87.896 331.346508     699148   3574.883     553253  0.000e+00
    -2.1309   8.861279     87.823 331.346510     699153   3571.578     553229  0.000e+00
    -2.1310   8.838144     87.753 331.346513     699155   3569.391     553206  0.000e+00
    -2.1312   8.841737     87.682 331.346516     699158   3569.730     553183  0.000e+00
    -2.1312   8.869007     87.606 331.346519     699160   3572.309     553158  0.000e+00
    -2.1314   8.925674     87.527 331.346522     699163   3577.660     553132  0.000e+00
    -2.1316   8.860989     87.454 331.346525     699168   3571.551     553108  0.000e+00
    -2.1316   8.861857     87.384 331.346528     699167   3571.633     553085  0.000e+00
    -2.1317   8.850990     87.305 331.346531     699170   3570.605     553059  0.000e+00
    -2.1319   8.936604     87.235 331.346534     699175   3578.691     553036  0.000e+00
    -2.1321   8.880622     87.155 331.346536     699178   3573.406     553010  0.000e+00
    -2.1321   8.869874     87.076 331.346539     699179   3572.391     552984  0.000e+00
    -2.1321   8.857270     87.006 331.346542     699180   3571.199     552961  0.000e+00
    -2.1323   8.896667     86.936 331.346545     699183   3574.922     552938  0.000e+00
    -2.1324   8.951140     86.860 331.346548     699185   3580.063     552913  0.000e+00
    -2.1327   8.911726     86.778 331.346551     699192   3576.344     552886  0.000e+00
    -2.1327   8.909699     86.705 331.346554     699193   3576.152     552862  0.000e+00
    -2.1327   8.878017     86.628 331.346557     699193   3573.160     552837  0.000e+00
    -2.1328   8.939750     86.555 331.346560     699195   3578.988     552813  0.000e+00
    -2.1330   8.933125     86.479 331.346563     699198   3578.363     552788  0.000e+00
    -2.1331   8.903534     86.412 331.346565     699202   3575.570     552766  0.000e+00
    -2.1332   8.919051     86.357 331.346568     699204   3577.035     552748  0.000e+00
    -2.1333   8.880332     86.302 331.346571     699206   3573.379     552730  0.000e+00
    -2.1334   8.919175     86.238 331.346574     699208   3577.047     552709  0.000e+00
    -2.1336   8.974177     86.181 331.346577     699212   3582.234     552690  0.000e+00
    -2.1336   8.920623     86.123 331.346580     699213   3577.184     552671  0.000e+00
    -2.1338   8.944346     86.059 331.346583     699216   3579.422     552650  0.000e+00
    -2.1338   8.924348     85.992 331.346586     699217   3577.535     552628  0.000e+00
    -2.1339   8.890504     85.919 331.346589     699220   3574.340     552604  0.000e+00
    -2.1341   8.960791     85.852 331.346591     699223   3580.973     552582  0.000e+00
    -2.1343   8.967960     85.781 331.346594     699227   3581.648     552559  0.000e+00
    -2.1343   8.940163     85.714 331.346597     699227   3579.027     552537  0.000e+00
    -2.1343   8.968581     85.644 331.346600     699228   3581.707     552514  0.000e+00
    -2.1344   8.947659     85.568 331.346603     699230   3579.734     552489  0.000e+00
    -2.1344   8.934698     85.504 331.346606     699231   3578.512     552468  0.000e+00
    -2.1346   8.995859     85.440 331.346609     699235   3584.277     552447  0.000e+00
    -2.1347   9.032621     85.373 331.346612     699236   3587.738     552425  0.000e+00
    -2.1347   9.005109     85.306 331.346615     699238   3585.148     552403  0.000e+00
    -2.1348   9.033617     85.242 331.346617     699239   3587.832     552382  0.000e+00
    -2.1348   9.026228     85.175 331.346620     699240   3587.137     552360  0.000e+00
    -2.1350   9.006851     85.120 331.346623     699244   3585.313     552342  0.000e+00
    -2.1352   9.055376     85.063 331.346626     699248   3589.879     552323  0.000e+00
    -2.1352   9.078186     85.002 331.346629     699249   3592.023     552303  0.000e+00
    -2.1354   9.074986     84.947 331.346632     699253   3591.723     552285  0.000e+00
    -2.1355   9.112156     84.886 331.346635     699254   3595.215     552265  0.000e+00
    -2.1356   9.089284     84.831 331.346638     699257   3593.066     552247  0.000e+00
    -2.1356   9.098889     84.776 331.346641     699256   3593.969     552229  0.000e+00
    -2.1356   9.099762     84.721 331.346644     699256   3594.051     552211  0.000e+00
    -2.1358   9.108496     84.667 331.346646     699261   3594.871     552193  0.000e+00
    -2.1358   9.175896     84.627 331.346649     699261   3601.195     552180  0.000e+00
    -2.1360   9.146615     84.575 331.346652     699266   3598.449     552163  0.000e+00
    -2.1360   9.181772     84.529 331.346655     699266   3601.746     552148  0.000e+00
    -2.1361   9.177813     84.481 331.346658     699269   3601.375     552132  0.000e+00
    -2.1362   9.159191     84.438 331.346661     699271   3599.629     552118  0.000e+00
    -2.1362   9.193192     84.405 331.346664     699270   3602.816     552107  0.000e+00
    -2.1364   9.176354     84.462 331.346667     699274   3601.238     552126  0.000e+00
    -2.1364   9.214959     84.703 331.346670     699275   3604.855     552205  0.000e+00
