tests/resources/orca-test-data/SBE19plus/4794/4794_026_KiM.cnv
* Sea-Bird SBE19plus Data File:
* FileName = C:\Documents and Settings\stevens\Desktop\K131_2007\CTD\4794_026.hex
* Software Version 1.50
* Temperature SN =  4977
* Conductivity SN =  4977
* System UpLoad Time = Nov 26 2007 23:49:27
** K131 McMurdo SeaIce Work
** nov-dec 2007
** using chch plastic ctd
** times are local (NZ daylight savings)
# nquan = 8
# nvalues = 6647                                  
# units = specified
# name 0 = tv290C: Temperature [ITS-90, deg C]
# name 1 = c0mS/cm: Conductivity [mS/cm]
# name 2 = prdM: Pressure, Strain Gauge [db]
# name 3 = timeJ: Julian Days
# name 4 = f0: Frequency 0
# name 5 = f1: Frequency 1
# name 6 = f2: Frequency 2
# name 7 = flag:  0.000e+00
# span 0 =    -2.5833,    -1.9074                 
# span 1 =   2.659994,  27.379810                 
# span 2 =     -0.262,    358.529                 
# span 3 = 330.970590, 330.989821                 
# span 4 =     694182,     709285                 
# span 5 =   2927.055,   5024.160                 
# span 6 =     524318,     642101                 
# span 7 = 0.0000e+00, 0.0000e+00                 
# interval = seconds: 0.25
# start_time = Nov 26 2007 23:17:39 [Instrument's time stamp, header]
# bad_flag = -9.990e-29
*END*
[from data line 3956]
    -1.9471  27.174484     89.026 330.982037     695064   5010.434     553622  0.000e+00
    -1.9471  27.174485     89.294 330.982040     695064   5010.434     553710  0.000e+00
    -1.9471  27.174195     89.571 330.982043     695064   5010.414     553801  0.000e+00
    -1.9471  27.174254     89.851 330.982046     695064   5010.418     553893  0.000e+00
    -1.9471  27.175301     90.098 330.982049     695063   5010.488     553974  0.000e+00
    -1.9471  27.175011     90.345 330.982052     695064   5010.469     554055  0.000e+00
    -1.9470  27.175884     90.628 330.982054     695062   5010.527     554148  0.000e+00
    -1.9470  27.175303     90.887 330.982057     695060   5010.488     554233  0.000e+00
    -1.9470  27.175362     91.125 330.982060     695062   5010.492     554311  0.000e+00
    -1.9470  27.176060     91.372 330.982063     695061   5010.539     554392  0.000e+00
    -1.9471  27.175014     91.646 330.982066     695063   5010.469     554482  0.000e+00
    -1.9471  27.175654     91.893 330.982069     695063   5010.512     554563  0.000e+00
    -1.9471  27.175830     92.124 330.982072     695063   5010.523     554639  0.000e+00
    -1.9471  27.176179     92.371 330.982075     695064   5010.547     554720  0.000e+00
    -1.9471  27.175308     92.645 330.982078     695064   5010.488     554810  0.000e+00
    -1.9471  27.176180     92.877 330.982080     695064   5010.547     554886  0.000e+00
    -1.9470  27.176879     93.102 330.982083     695060   5010.594     554960  0.000e+00
    -1.9470  27.176589     93.343 330.982086     695061   5010.574     555039  0.000e+00
    -1.9469  27.176182     93.605 330.982089     695058   5010.547     555125  0.000e+00
    -1.9469  27.177113     93.843 330.982092     695059   5010.609     555203  0.000e+00
    -1.9470  27.177870     94.089 330.982095     695061   5010.660     555284  0.000e+00
    -1.9468  27.177638     94.324 330.982098     695057   5010.645     555361  0.000e+00
    -1.9469  27.176185     94.601 330.982101     695058   5010.547     555452  0.000e+00
    -1.9470  27.178163     94.836 330.982104     695062   5010.680     555529  0.000e+00
    -1.9469  27.177407     95.080 330.982106     695059   5010.629     555609  0.000e+00
    -1.9469  27.177582     95.320 330.982109     695059   5010.641     555688  0.000e+00
    -1.9469  27.177932     95.591 330.982112     695059   5010.664     555777  0.000e+00
    -1.9470  27.177351     95.814 330.982115     695060   5010.625     555850  0.000e+00
    -1.9468  27.178166     96.033 330.982118     695056   5010.680     555922  0.000e+00
    -1.9468  27.178166     96.274 330.982121     695056   5010.680     556001  0.000e+00
    -1.9467  27.177411     96.533 330.982124     695054   5010.629     556086  0.000e+00
    -1.9468  27.178168     96.746 330.982127     695057   5010.680     556156  0.000e+00
    -1.9467  27.179273     96.962 330.982130     695054   5010.754     556227  0.000e+00
    -1.9467  27.178750     97.194 330.982133     695054   5010.719     556303  0.000e+00
    -1.9466  27.178460     97.441 330.982135     695052   5010.699     556384  0.000e+00
    -1.9467  27.178984     97.654 330.982138     695054   5010.734     556454  0.000e+00
    -1.9467  27.178752     97.870 330.982141     695054   5010.719     556525  0.000e+00
    -1.9465  27.179509     98.077 330.982144     695051   5010.770     556593  0.000e+00
    -1.9467  27.179277     98.318 330.982147     695054   5010.754     556672  0.000e+00
    -1.9464  27.178986     98.544 330.982150     695048   5010.734     556746  0.000e+00
    -1.9466  27.179510     98.751 330.982153     695052   5010.770     556814  0.000e+00
    -1.9465  27.179569     98.976 330.982156     695051   5010.773     556888  0.000e+00
    -1.9465  27.179512     99.232 330.982159     695050   5010.770     556972  0.000e+00
    -1.9464  27.179570     99.488 330.982161     695048   5010.773     557056  0.000e+00
    -1.9465  27.179804     99.729 330.982164     695049   5010.789     557135  0.000e+00
    -1.9464  27.180560     99.982 330.982167     695048   5010.840     557218  0.000e+00
    -1.9463  27.179863    100.265 330.982170     695046   5010.793     557311  0.000e+00
    -1.9463  27.180038    100.573 330.982173     695045   5010.805     557412  0.000e+00
    -1.9463  27.180156    100.941 330.982176     695046   5010.813     557533  0.000e+00
    -1.9463  27.180040    101.356 330.982179     695045   5010.805     557669  0.000e+00
    -1.9463  27.180390    101.782 330.982182     695046   5010.828     557809  0.000e+00
    -1.9463  27.180334    102.236 330.982185     695045   5010.824     557958  0.000e+00
    -1.9460  27.181091    102.696 330.982188     695039   5010.875     558109  0.000e+00
    -1.9461  27.181266    103.162 330.982190     695040   5010.887     558262  0.000e+00
    -1.9461  27.182954    103.638 330.982193     695042   5011.000     558418  0.000e+00
    -1.9460  27.181269    104.070 330.982196     695039   5010.887     558560  0.000e+00
    -1.9459  27.182724    104.515 330.982199     695036   5010.984     558706  0.000e+00
    -1.9455  27.183190    104.872 330.982202     695028   5011.016     558823  0.000e+00
    -1.9451  27.182726    105.264 330.982205     695019   5010.984     558952  0.000e+00
    -1.9450  27.182959    105.648 330.982208     695016   5011.000     559078  0.000e+00
    -1.9454  27.182960    105.974 330.982211     695025   5011.000     559185  0.000e+00
    -1.9456  27.183252    106.364 330.982214     695031   5011.020     559313  0.000e+00
    -1.9461  27.183195    106.684 330.982216     695040   5011.016     559418  0.000e+00
    -1.9461  27.183254    107.010 330.982219     695041   5011.020     559525  0.000e+00
    -1.9461  27.183487    107.385 330.982222     695041   5011.035     559648  0.000e+00
    -1.9461  27.183488    107.684 330.982225     695041   5011.035     559746  0.000e+00
    -1.9462  27.183489    108.016 330.982228     695044   5011.035     559855  0.000e+00
    -1.9461  27.184071    108.372 330.982231     695040   5011.074     559972  0.000e+00
    -1.9460  27.184537    108.662 330.982234     695039   5011.105     560067  0.000e+00
    -1.9461  27.184073    109.000 330.982237     695040   5011.074     560178  0.000e+00
    -1.9459  27.184539    109.341 330.982240     695037   5011.105     560290  0.000e+00
    -1.9461  27.184889    109.646 330.982242     695040   5011.129     560390  0.000e+00
    -1.9461  27.185122    109.969 330.982245     695040   5011.145     560496  0.000e+00
    -1.9460  27.184542    110.325 330.982248     695038   5011.105     560613  0.000e+00
    -1.9461  27.184892    110.630 330.982251     695040   5011.129     560713  0.000e+00
    -1.9459  27.185881    110.959 330.982254     695037   5011.195     560821  0.000e+00
    -1.9459  27.185766    111.312 330.982257     695037   5011.188     560937  0.000e+00
    -1.9457  27.186406    111.629 330.982260     695033   5011.230     561041  0.000e+00
    -1.9457  27.186582    111.940 330.982263     695033   5011.242     561143  0.000e+00
    -1.9454  27.186699    112.293 330.982266     695026   5011.250     561259  0.000e+00
    -1.9451  27.186700    112.619 330.982269     695018   5011.250     561366  0.000e+00
    -1.9447  27.188852    112.939 330.982271     695010   5011.395     561471  0.000e+00
    -1.9438  27.188272    113.305 330.982274     694990   5011.355     561591  0.000e+00
    -1.9433  27.187691    113.615 330.982277     694980   5011.316     561693  0.000e+00
    -1.9435  27.187982    113.929 330.982280     694983   5011.336     561796  0.000e+00
    -1.9436  27.189612    114.292 330.982283     694985   5011.445     561915  0.000e+00
    -1.9432  27.189380    114.615 330.982286     694977   5011.430     562021  0.000e+00
    -1.9428  27.190370    114.928 330.982289     694967   5011.496     562124  0.000e+00
    -1.9424  27.189672    115.276 330.982292     694960   5011.449     562238  0.000e+00
    -1.9425  27.189848    115.595 330.982295     694961   5011.461     562343  0.000e+00
    -1.9426  27.189674    115.900 330.982297     694964   5011.449     562443  0.000e+00
    -1.9424  27.191187    116.254 330.982300     694960   5011.551     562559  0.000e+00
    -1.9422  27.191188    116.580 330.982303     694954   5011.551     562666  0.000e+00
    -1.9422  27.190549    116.887 330.982306     694955   5011.508     562767  0.000e+00
    -1.9421  27.191190    117.235 330.982309     694953   5011.551     562881  0.000e+00
    -1.9423  27.190783    117.567 330.982312     694956   5011.523     562990  0.000e+00
    -1.9424  27.190668    117.871 330.982315     694959   5011.516     563090  0.000e+00
    -1.9426  27.191076    118.203 330.982318     694964   5011.543     563199  0.000e+00
    -1.9425  27.191484    118.542 330.982321     694961   5011.570     563310  0.000e+00
    -1.9426  27.191485    118.834 330.982323     694964   5011.570     563406  0.000e+00
    -1.9425  27.191660    119.166 330.982326     694962   5011.582     563515  0.000e+00
    -1.9425  27.192010    119.495 330.982329     694961   5011.605     563623  0.000e+00
    -1.9425  27.191662    119.788 330.982332     694961   5011.582     563719  0.000e+00
    -1.9426  27.191488    120.104 330.982335     694963   5011.570     563823  0.000e+00
    -1.9427  27.191954    120.458 330.982338     694965   5011.602     563939  0.000e+00
    -1.9429  27.192013    120.756 330.982341     694969   5011.605     564037  0.000e+00
    -1.9430  27.192770    121.064 330.982344     694972   5011.656     564138  0.000e+00
    -1.9429  27.192480    121.414 330.982347     694971   5011.637     564253  0.000e+00
    -1.9429  27.192539    121.716 330.982350     694969   5011.641     564352  0.000e+00
    -1.9431  27.192773    122.027 330.982352     694974   5011.656     564454  0.000e+00
    -1.9429  27.193064    122.359 330.982355     694971   5011.676     564563  0.000e+00
    -1.9429  27.192542    122.673 330.982358     694969   5011.641     564666  0.000e+00
    -1.9428  27.193357    122.983 330.982361     694968   5011.695     564768  0.000e+00
    -1.9427  27.192543    123.337 330.982364     694966   5011.641     564884  0.000e+00
    -1.9429  27.192195    123.663 330.982367     694970   5011.617     564991  0.000e+00
    -1.9433  27.194639    123.897 330.982370     694980   5011.781     565068  0.000e+00
    -1.9431  27.194756    124.156 330.982373     694975   5011.789     565153  0.000e+00
    -1.9423  27.195454    124.406 330.982376     694957   5011.836     565235  0.000e+00
    -1.9417  27.194931    124.604 330.982378     694944   5011.801     565300  0.000e+00
    -1.9414  27.193361    124.787 330.982381     694936   5011.695     565360  0.000e+00
    -1.9419  27.192257    124.951 330.982384     694948   5011.621     565414  0.000e+00
    -1.9428  27.194177    125.128 330.982387     694967   5011.750     565472  0.000e+00
    -1.9435  27.192549    125.323 330.982390     694983   5011.641     565536  0.000e+00
    -1.9444  27.193596    125.485 330.982393     695004   5011.711     565589  0.000e+00
    -1.9447  27.191735    125.628 330.982396     695009   5011.586     565636  0.000e+00
    -1.9451  27.191212    125.728 330.982399     695019   5011.551     565669  0.000e+00
    -1.9457  27.191968    125.798 330.982402     695033   5011.602     565692  0.000e+00
    -1.9462  27.192550    125.874 330.982405     695043   5011.641     565717  0.000e+00
    -1.9462  27.191678    125.945 330.982407     695044   5011.582     565740  0.000e+00
    -1.9465  27.191213    126.088 330.982410     695049   5011.551     565787  0.000e+00
    -1.9465  27.191970    126.304 330.982413     695050   5011.602     565858  0.000e+00
    -1.9463  27.192552    126.578 330.982416     695045   5011.641     565948  0.000e+00
    -1.9462  27.192262    126.776 330.982419     695044   5011.621     566013  0.000e+00
    -1.9458  27.191971    126.932 330.982422     695035   5011.602     566064  0.000e+00
    -1.9456  27.191739    127.108 330.982425     695031   5011.586     566122  0.000e+00
    -1.9457  27.192205    127.309 330.982428     695033   5011.617     566188  0.000e+00
    -1.9456  27.192554    127.474 330.982431     695031   5011.641     566242  0.000e+00
    -1.9459  27.193602    127.635 330.982433     695036   5011.711     566295  0.000e+00
    -1.9457  27.193602    127.797 330.982436     695033   5011.711     566348  0.000e+00
    -1.9457  27.194417    127.983 330.982439     695032   5011.766     566409  0.000e+00
    -1.9453  27.193894    128.235 330.982442     695024   5011.730     566492  0.000e+00
    -1.9450  27.194942    128.531 330.982445     695016   5011.801     566589  0.000e+00
    -1.9447  27.193896    128.869 330.982448     695009   5011.730     566700  0.000e+00
    -1.9444  27.196223    129.247 330.982451     695003   5011.887     566824  0.000e+00
    -1.9440  27.194945    129.655 330.982454     694995   5011.801     566958  0.000e+00
    -1.9439  27.195877    130.069 330.982457     694992   5011.863     567094  0.000e+00
    -1.9441  27.195471    130.508 330.982459     694997   5011.836     567238  0.000e+00
    -1.9441  27.196170    130.923 330.982462     694997   5011.883     567374  0.000e+00
    -1.9435  27.197043    131.297 330.982465     694984   5011.941     567497  0.000e+00
    -1.9433  27.196986    131.648 330.982468     694979   5011.938     567612  0.000e+00
    -1.9429  27.197859    131.925 330.982471     694969   5011.996     567703  0.000e+00
    -1.9426  27.197569    132.217 330.982474     694963   5011.977     567799  0.000e+00
    -1.9425  27.197860    132.482 330.982477     694962   5011.996     567886  0.000e+00
    -1.9425  27.198094    132.708 330.982480     694961   5012.012     567960  0.000e+00
    -1.9424  27.198676    132.945 330.982483     694960   5012.051     568038  0.000e+00
    -1.9422  27.198618    133.195 330.982486     694954   5012.047     568120  0.000e+00
    -1.9420  27.199492    133.427 330.982488     694950   5012.105     568196  0.000e+00
    -1.9417  27.199667    133.637 330.982491     694944   5012.117     568265  0.000e+00
    -1.9416  27.199434    133.853 330.982494     694942   5012.102     568336  0.000e+00
    -1.9414  27.199784    134.076 330.982497     694937   5012.125     568409  0.000e+00
    -1.9413  27.199145    134.319 330.982500     694935   5012.082     568489  0.000e+00
    -1.9415  27.199494    134.517 330.982503     694939   5012.105     568554  0.000e+00
    -1.9414  27.199669    134.712 330.982506     694936   5012.117     568618  0.000e+00
    -1.9413  27.200775    134.889 330.982509     694935   5012.191     568676  0.000e+00
    -1.9413  27.200659    135.099 330.982512     694935   5012.184     568745  0.000e+00
    -1.9415  27.199147    135.319 330.982514     694938   5012.082     568817  0.000e+00
    -1.9416  27.199497    135.510 330.982517     694942   5012.105     568880  0.000e+00
    -1.9420  27.199439    135.687 330.982520     694949   5012.102     568938  0.000e+00
    -1.9420  27.199789    135.867 330.982523     694951   5012.125     568997  0.000e+00
    -1.9420  27.200197    136.080 330.982526     694950   5012.152     569067  0.000e+00
    -1.9420  27.200779    136.300 330.982529     694949   5012.191     569139  0.000e+00
    -1.9420  27.199790    136.485 330.982532     694951   5012.125     569200  0.000e+00
    -1.9419  27.200780    136.668 330.982535     694947   5012.191     569260  0.000e+00
    -1.9418  27.200082    136.848 330.982538     694945   5012.145     569319  0.000e+00
    -1.9417  27.200781    137.079 330.982541     694944   5012.191     569395  0.000e+00
    -1.9417  27.200083    137.290 330.982543     694944   5012.145     569464  0.000e+00
    -1.9418  27.201305    137.478 330.982546     694945   5012.227     569526  0.000e+00
    -1.9418  27.201306    137.673 330.982549     694946   5012.227     569590  0.000e+00
