tests/resources/orca-test-data/SBE19plus/4794/4794_026_KiM.cnv
* Sea-Bird SBE19plus Data File:
* FileName = C:\Documents and Settings\stevens\Desktop\K131_2007\CTD\4794_026.hex
* Software Version 1.50
* Temperature SN =  4977
* Conductivity SN =  4977
* System UpLoad Time = Nov 26 2007 23:49:27
** K131 McMurdo SeaIce Work
** nov-dec 2007
** using chch plastic ctd
** times are local (NZ daylight savings)
# nquan = 8
# nvalues = 6647                                  
# units = specified
# name 0 = tv290C: Temperature [ITS-90, deg C]
# name 1 = c0mS/cm: Conductivity [mS/cm]
# name 2 = prdM: Pressure, Strain Gauge [db]
# name 3 = timeJ: Julian Days
# name 4 = f0: Frequency 0
# name 5 = f1: Frequency 1
# name 6 = f2: Frequency 2
# name 7 = flag:  0.000e+00
# span 0 =    -2.5833,    -1.9074                 
# span 1 =   2.659994,  27.379810                 
# span 2 =     -0.262,    358.529                 
# span 3 = 330.970590, 330.989821                 
# span 4 =     694182,     709285                 
# span 5 =   2927.055,   5024.160                 
# span 6 =     524318,     642101                 
# span 7 = 0.0000e+00, 0.0000e+00                 
# interval = seconds: 0.25
# start_time = Nov 26 2007 23:17:39 [Instrument's time stamp, header]
# bad_flag = -9.990e-29
*END*
[from data line 4854]
    -1.9099  27.326514    307.382 330.984635     694238   5020.598     625306  0.000e+00
    -1.9099  27.325466    307.601 330.984638     694237   5020.527     625378  0.000e+00
    -1.9106  27.325350    307.769 330.984641     694254   5020.520     625433  0.000e+00
    -1.9116  27.323602    307.882 330.984644     694276   5020.402     625470  0.000e+00
    -1.9130  27.323602    308.040 330.984647     694306   5020.402     625522  0.000e+00
    -1.9144  27.323661    308.226 330.984650     694338   5020.406     625583  0.000e+00
    -1.9149  27.324128    308.412 330.984653     694349   5020.438     625644  0.000e+00
    -1.9151  27.324128    308.585 330.984656     694352   5020.438     625701  0.000e+00
    -1.9152  27.323138    308.753 330.984659     694356   5020.371     625756  0.000e+00
    -1.9161  27.323314    308.926 330.984661     694375   5020.383     625813  0.000e+00
    -1.9167  27.320576    309.133 330.984664     694388   5020.199     625881  0.000e+00
    -1.9180  27.320926    309.359 330.984667     694417   5020.223     625955  0.000e+00
    -1.9189  27.321218    309.554 330.984670     694437   5020.242     626019  0.000e+00
    -1.9196  27.321452    309.745 330.984673     694452   5020.258     626082  0.000e+00
    -1.9201  27.320928    309.974 330.984676     694464   5020.223     626157  0.000e+00
    -1.9206  27.319472    310.211 330.984679     694474   5020.125     626235  0.000e+00
    -1.9215  27.319065    310.382 330.984682     694495   5020.098     626291  0.000e+00
    -1.9224  27.319648    310.516 330.984685     694515   5020.137     626335  0.000e+00
    -1.9228  27.320289    310.632 330.984688     694524   5020.180     626373  0.000e+00
    -1.9228  27.319357    310.717 330.984690     694524   5020.117     626401  0.000e+00
    -1.9227  27.319474    310.799 330.984693     694521   5020.125     626428  0.000e+00
    -1.9226  27.320173    310.976 330.984696     694520   5020.172     626486  0.000e+00
    -1.9227  27.321747    311.229 330.984699     694521   5020.277     626569  0.000e+00
    -1.9223  27.321981    311.414 330.984702     694513   5020.293     626630  0.000e+00
    -1.9213  27.321457    311.594 330.984705     694491   5020.258     626689  0.000e+00
    -1.9209  27.321749    311.877 330.984708     694481   5020.277     626782  0.000e+00
    -1.9212  27.321983    312.218 330.984711     694488   5020.293     626894  0.000e+00
    -1.9215  27.320701    312.489 330.984714     694496   5020.207     626983  0.000e+00
    -1.9218  27.323149    312.690 330.984716     694501   5020.371     627049  0.000e+00
    -1.9212  27.324140    312.888 330.984719     694488   5020.438     627114  0.000e+00
    -1.9202  27.324956    313.059 330.984722     694467   5020.492     627170  0.000e+00
    -1.9197  27.324549    313.178 330.984725     694455   5020.465     627209  0.000e+00
    -1.9193  27.324666    313.284 330.984728     694446   5020.473     627244  0.000e+00
    -1.9190  27.325365    313.397 330.984731     694440   5020.520     627281  0.000e+00
    -1.9192  27.324958    313.525 330.984734     694443   5020.492     627323  0.000e+00
    -1.9191  27.325715    313.665 330.984737     694442   5020.543     627369  0.000e+00
    -1.9191  27.325366    313.802 330.984740     694442   5020.520     627414  0.000e+00
    -1.9192  27.324667    313.899 330.984742     694445   5020.473     627446  0.000e+00
    -1.9193  27.325367    313.973 330.984745     694447   5020.520     627470  0.000e+00
    -1.9193  27.325192    314.064 330.984748     694446   5020.508     627500  0.000e+00
    -1.9195  27.325717    314.170 330.984751     694451   5020.543     627535  0.000e+00
    -1.9194  27.325367    314.250 330.984754     694448   5020.520     627561  0.000e+00
    -1.9194  27.326533    314.335 330.984757     694448   5020.598     627589  0.000e+00
    -1.9192  27.326300    314.493 330.984760     694444   5020.582     627641  0.000e+00
    -1.9193  27.325951    314.658 330.984763     694446   5020.559     627695  0.000e+00
    -1.9192  27.325194    314.798 330.984766     694443   5020.508     627741  0.000e+00
    -1.9193  27.325369    314.950 330.984769     694447   5020.520     627791  0.000e+00
    -1.9196  27.325486    315.172 330.984771     694453   5020.527     627864  0.000e+00
    -1.9197  27.326303    315.401 330.984774     694454   5020.582     627939  0.000e+00
    -1.9198  27.326770    315.663 330.984777     694457   5020.613     628025  0.000e+00
    -1.9199  27.327353    315.983 330.984780     694460   5020.652     628130  0.000e+00
    -1.9199  27.326771    316.296 330.984783     694459   5020.613     628233  0.000e+00
    -1.9199  27.327063    316.598 330.984786     694460   5020.633     628332  0.000e+00
    -1.9202  27.327355    316.841 330.984789     694466   5020.652     628412  0.000e+00
    -1.9202  27.326773    317.024 330.984792     694467   5020.613     628472  0.000e+00
    -1.9204  27.326832    317.228 330.984795     694470   5020.617     628539  0.000e+00
    -1.9204  27.327357    317.453 330.984797     694470   5020.652     628613  0.000e+00
    -1.9205  27.327066    317.588 330.984800     694472   5020.633     628657  0.000e+00
    -1.9204  27.327358    317.718 330.984803     694471   5020.652     628700  0.000e+00
    -1.9205  27.327358    317.865 330.984806     694473   5020.652     628748  0.000e+00
    -1.9204  27.326543    318.029 330.984809     694471   5020.598     628802  0.000e+00
    -1.9204  27.327592    318.200 330.984812     694470   5020.668     628858  0.000e+00
    -1.9204  27.327651    318.376 330.984815     694471   5020.672     628916  0.000e+00
    -1.9209  27.326835    318.507 330.984818     694481   5020.617     628959  0.000e+00
    -1.9211  27.326544    318.623 330.984821     694486   5020.598     628997  0.000e+00
    -1.9213  27.325729    318.778 330.984823     694490   5020.543     629048  0.000e+00
    -1.9216  27.326837    318.955 330.984826     694498   5020.617     629106  0.000e+00
    -1.9217  27.326546    319.147 330.984829     694499   5020.598     629169  0.000e+00
    -1.9219  27.326838    319.348 330.984832     694503   5020.617     629235  0.000e+00
    -1.9222  27.326547    319.509 330.984835     694510   5020.598     629288  0.000e+00
    -1.9222  27.326314    319.671 330.984838     694510   5020.582     629341  0.000e+00
    -1.9225  27.326023    319.869 330.984841     694517   5020.563     629406  0.000e+00
    -1.9226  27.326257    320.091 330.984844     694519   5020.578     629479  0.000e+00
    -1.9226  27.327073    320.274 330.984847     694520   5020.633     629539  0.000e+00
    -1.9225  27.326782    320.444 330.984850     694518   5020.613     629595  0.000e+00
    -1.9225  27.326841    320.624 330.984852     694518   5020.617     629654  0.000e+00
    -1.9225  27.327075    320.846 330.984855     694517   5020.633     629727  0.000e+00
    -1.9226  27.327658    321.071 330.984858     694520   5020.672     629801  0.000e+00
    -1.9225  27.327892    321.254 330.984861     694517   5020.688     629861  0.000e+00
    -1.9223  27.328125    321.431 330.984864     694512   5020.703     629919  0.000e+00
    -1.9221  27.328475    321.656 330.984867     694508   5020.727     629993  0.000e+00
    -1.9218  27.328418    321.894 330.984870     694502   5020.723     630071  0.000e+00
    -1.9217  27.328768    322.098 330.984873     694500   5020.746     630138  0.000e+00
    -1.9217  27.329234    322.284 330.984876     694499   5020.777     630199  0.000e+00
    -1.9216  27.329235    322.494 330.984878     694497   5020.777     630268  0.000e+00
    -1.9216  27.329061    322.734 330.984881     694498   5020.766     630347  0.000e+00
    -1.9216  27.328712    322.947 330.984884     694498   5020.742     630417  0.000e+00
    -1.9217  27.329062    323.124 330.984887     694500   5020.766     630475  0.000e+00
    -1.9220  27.328713    323.328 330.984890     694507   5020.742     630542  0.000e+00
    -1.9221  27.328947    323.560 330.984893     694509   5020.758     630618  0.000e+00
    -1.9222  27.328772    323.779 330.984896     694511   5020.746     630690  0.000e+00
    -1.9223  27.329239    323.952 330.984899     694512   5020.777     630747  0.000e+00
    -1.9222  27.328948    324.138 330.984902     694511   5020.758     630808  0.000e+00
    -1.9224  27.329357    324.354 330.984905     694515   5020.785     630879  0.000e+00
    -1.9224  27.329241    324.577 330.984907     694515   5020.777     630952  0.000e+00
    -1.9227  27.328484    324.756 330.984910     694521   5020.727     631011  0.000e+00
    -1.9229  27.329475    324.924 330.984913     694527   5020.793     631066  0.000e+00
    -1.9229  27.329766    325.119 330.984916     694527   5020.813     631130  0.000e+00
    -1.9231  27.329884    325.335 330.984919     694530   5020.820     631201  0.000e+00
    -1.9231  27.329768    325.512 330.984922     694530   5020.813     631259  0.000e+00
    -1.9233  27.329651    325.655 330.984925     694534   5020.805     631306  0.000e+00
    -1.9233  27.329477    325.813 330.984928     694535   5020.793     631358  0.000e+00
    -1.9233  27.329769    326.011 330.984931     694535   5020.813     631423  0.000e+00
    -1.9234  27.329361    326.212 330.984933     694538   5020.785     631489  0.000e+00
    -1.9235  27.329770    326.395 330.984936     694540   5020.813     631549  0.000e+00
    -1.9236  27.329654    326.547 330.984939     694542   5020.805     631599  0.000e+00
    -1.9235  27.329771    326.718 330.984942     694540   5020.813     631655  0.000e+00
    -1.9237  27.330004    326.903 330.984945     694543   5020.828     631716  0.000e+00
    -1.9237  27.329888    327.104 330.984948     694543   5020.820     631782  0.000e+00
    -1.9237  27.330005    327.278 330.984951     694543   5020.828     631839  0.000e+00
    -1.9236  27.330297    327.430 330.984954     694542   5020.848     631889  0.000e+00
    -1.9235  27.330181    327.589 330.984957     694540   5020.840     631941  0.000e+00
    -1.9235  27.330531    327.762 330.984959     694540   5020.863     631998  0.000e+00
    -1.9236  27.330765    327.954 330.984962     694541   5020.879     632061  0.000e+00
    -1.9235  27.330299    328.115 330.984965     694540   5020.848     632114  0.000e+00
    -1.9237  27.331348    328.240 330.984968     694543   5020.918     632155  0.000e+00
    -1.9238  27.331582    328.390 330.984971     694545   5020.934     632204  0.000e+00
    -1.9237  27.331116    328.569 330.984974     694543   5020.902     632263  0.000e+00
    -1.9238  27.330475    328.758 330.984977     694546   5020.859     632325  0.000e+00
    -1.9238  27.331350    328.947 330.984980     694546   5020.918     632387  0.000e+00
    -1.9237  27.331875    329.090 330.984983     694543   5020.953     632434  0.000e+00
    -1.9239  27.331875    329.230 330.984986     694548   5020.953     632480  0.000e+00
    -1.9238  27.331643    329.391 330.984988     694545   5020.938     632533  0.000e+00
    -1.9238  27.331585    329.586 330.984991     694545   5020.934     632597  0.000e+00
    -1.9238  27.331877    329.778 330.984994     694546   5020.953     632660  0.000e+00
    -1.9238  27.331877    329.937 330.984997     694545   5020.953     632712  0.000e+00
    -1.9238  27.332169    330.068 330.985000     694546   5020.973     632755  0.000e+00
    -1.9238  27.332927    330.235 330.985003     694546   5021.023     632810  0.000e+00
    -1.9236  27.332403    330.421 330.985006     694541   5020.988     632871  0.000e+00
    -1.9236  27.333860    330.613 330.985009     694542   5021.086     632934  0.000e+00
    -1.9235  27.334560    330.777 330.985012     694539   5021.133     632988  0.000e+00
    -1.9234  27.334444    330.917 330.985014     694537   5021.125     633034  0.000e+00
    -1.9233  27.335085    331.069 330.985017     694535   5021.168     633084  0.000e+00
    -1.9231  27.334794    331.255 330.985020     694530   5021.148     633145  0.000e+00
    -1.9233  27.334445    331.450 330.985023     694534   5021.125     633209  0.000e+00
    -1.9230  27.335611    331.624 330.985026     694529   5021.203     633266  0.000e+00
    -1.9230  27.335553    331.755 330.985029     694528   5021.199     633309  0.000e+00
    -1.9229  27.335903    331.907 330.985032     694527   5021.223     633359  0.000e+00
    -1.9229  27.336661    332.096 330.985035     694525   5021.273     633421  0.000e+00
    -1.9228  27.337245    332.285 330.985038     694523   5021.313     633483  0.000e+00
    -1.9225  27.338003    332.458 330.985041     694517   5021.363     633540  0.000e+00
    -1.9223  27.339052    332.601 330.985043     694513   5021.434     633587  0.000e+00
    -1.9222  27.339227    332.760 330.985046     694510   5021.445     633639  0.000e+00
    -1.9221  27.339344    332.930 330.985049     694508   5021.453     633695  0.000e+00
    -1.9221  27.338645    333.116 330.985052     694508   5021.406     633756  0.000e+00
    -1.9221  27.339345    333.293 330.985055     694509   5021.453     633814  0.000e+00
    -1.9219  27.339346    333.430 330.985058     694505   5021.453     633859  0.000e+00
    -1.9220  27.338647    333.567 330.985061     694507   5021.406     633904  0.000e+00
    -1.9221  27.339580    333.734 330.985064     694508   5021.469     633959  0.000e+00
    -1.9221  27.339755    333.923 330.985067     694508   5021.480     634021  0.000e+00
    -1.9221  27.340396    334.100 330.985069     694509   5021.523     634079  0.000e+00
    -1.9218  27.341213    334.243 330.985072     694502   5021.578     634126  0.000e+00
    -1.9219  27.340047    334.377 330.985075     694503   5021.500     634170  0.000e+00
    -1.9218  27.340922    334.535 330.985078     694502   5021.559     634222  0.000e+00
    -1.9218  27.340689    334.712 330.985081     694502   5021.543     634280  0.000e+00
    -1.9218  27.342030    334.888 330.985084     694501   5021.633     634338  0.000e+00
    -1.9218  27.341448    335.041 330.985087     694501   5021.594     634388  0.000e+00
    -1.9217  27.341740    335.162 330.985090     694499   5021.613     634428  0.000e+00
    -1.9217  27.341740    335.299 330.985093     694500   5021.613     634473  0.000e+00
    -1.9218  27.341741    335.467 330.985095     694501   5021.613     634528  0.000e+00
    -1.9217  27.341216    335.634 330.985098     694500   5021.578     634583  0.000e+00
    -1.9218  27.342266    335.799 330.985101     694501   5021.648     634637  0.000e+00
    -1.9219  27.342325    335.915 330.985104     694504   5021.652     634675  0.000e+00
    -1.9218  27.342558    336.018 330.985107     694502   5021.668     634709  0.000e+00
    -1.9219  27.341742    336.146 330.985110     694505   5021.613     634751  0.000e+00
    -1.9219  27.341743    336.280 330.985113     694503   5021.613     634795  0.000e+00
    -1.9220  27.342268    336.441 330.985116     694506   5021.648     634848  0.000e+00
    -1.9218  27.342793    336.606 330.985119     694501   5021.684     634902  0.000e+00
    -1.9219  27.342035    336.728 330.985122     694503   5021.633     634942  0.000e+00
    -1.9218  27.343085    336.837 330.985124     694501   5021.703     634978  0.000e+00
    -1.9218  27.342910    336.993 330.985127     694502   5021.691     635029  0.000e+00
    -1.9217  27.343085    337.166 330.985130     694500   5021.703     635086  0.000e+00
    -1.9216  27.342795    337.355 330.985133     694498   5021.684     635148  0.000e+00
    -1.9215  27.344835    337.529 330.985136     694496   5021.820     635205  0.000e+00
    -1.9216  27.343611    337.666 330.985139     694497   5021.738     635250  0.000e+00
    -1.9215  27.344311    337.818 330.985142     694496   5021.785     635300  0.000e+00
    -1.9213  27.345477    338.022 330.985145     694491   5021.863     635367  0.000e+00
    -1.9210  27.346527    338.235 330.985148     694485   5021.934     635437  0.000e+00
    -1.9208  27.345420    338.400 330.985150     694480   5021.859     635491  0.000e+00
