tests/resources/orca-test-data/SBE19plus/4794/4794_030_KiM.cnv
* Sea-Bird SBE19plus Data File:
* FileName = C:\Documents and Settings\stevens\Desktop\K131_2007\CTD\4794_030.hex
* Software Version 1.50
* Temperature SN =  4977
* Conductivity SN =  4977
* System UpLoad Time = Nov 27 2007 02:41:37
** K131 McMurdo SeaIce Work
** nov-dec 2007
** using chch plastic ctd
** times are local (NZ daylight savings)
# nquan = 8
# nvalues = 6849                                  
# units = specified
# name 0 = tv290C: Temperature [ITS-90, deg C]
# name 1 = c0mS/cm: Conductivity [mS/cm]
# name 2 = prdM: Pressure, Strain Gauge [db]
# name 3 = timeJ: Julian Days
# name 4 = f0: Frequency 0
# name 5 = f1: Frequency 1
# name 6 = f2: Frequency 2
# name 7 = flag:  0.000e+00
# span 0 =    -6.8652,    -1.9076                 
# span 1 =   0.000259,  27.378238                 
# span 2 =     -0.268,    359.689                 
# span 3 = 331.089907, 331.109722                 
# span 4 =     694187,     809751                 
# span 5 =   2602.055,   5024.055                 
# span 6 =     524316,     642482                 
# span 7 = 0.0000e+00, 0.0000e+00                 
# interval = seconds: 0.25
# start_time = Nov 27 2007 02:09:28 [Instrument's time stamp, header]
# bad_flag = -9.990e-29
*END*
[from data line 5753]
    -1.9219  27.331341    325.518 331.106554     694504   5020.918     631261  0.000e+00
    -1.9219  27.330815    325.167 331.106557     694504   5020.883     631146  0.000e+00
    -1.9219  27.330756    324.817 331.106560     694505   5020.879     631031  0.000e+00
    -1.9220  27.331105    324.473 331.106563     694507   5020.902     630918  0.000e+00
    -1.9221  27.330813    324.111 331.106565     694508   5020.883     630799  0.000e+00
    -1.9221  27.330754    323.760 331.106568     694508   5020.879     630684  0.000e+00
    -1.9221  27.330286    323.398 331.106571     694509   5020.848     630565  0.000e+00
    -1.9221  27.329878    323.045 331.106574     694509   5020.820     630449  0.000e+00
    -1.9221  27.329469    322.682 331.106577     694509   5020.793     630330  0.000e+00
    -1.9221  27.329468    322.320 331.106580     694509   5020.793     630211  0.000e+00
    -1.9222  27.330166    321.964 331.106583     694510   5020.840     630094  0.000e+00
    -1.9221  27.328708    321.598 331.106586     694508   5020.742     629974  0.000e+00
    -1.9222  27.328474    321.236 331.106589     694511   5020.727     629855  0.000e+00
    -1.9222  27.328939    320.870 331.106591     694510   5020.758     629735  0.000e+00
    -1.9222  27.328705    320.511 331.106594     694511   5020.742     629617  0.000e+00
    -1.9220  27.328471    320.152 331.106597     694507   5020.727     629499  0.000e+00
    -1.9221  27.328412    319.795 331.106600     694508   5020.723     629382  0.000e+00
    -1.9220  27.328761    319.442 331.106603     694506   5020.746     629266  0.000e+00
    -1.9218  27.328410    319.092 331.106606     694501   5020.723     629151  0.000e+00
    -1.9215  27.328934    318.729 331.106609     694496   5020.758     629032  0.000e+00
    -1.9213  27.328758    318.367 331.106612     694490   5020.746     628913  0.000e+00
    -1.9209  27.328932    318.011 331.106615     694482   5020.758     628796  0.000e+00
    -1.9205  27.329747    317.639 331.106617     694473   5020.813     628674  0.000e+00
    -1.9197  27.329629    317.274 331.106620     694455   5020.805     628554  0.000e+00
    -1.9191  27.330269    316.911 331.106623     694441   5020.848     628435  0.000e+00
    -1.9182  27.330734    316.534 331.106626     694421   5020.879     628311  0.000e+00
    -1.9175  27.331840    316.171 331.106629     694406   5020.953     628192  0.000e+00
    -1.9167  27.331839    315.812 331.106632     694389   5020.953     628074  0.000e+00
    -1.9159  27.331838    315.443 331.106635     694370   5020.953     627953  0.000e+00
    -1.9149  27.332886    315.072 331.106638     694349   5021.023     627831  0.000e+00
    -1.9141  27.333235    314.712 331.106641     694331   5021.047     627713  0.000e+00
    -1.9133  27.333467    314.338 331.106644     694313   5021.063     627590  0.000e+00
    -1.9127  27.334224    313.969 331.106646     694300   5021.113     627469  0.000e+00
    -1.9120  27.334397    313.592 331.106649     694285   5021.125     627345  0.000e+00
    -1.9115  27.333988    313.220 331.106652     694273   5021.098     627223  0.000e+00
    -1.9111  27.334687    312.852 331.106655     694265   5021.145     627102  0.000e+00
    -1.9108  27.334220    312.474 331.106658     694257   5021.113     626978  0.000e+00
    -1.9105  27.334219    312.105 331.106661     694252   5021.113     626857  0.000e+00
    -1.9104  27.334101    311.746 331.106664     694248   5021.105     626739  0.000e+00
    -1.9101  27.333692    311.372 331.106667     694241   5021.078     626616  0.000e+00
    -1.9098  27.334216    310.994 331.106670     694236   5021.113     626492  0.000e+00
    -1.9094  27.334914    310.644 331.106672     694227   5021.160     626377  0.000e+00
    -1.9090  27.334738    310.281 331.106675     694217   5021.148     626258  0.000e+00
    -1.9084  27.334912    309.922 331.106678     694205   5021.160     626140  0.000e+00
    -1.9080  27.334736    309.562 331.106681     694196   5021.148     626022  0.000e+00
    -1.9079  27.331821    309.209 331.106684     694194   5020.953     625906  0.000e+00
    -1.9084  27.331296    308.841 331.106687     694205   5020.918     625785  0.000e+00
    -1.9092  27.330479    308.475 331.106690     694223   5020.863     625665  0.000e+00
    -1.9101  27.329837    308.119 331.106693     694242   5020.820     625548  0.000e+00
    -1.9109  27.328671    307.757 331.106696     694260   5020.742     625429  0.000e+00
    -1.9115  27.327563    307.391 331.106698     694273   5020.668     625309  0.000e+00
    -1.9123  27.326746    307.023 331.106701     694291   5020.613     625188  0.000e+00
    -1.9132  27.325988    306.657 331.106704     694311   5020.563     625068  0.000e+00
    -1.9140  27.325463    306.295 331.106707     694328   5020.527     624949  0.000e+00
    -1.9146  27.324529    305.932 331.106710     694341   5020.465     624830  0.000e+00
    -1.9152  27.324412    305.567 331.106713     694355   5020.457     624710  0.000e+00
    -1.9156  27.323945    305.210 331.106716     694365   5020.426     624593  0.000e+00
    -1.9160  27.323303    304.848 331.106719     694372   5020.383     624474  0.000e+00
    -1.9163  27.322778    304.480 331.106722     694380   5020.348     624353  0.000e+00
    -1.9165  27.321670    304.114 331.106725     694385   5020.273     624233  0.000e+00
    -1.9170  27.320911    303.764 331.106727     694395   5020.223     624118  0.000e+00
    -1.9171  27.321143    303.405 331.106730     694397   5020.238     624000  0.000e+00
    -1.9175  27.320385    303.039 331.106733     694407   5020.188     623880  0.000e+00
    -1.9174  27.320384    302.692 331.106736     694405   5020.188     623766  0.000e+00
    -1.9173  27.320849    302.332 331.106739     694402   5020.219     623648  0.000e+00
    -1.9174  27.320149    301.970 331.106742     694403   5020.172     623529  0.000e+00
    -1.9171  27.319449    301.608 331.106745     694397   5020.125     623410  0.000e+00
    -1.9170  27.320672    301.245 331.106748     694396   5020.207     623291  0.000e+00
    -1.9170  27.318806    300.874 331.106751     694396   5020.082     623169  0.000e+00
    -1.9170  27.319155    300.505 331.106753     694396   5020.105     623048  0.000e+00
    -1.9174  27.318513    300.137 331.106756     694403   5020.063     622927  0.000e+00
    -1.9176  27.317988    299.777 331.106759     694409   5020.027     622809  0.000e+00
    -1.9179  27.317171    299.406 331.106762     694416   5019.973     622687  0.000e+00
    -1.9184  27.316413    299.052 331.106765     694427   5019.922     622571  0.000e+00
    -1.9186  27.316354    298.696 331.106768     694430   5019.918     622454  0.000e+00
    -1.9189  27.316935    298.325 331.106771     694437   5019.957     622332  0.000e+00
    -1.9190  27.315594    297.965 331.106774     694439   5019.867     622214  0.000e+00
    -1.9189  27.315477    297.597 331.106777     694438   5019.859     622093  0.000e+00
    -1.9190  27.315068    297.222 331.106780     694439   5019.832     621970  0.000e+00
    -1.9191  27.314368    296.860 331.106782     694442   5019.785     621851  0.000e+00
    -1.9192  27.313202    296.503 331.106785     694444   5019.707     621734  0.000e+00
    -1.9197  27.312676    296.135 331.106788     694454   5019.672     621613  0.000e+00
    -1.9203  27.312967    295.757 331.106791     694469   5019.691     621489  0.000e+00
    -1.9206  27.312150    295.389 331.106794     694474   5019.637     621368  0.000e+00
    -1.9209  27.311275    295.020 331.106797     694481   5019.578     621247  0.000e+00
    -1.9213  27.311333    294.649 331.106800     694490   5019.582     621125  0.000e+00
    -1.9215  27.310050    294.277 331.106803     694496   5019.496     621003  0.000e+00
    -1.9221  27.308185    293.902 331.106806     694509   5019.371     620880  0.000e+00
    -1.9230  27.307077    293.534 331.106808     694529   5019.297     620759  0.000e+00
    -1.9242  27.305096    293.156 331.106811     694556   5019.164     620635  0.000e+00
    -1.9255  27.304454    292.773 331.106814     694584   5019.121     620509  0.000e+00
    -1.9266  27.303113    292.398 331.106817     694608   5019.031     620386  0.000e+00
    -1.9276  27.302297    292.008 331.106820     694630   5018.977     620258  0.000e+00
    -1.9285  27.302587    291.624 331.106823     694651   5018.996     620132  0.000e+00
    -1.9291  27.302004    291.241 331.106826     694663   5018.957     620006  0.000e+00
    -1.9296  27.300721    290.848 331.106829     694674   5018.871     619877  0.000e+00
    -1.9297  27.301536    290.455 331.106832     694678   5018.926     619748  0.000e+00
    -1.9300  27.300603    290.056 331.106834     694684   5018.863     619617  0.000e+00
    -1.9301  27.300194    289.648 331.106837     694685   5018.836     619483  0.000e+00
    -1.9298  27.301125    289.252 331.106840     694679   5018.898     619353  0.000e+00
    -1.9294  27.300716    288.859 331.106843     694671   5018.871     619224  0.000e+00
    -1.9292  27.301239    288.451 331.106846     694665   5018.906     619090  0.000e+00
    -1.9288  27.300597    288.101 331.106849     694656   5018.863     618975  0.000e+00
    -1.9286  27.300713    287.790 331.106852     694652   5018.871     618873  0.000e+00
    -1.9286  27.299664    287.449 331.106855     694653   5018.801     618761  0.000e+00
    -1.9290  27.297741    287.056 331.106858     694662   5018.672     618632  0.000e+00
    -1.9300  27.297274    286.669 331.106861     694684   5018.641     618505  0.000e+00
    -1.9308  27.296050    286.298 331.106863     694702   5018.559     618383  0.000e+00
    -1.9317  27.295117    285.932 331.106866     694721   5018.496     618263  0.000e+00
    -1.9321  27.295116    285.548 331.106869     694730   5018.496     618137  0.000e+00
    -1.9324  27.294416    285.171 331.106872     694738   5018.449     618013  0.000e+00
    -1.9329  27.293541    284.796 331.106875     694748   5018.391     617890  0.000e+00
    -1.9332  27.293831    284.418 331.106878     694755   5018.410     617766  0.000e+00
    -1.9335  27.293539    284.041 331.106881     694761   5018.391     617642  0.000e+00
    -1.9337  27.292723    283.660 331.106884     694765   5018.336     617517  0.000e+00
    -1.9339  27.293537    283.292 331.106887     694770   5018.391     617396  0.000e+00
    -1.9341  27.293012    282.920 331.106889     694774   5018.355     617274  0.000e+00
    -1.9339  27.293244    282.548 331.106892     694771   5018.371     617152  0.000e+00
    -1.9337  27.293534    282.174 331.106895     694765   5018.391     617029  0.000e+00
    -1.9331  27.293533    281.799 331.106898     694752   5018.391     616906  0.000e+00
    -1.9327  27.294115    281.428 331.106901     694743   5018.430     616784  0.000e+00
    -1.9321  27.294056    281.053 331.106904     694731   5018.426     616661  0.000e+00
    -1.9318  27.293822    280.675 331.106907     694724   5018.410     616537  0.000e+00
    -1.9315  27.294054    280.301 331.106910     694717   5018.426     616414  0.000e+00
    -1.9311  27.294053    279.926 331.106913     694709   5018.426     616291  0.000e+00
    -1.9305  27.294401    279.542 331.106916     694695   5018.449     616165  0.000e+00
    -1.9300  27.295390    279.168 331.106918     694684   5018.516     616042  0.000e+00
    -1.9293  27.295214    278.790 331.106921     694668   5018.504     615918  0.000e+00
    -1.9289  27.295097    278.419 331.106924     694659   5018.496     615796  0.000e+00
    -1.9282  27.295387    278.047 331.106927     694644   5018.516     615674  0.000e+00
    -1.9277  27.295794    277.678 331.106930     694632   5018.543     615553  0.000e+00
    -1.9271  27.295676    277.304 331.106933     694619   5018.535     615430  0.000e+00
    -1.9267  27.294627    276.932 331.106936     694611   5018.465     615308  0.000e+00
    -1.9265  27.295092    276.561 331.106939     694607   5018.496     615186  0.000e+00
    -1.9264  27.294334    276.183 331.106942     694604   5018.445     615062  0.000e+00
    -1.9264  27.294100    275.793 331.106944     694604   5018.430     614934  0.000e+00
    -1.9267  27.293516    275.425 331.106947     694610   5018.391     614813  0.000e+00
    -1.9269  27.292700    275.035 331.106950     694615   5018.336     614685  0.000e+00
    -1.9274  27.291650    274.657 331.106953     694626   5018.266     614561  0.000e+00
    -1.9278  27.291649    274.270 331.106956     694634   5018.266     614434  0.000e+00
    -1.9280  27.291241    273.890 331.106959     694640   5018.238     614309  0.000e+00
    -1.9285  27.290599    273.509 331.106962     694650   5018.195     614184  0.000e+00
    -1.9289  27.290715    273.125 331.106965     694659   5018.203     614058  0.000e+00
    -1.9292  27.289025    272.735 331.106968     694667   5018.090     613930  0.000e+00
    -1.9295  27.289024    272.349 331.106970     694673   5018.090     613803  0.000e+00
    -1.9300  27.288732    271.983 331.106973     694683   5018.070     613683  0.000e+00
    -1.9306  27.288498    271.608 331.106976     694696   5018.055     613560  0.000e+00
    -1.9308  27.287914    271.228 331.106979     694702   5018.016     613435  0.000e+00
    -1.9314  27.286865    270.847 331.106982     694715   5017.945     613310  0.000e+00
    -1.9316  27.286340    270.472 331.106985     694719   5017.910     613187  0.000e+00
    -1.9318  27.285640    270.095 331.106988     694723   5017.863     613063  0.000e+00
    -1.9321  27.285814    269.720 331.106991     694731   5017.875     612940  0.000e+00
    -1.9324  27.285638    269.336 331.106994     694738   5017.863     612814  0.000e+00
    -1.9326  27.284472    268.965 331.106997     694742   5017.785     612692  0.000e+00
    -1.9329  27.284763    268.587 331.106999     694749   5017.805     612568  0.000e+00
    -1.9332  27.283655    268.212 331.107002     694754   5017.730     612445  0.000e+00
    -1.9335  27.283421    267.829 331.107005     694762   5017.715     612319  0.000e+00
    -1.9338  27.282838    267.451 331.107008     694767   5017.676     612195  0.000e+00
    -1.9341  27.282895    267.083 331.107011     694775   5017.680     612074  0.000e+00
    -1.9345  27.281846    266.702 331.107014     694783   5017.609     611949  0.000e+00
    -1.9348  27.280855    266.333 331.107017     694790   5017.543     611828  0.000e+00
    -1.9352  27.280738    265.953 331.107020     694799   5017.535     611703  0.000e+00
    -1.9354  27.281144    265.578 331.107023     694803   5017.563     611580  0.000e+00
    -1.9357  27.280503    265.203 331.107025     694810   5017.520     611457  0.000e+00
    -1.9360  27.279687    264.838 331.107028     694816   5017.465     611337  0.000e+00
    -1.9364  27.279162    264.478 331.107031     694825   5017.430     611219  0.000e+00
    -1.9366  27.278404    264.116 331.107034     694830   5017.379     611100  0.000e+00
    -1.9369  27.277180    263.751 331.107037     694836   5017.297     610980  0.000e+00
    -1.9370  27.277587    263.382 331.107040     694839   5017.324     610859  0.000e+00
    -1.9374  27.277819    263.013 331.107043     694849   5017.340     610738  0.000e+00
    -1.9374  27.277468    262.645 331.107046     694849   5017.316     610617  0.000e+00
    -1.9378  27.276768    262.267 331.107049     694856   5017.270     610493  0.000e+00
    -1.9378  27.276651    261.893 331.107052     694857   5017.262     610370  0.000e+00
    -1.9377  27.277291    261.521 331.107054     694855   5017.305     610248  0.000e+00
    -1.9376  27.276533    261.156 331.107057     694852   5017.254     610128  0.000e+00
    -1.9376  27.276066    260.784 331.107060     694852   5017.223     610006  0.000e+00
    -1.9374  27.277055    260.412 331.107063     694847   5017.289     609884  0.000e+00
    -1.9370  27.276355    260.035 331.107066     694840   5017.242     609760  0.000e+00
    -1.9368  27.276237    259.663 331.107069     694835   5017.234     609638  0.000e+00
