tests/resources/orca-test-data/SBE19plus/4794/4794_037_KiM.cnv
* Sea-Bird SBE19plus Data File:
* FileName = C:\Documents and Settings\stevens\Desktop\K131_2007\CTD\4794_037.hex
* Software Version 1.50
* Temperature SN =  4977
* Conductivity SN =  4977
* System UpLoad Time = Nov 27 2007 10:06:15
** K131 McMurdo SeaIce Work
** nov-dec 2007
** using chch plastic ctd
** times are local (NZ daylight savings)
# nquan = 8
# nvalues = 8645                                  
# units = specified
# name 0 = tv290C: Temperature [ITS-90, deg C]
# name 1 = c0mS/cm: Conductivity [mS/cm]
# name 2 = prdM: Pressure, Strain Gauge [db]
# name 3 = timeJ: Julian Days
# name 4 = f0: Frequency 0
# name 5 = f1: Frequency 1
# name 6 = f2: Frequency 2
# name 7 = flag:  0.000e+00
# span 0 =    -2.3422,    -1.9093                 
# span 1 =  -0.000493,  27.356701                 
# span 2 =     -0.280,    354.692                 
# span 3 = 331.392639, 331.417650                 
# span 4 =     694224,     703873                 
# span 5 =   2601.957,   5022.613                 
# span 6 =     524312,     640841                 
# span 7 = 0.0000e+00, 0.0000e+00                 
# interval = seconds: 0.25
# start_time = Nov 27 2007 09:25:24 [Instrument's time stamp, header]
# bad_flag = -9.990e-29
*END*
[from data line 2517]
    -1.9160  27.352684    352.533 331.399922     694373   5022.344     640132  0.000e+00
    -1.9161  27.352218    352.529 331.399925     694375   5022.313     640131  0.000e+00
    -1.9160  27.352684    352.530 331.399928     694373   5022.344     640131  0.000e+00
    -1.9161  27.352684    352.526 331.399931     694375   5022.344     640130  0.000e+00
    -1.9161  27.351927    352.523 331.399933     694375   5022.293     640129  0.000e+00
    -1.9160  27.352976    352.523 331.399936     694374   5022.363     640129  0.000e+00
    -1.9161  27.352510    352.517 331.399939     694375   5022.332     640127  0.000e+00
    -1.9160  27.352976    352.511 331.399942     694373   5022.363     640125  0.000e+00
    -1.9160  27.352684    352.514 331.399945     694372   5022.344     640126  0.000e+00
    -1.9162  27.352510    352.511 331.399948     694377   5022.332     640125  0.000e+00
    -1.9162  27.352684    352.508 331.399951     694377   5022.344     640124  0.000e+00
    -1.9162  27.352218    352.502 331.399954     694378   5022.313     640122  0.000e+00
    -1.9162  27.352160    352.502 331.399957     694378   5022.309     640122  0.000e+00
    -1.9162  27.352393    352.499 331.399959     694377   5022.324     640121  0.000e+00
    -1.9162  27.352510    352.502 331.399962     694378   5022.332     640122  0.000e+00
    -1.9164  27.352393    352.496 331.399965     694381   5022.324     640120  0.000e+00
    -1.9163  27.351868    352.493 331.399968     694379   5022.289     640119  0.000e+00
    -1.9163  27.351927    352.490 331.399971     694379   5022.293     640118  0.000e+00
    -1.9164  27.352684    352.490 331.399974     694381   5022.344     640118  0.000e+00
    -1.9163  27.352509    352.481 331.399977     694380   5022.332     640115  0.000e+00
    -1.9164  27.352393    352.478 331.399980     694382   5022.324     640114  0.000e+00
    -1.9164  27.351868    352.484 331.399983     694381   5022.289     640116  0.000e+00
    -1.9165  27.351927    352.481 331.399986     694383   5022.293     640115  0.000e+00
    -1.9164  27.352160    352.478 331.399988     694381   5022.309     640114  0.000e+00
    -1.9165  27.352218    352.478 331.399991     694383   5022.313     640114  0.000e+00
    -1.9164  27.351635    352.472 331.399994     694381   5022.273     640112  0.000e+00
    -1.9165  27.352160    352.472 331.399997     694384   5022.309     640112  0.000e+00
    -1.9165  27.351927    352.472 331.400000     694383   5022.293     640112  0.000e+00
    -1.9165  27.352160    352.466 331.400003     694385   5022.309     640110  0.000e+00
    -1.9164  27.352393    352.462 331.400006     694381   5022.324     640109  0.000e+00
    -1.9164  27.351344    352.466 331.400009     694381   5022.254     640110  0.000e+00
    -1.9164  27.352160    352.459 331.400012     694382   5022.309     640108  0.000e+00
    -1.9164  27.352801    352.456 331.400014     694382   5022.352     640107  0.000e+00
    -1.9165  27.352393    352.459 331.400017     694383   5022.324     640108  0.000e+00
    -1.9165  27.352160    352.450 331.400020     694385   5022.309     640105  0.000e+00
    -1.9165  27.351635    352.493 331.400023     694383   5022.273     640119  0.000e+00
    -1.9164  27.352976    352.554 331.400026     694381   5022.363     640139  0.000e+00
    -1.9165  27.352685    352.578 331.400029     694383   5022.344     640147  0.000e+00
    -1.9165  27.352510    352.596 331.400032     694383   5022.332     640153  0.000e+00
    -1.9164  27.351635    352.597 331.400035     694382   5022.273     640153  0.000e+00
    -1.9162  27.351927    352.606 331.400038     694378   5022.293     640156  0.000e+00
    -1.9163  27.352160    352.596 331.400041     694380   5022.309     640153  0.000e+00
    -1.9165  27.352160    352.593 331.400043     694383   5022.309     640152  0.000e+00
    -1.9164  27.352510    352.587 331.400046     694382   5022.332     640150  0.000e+00
    -1.9163  27.352393    352.593 331.400049     694380   5022.324     640152  0.000e+00
    -1.9165  27.351927    352.581 331.400052     694385   5022.293     640148  0.000e+00
    -1.9164  27.352685    352.572 331.400055     694382   5022.344     640145  0.000e+00
    -1.9165  27.352160    352.569 331.400058     694384   5022.309     640144  0.000e+00
    -1.9165  27.352510    352.563 331.400061     694384   5022.332     640142  0.000e+00
    -1.9165  27.352685    352.560 331.400064     694383   5022.344     640141  0.000e+00
    -1.9164  27.352160    352.554 331.400067     694382   5022.309     640139  0.000e+00
    -1.9163  27.351927    352.551 331.400069     694380   5022.293     640138  0.000e+00
    -1.9164  27.352393    352.548 331.400072     694382   5022.324     640137  0.000e+00
    -1.9163  27.352218    352.542 331.400075     694379   5022.313     640135  0.000e+00
    -1.9163  27.351344    352.536 331.400078     694380   5022.254     640133  0.000e+00
    -1.9163  27.352393    352.533 331.400081     694380   5022.324     640132  0.000e+00
    -1.9164  27.352218    352.530 331.400084     694382   5022.313     640131  0.000e+00
    -1.9165  27.351344    352.520 331.400087     694383   5022.254     640128  0.000e+00
    -1.9162  27.352160    352.520 331.400090     694377   5022.309     640128  0.000e+00
    -1.9163  27.351635    352.517 331.400093     694379   5022.273     640127  0.000e+00
    -1.9165  27.352160    352.511 331.400095     694384   5022.309     640125  0.000e+00
    -1.9164  27.352218    352.508 331.400098     694381   5022.313     640124  0.000e+00
    -1.9165  27.352160    352.502 331.400101     694383   5022.309     640122  0.000e+00
    -1.9165  27.352393    352.502 331.400104     694384   5022.324     640122  0.000e+00
    -1.9165  27.351635    352.493 331.400107     694384   5022.273     640119  0.000e+00
    -1.9165  27.351635    352.499 331.400110     694383   5022.273     640121  0.000e+00
    -1.9164  27.352509    352.487 331.400113     694382   5022.332     640117  0.000e+00
    -1.9165  27.352160    352.481 331.400116     694383   5022.309     640115  0.000e+00
    -1.9166  27.351868    352.481 331.400119     694386   5022.289     640115  0.000e+00
    -1.9164  27.351927    352.478 331.400122     694382   5022.293     640114  0.000e+00
    -1.9168  27.350819    352.472 331.400124     694390   5022.219     640112  0.000e+00
    -1.9167  27.351344    352.472 331.400127     694388   5022.254     640112  0.000e+00
    -1.9167  27.351344    352.459 331.400130     694389   5022.254     640108  0.000e+00
    -1.9169  27.351868    352.456 331.400133     694392   5022.289     640107  0.000e+00
    -1.9169  27.351635    352.466 331.400136     694392   5022.273     640110  0.000e+00
    -1.9169  27.351344    352.459 331.400139     694392   5022.254     640108  0.000e+00
    -1.9168  27.351344    352.456 331.400142     694390   5022.254     640107  0.000e+00
    -1.9167  27.351635    352.450 331.400145     694389   5022.273     640105  0.000e+00
    -1.9168  27.351344    352.444 331.400148     694390   5022.254     640103  0.000e+00
    -1.9169  27.350236    352.444 331.400150     694394   5022.180     640103  0.000e+00
    -1.9168  27.351635    352.441 331.400153     694390   5022.273     640102  0.000e+00
    -1.9168  27.351868    352.435 331.400156     694390   5022.289     640100  0.000e+00
    -1.9168  27.351344    352.432 331.400159     694391   5022.254     640099  0.000e+00
    -1.9169  27.351868    352.426 331.400162     694393   5022.289     640097  0.000e+00
    -1.9168  27.351635    352.432 331.400165     694391   5022.273     640099  0.000e+00
    -1.9169  27.351635    352.423 331.400168     694392   5022.273     640096  0.000e+00
    -1.9167  27.351344    352.420 331.400171     694388   5022.254     640095  0.000e+00
    -1.9168  27.351344    352.417 331.400174     694390   5022.254     640094  0.000e+00
    -1.9167  27.351868    352.423 331.400177     694388   5022.289     640096  0.000e+00
    -1.9168  27.351635    352.429 331.400179     694391   5022.273     640098  0.000e+00
    -1.9167  27.351344    352.432 331.400182     694389   5022.254     640099  0.000e+00
    -1.9168  27.350819    352.432 331.400185     694390   5022.219     640099  0.000e+00
    -1.9169  27.351868    352.429 331.400188     694393   5022.289     640098  0.000e+00
    -1.9168  27.351926    352.429 331.400191     694391   5022.293     640098  0.000e+00
    -1.9168  27.352160    352.429 331.400194     694391   5022.309     640098  0.000e+00
    -1.9169  27.351926    352.426 331.400197     694393   5022.293     640097  0.000e+00
    -1.9167  27.351635    352.429 331.400200     694389   5022.273     640098  0.000e+00
    -1.9168  27.351868    352.426 331.400203     694390   5022.289     640097  0.000e+00
    -1.9168  27.351344    352.426 331.400205     694391   5022.254     640097  0.000e+00
    -1.9168  27.351635    352.426 331.400208     694390   5022.273     640097  0.000e+00
    -1.9167  27.351926    352.423 331.400211     694389   5022.293     640096  0.000e+00
    -1.9167  27.351635    352.429 331.400214     694389   5022.273     640098  0.000e+00
    -1.9167  27.352684    352.426 331.400217     694389   5022.344     640097  0.000e+00
    -1.9168  27.351344    352.417 331.400220     694390   5022.254     640094  0.000e+00
    -1.9167  27.351110    352.417 331.400223     694389   5022.238     640094  0.000e+00
    -1.9168  27.351868    352.420 331.400226     694390   5022.289     640095  0.000e+00
    -1.9168  27.351926    352.414 331.400229     694391   5022.293     640093  0.000e+00
    -1.9168  27.351344    352.417 331.400231     694391   5022.254     640094  0.000e+00
    -1.9168  27.351635    352.411 331.400234     694391   5022.273     640092  0.000e+00
    -1.9169  27.351635    352.414 331.400237     694393   5022.273     640093  0.000e+00
    -1.9169  27.351343    352.405 331.400240     694394   5022.254     640090  0.000e+00
    -1.9170  27.351343    352.405 331.400243     694395   5022.254     640090  0.000e+00
    -1.9169  27.351868    352.399 331.400246     694392   5022.289     640088  0.000e+00
    -1.9169  27.351343    352.405 331.400249     694392   5022.254     640090  0.000e+00
    -1.9170  27.351635    352.405 331.400252     694395   5022.273     640090  0.000e+00
    -1.9171  27.351343    352.389 331.400255     694397   5022.254     640085  0.000e+00
    -1.9170  27.351343    352.389 331.400258     694395   5022.254     640085  0.000e+00
    -1.9169  27.351343    352.389 331.400260     694394   5022.254     640085  0.000e+00
    -1.9169  27.350819    352.386 331.400263     694394   5022.219     640084  0.000e+00
    -1.9169  27.351110    352.380 331.400266     694393   5022.238     640082  0.000e+00
    -1.9170  27.350819    352.383 331.400269     694395   5022.219     640083  0.000e+00
    -1.9170  27.351635    352.383 331.400272     694396   5022.273     640083  0.000e+00
    -1.9170  27.351110    352.377 331.400275     694395   5022.238     640081  0.000e+00
    -1.9170  27.351343    352.362 331.400278     694395   5022.254     640076  0.000e+00
    -1.9172  27.350819    352.362 331.400281     694399   5022.219     640076  0.000e+00
    -1.9171  27.351110    352.359 331.400284     694398   5022.238     640075  0.000e+00
    -1.9173  27.351110    352.356 331.400286     694401   5022.238     640074  0.000e+00
    -1.9172  27.350527    352.353 331.400289     694400   5022.199     640073  0.000e+00
    -1.9172  27.350819    352.353 331.400292     694400   5022.219     640073  0.000e+00
    -1.9174  27.351110    352.347 331.400295     694403   5022.238     640071  0.000e+00
    -1.9172  27.351110    352.338 331.400298     694399   5022.238     640068  0.000e+00
    -1.9173  27.351110    352.341 331.400301     694401   5022.238     640069  0.000e+00
    -1.9173  27.350819    352.338 331.400304     694401   5022.219     640068  0.000e+00
    -1.9172  27.350819    352.328 331.400307     694399   5022.219     640065  0.000e+00
    -1.9172  27.351110    352.329 331.400310     694399   5022.238     640065  0.000e+00
    -1.9171  27.350527    352.322 331.400312     694398   5022.199     640063  0.000e+00
    -1.9171  27.351343    352.316 331.400315     694398   5022.254     640061  0.000e+00
    -1.9172  27.351635    352.313 331.400318     694400   5022.273     640060  0.000e+00
    -1.9171  27.350819    352.310 331.400321     694397   5022.219     640059  0.000e+00
    -1.9171  27.351635    352.307 331.400324     694397   5022.273     640058  0.000e+00
    -1.9172  27.350527    352.304 331.400327     694399   5022.199     640057  0.000e+00
    -1.9171  27.350527    352.301 331.400330     694398   5022.199     640056  0.000e+00
    -1.9171  27.351110    352.301 331.400333     694398   5022.238     640056  0.000e+00
    -1.9171  27.351110    352.298 331.400336     694398   5022.238     640055  0.000e+00
    -1.9173  27.351110    352.295 331.400339     694401   5022.238     640054  0.000e+00
    -1.9171  27.350819    352.286 331.400341     694397   5022.219     640051  0.000e+00
    -1.9172  27.351343    352.286 331.400344     694399   5022.254     640051  0.000e+00
    -1.9172  27.351110    352.286 331.400347     694399   5022.238     640051  0.000e+00
    -1.9172  27.351110    352.277 331.400350     694399   5022.238     640048  0.000e+00
    -1.9173  27.351110    352.271 331.400353     694401   5022.238     640046  0.000e+00
    -1.9173  27.351343    352.277 331.400356     694401   5022.254     640048  0.000e+00
    -1.9171  27.351635    352.268 331.400359     694398   5022.273     640045  0.000e+00
    -1.9169  27.351343    352.262 331.400362     694394   5022.254     640043  0.000e+00
    -1.9170  27.351110    352.265 331.400365     694395   5022.238     640044  0.000e+00
    -1.9171  27.352159    352.262 331.400367     694398   5022.309     640043  0.000e+00
    -1.9170  27.350819    352.262 331.400370     694396   5022.219     640043  0.000e+00
    -1.9170  27.351635    352.255 331.400373     694395   5022.273     640041  0.000e+00
    -1.9170  27.350818    352.252 331.400376     694395   5022.219     640040  0.000e+00
    -1.9170  27.350818    352.249 331.400379     694395   5022.219     640039  0.000e+00
    -1.9172  27.351110    352.252 331.400382     694399   5022.238     640040  0.000e+00
    -1.9171  27.351343    352.252 331.400385     694397   5022.254     640040  0.000e+00
    -1.9169  27.350818    352.243 331.400388     694394   5022.219     640037  0.000e+00
    -1.9171  27.351635    352.240 331.400391     694397   5022.273     640036  0.000e+00
    -1.9171  27.351110    352.237 331.400394     694397   5022.238     640035  0.000e+00
    -1.9171  27.351343    352.234 331.400396     694398   5022.254     640034  0.000e+00
    -1.9169  27.350818    352.231 331.400399     694393   5022.219     640033  0.000e+00
    -1.9171  27.351926    352.234 331.400402     694398   5022.293     640034  0.000e+00
    -1.9171  27.351634    352.228 331.400405     694397   5022.273     640032  0.000e+00
    -1.9170  27.351343    352.225 331.400408     694396   5022.254     640031  0.000e+00
    -1.9170  27.351110    352.222 331.400411     694395   5022.238     640030  0.000e+00
    -1.9170  27.351343    352.219 331.400414     694395   5022.254     640029  0.000e+00
    -1.9169  27.351343    352.216 331.400417     694394   5022.254     640028  0.000e+00
    -1.9169  27.351343    352.210 331.400420     694393   5022.254     640026  0.000e+00
    -1.9169  27.351634    352.210 331.400422     694392   5022.273     640026  0.000e+00
    -1.9169  27.351343    352.204 331.400425     694394   5022.254     640024  0.000e+00
    -1.9169  27.350818    352.210 331.400428     694393   5022.219     640026  0.000e+00
    -1.9169  27.350818    352.201 331.400431     694393   5022.219     640023  0.000e+00
    -1.9169  27.351110    352.201 331.400434     694392   5022.238     640023  0.000e+00
    -1.9169  27.351110    352.195 331.400437     694392   5022.238     640021  0.000e+00
