tests/resources/orca-test-data/SBE19plus/4794/4794_024_KiM.cnv
* Sea-Bird SBE19plus Data File:
* FileName = C:\Documents and Settings\stevens\Desktop\K131_2007\CTD\4794_024.hex
* Software Version 1.50
* Temperature SN =  4977
* Conductivity SN =  4977
* System UpLoad Time = Nov 26 2007 21:41:02
** K131 McMurdo SeaIce Work
** nov-dec 2007
** using chch plastic ctd
** times are local (NZ daylight savings)
# nquan = 8
# nvalues = 5253                                  
# units = specified
# name 0 = tv290C: Temperature [ITS-90, deg C]
# name 1 = c0mS/cm: Conductivity [mS/cm]
# name 2 = prdM: Pressure, Strain Gauge [db]
# name 3 = timeJ: Julian Days
# name 4 = f0: Frequency 0
# name 5 = f1: Frequency 1
# name 6 = f2: Frequency 2
# name 7 = flag:  0.000e+00
# span 0 =    -4.4537,    -1.9071                 
# span 1 =   0.012118,  27.377882                 
# span 2 =     -0.271,    357.246                 
# span 3 = 330.885521, 330.900718                 
# span 4 =     694176,     752173                 
# span 5 =   2603.594,   5024.031                 
# span 6 =     524315,     641680                 
# span 7 = 0.0000e+00, 0.0000e+00                 
# interval = seconds: 0.25
# start_time = Nov 26 2007 21:15:09 [Instrument's time stamp, header]
# bad_flag = -9.990e-29
*END*
[from data line 3596]
    -1.9144  27.308923    286.596 330.895926     694337   5019.422     618481  0.000e+00
    -1.9142  27.308748    286.830 330.895929     694332   5019.410     618558  0.000e+00
    -1.9142  27.308924    287.083 330.895932     694333   5019.422     618641  0.000e+00
    -1.9143  27.309449    287.336 330.895935     694335   5019.457     618724  0.000e+00
    -1.9141  27.309275    287.604 330.895938     694330   5019.445     618812  0.000e+00
    -1.9141  27.309741    287.878 330.895940     694331   5019.477     618902  0.000e+00
    -1.9142  27.309276    288.140 330.895943     694334   5019.445     618988  0.000e+00
    -1.9141  27.309452    288.402 330.895946     694330   5019.457     619074  0.000e+00
    -1.9140  27.310035    288.667 330.895949     694329   5019.496     619161  0.000e+00
    -1.9141  27.310385    288.923 330.895952     694330   5019.520     619245  0.000e+00
    -1.9143  27.310269    289.172 330.895955     694335   5019.512     619327  0.000e+00
    -1.9140  27.310678    289.419 330.895958     694329   5019.539     619408  0.000e+00
    -1.9140  27.311086    289.684 330.895961     694329   5019.566     619495  0.000e+00
    -1.9141  27.310796    289.940 330.895964     694331   5019.547     619579  0.000e+00
    -1.9140  27.310971    290.196 330.895966     694328   5019.559     619663  0.000e+00
    -1.9141  27.310797    290.482 330.895969     694330   5019.547     619757  0.000e+00
    -1.9139  27.310681    290.774 330.895972     694326   5019.539     619853  0.000e+00
    -1.9136  27.311090    291.048 330.895975     694319   5019.566     619943  0.000e+00
    -1.9135  27.311090    291.323 330.895978     694317   5019.566     620033  0.000e+00
    -1.9137  27.311848    291.585 330.895981     694323   5019.617     620119  0.000e+00
    -1.9136  27.312956    291.831 330.895984     694320   5019.691     620200  0.000e+00
    -1.9137  27.312083    292.066 330.895987     694322   5019.633     620277  0.000e+00
    -1.9134  27.312666    292.315 330.895990     694316   5019.672     620359  0.000e+00
    -1.9132  27.312958    292.553 330.895992     694311   5019.691     620437  0.000e+00
    -1.9132  27.313250    292.772 330.895995     694311   5019.711     620509  0.000e+00
    -1.9133  27.313192    292.992 330.895998     694314   5019.707     620581  0.000e+00
    -1.9133  27.312960    293.211 330.896001     694313   5019.691     620653  0.000e+00
    -1.9135  27.313485    293.439 330.896004     694317   5019.727     620728  0.000e+00
    -1.9132  27.314009    293.646 330.896007     694311   5019.762     620796  0.000e+00
    -1.9134  27.313544    293.844 330.896010     694315   5019.730     620861  0.000e+00
    -1.9132  27.314826    294.042 330.896013     694310   5019.816     620926  0.000e+00
    -1.9133  27.314244    294.249 330.896016     694313   5019.777     620994  0.000e+00
    -1.9132  27.314652    294.457 330.896019     694311   5019.805     621062  0.000e+00
    -1.9133  27.314245    294.651 330.896021     694313   5019.777     621126  0.000e+00
    -1.9134  27.314071    294.843 330.896024     694315   5019.766     621189  0.000e+00
    -1.9137  27.314537    295.026 330.896027     694322   5019.797     621249  0.000e+00
    -1.9137  27.314829    295.221 330.896030     694323   5019.816     621313  0.000e+00
    -1.9136  27.314946    295.419 330.896033     694319   5019.824     621378  0.000e+00
    -1.9133  27.314015    295.620 330.896036     694313   5019.762     621444  0.000e+00
    -1.9137  27.315180    295.818 330.896039     694322   5019.840     621509  0.000e+00
    -1.9139  27.314831    296.025 330.896042     694326   5019.816     621577  0.000e+00
    -1.9139  27.314541    296.232 330.896045     694326   5019.797     621645  0.000e+00
    -1.9142  27.314075    296.442 330.896047     694333   5019.766     621714  0.000e+00
    -1.9144  27.314833    296.631 330.896050     694338   5019.816     621776  0.000e+00
    -1.9144  27.314950    296.817 330.896053     694338   5019.824     621837  0.000e+00
    -1.9146  27.314834    297.009 330.896056     694343   5019.816     621900  0.000e+00
    -1.9147  27.314252    297.216 330.896059     694344   5019.777     621968  0.000e+00
    -1.9148  27.314660    297.417 330.896062     694346   5019.805     622034  0.000e+00
    -1.9149  27.315360    297.606 330.896065     694349   5019.852     622096  0.000e+00
    -1.9151  27.315477    297.791 330.896068     694353   5019.859     622157  0.000e+00
    -1.9152  27.315885    297.974 330.896071     694355   5019.887     622217  0.000e+00
    -1.9152  27.315361    298.172 330.896073     694355   5019.852     622282  0.000e+00
    -1.9154  27.316352    298.373 330.896076     694360   5019.918     622348  0.000e+00
    -1.9152  27.315595    298.553 330.896079     694356   5019.867     622407  0.000e+00
    -1.9153  27.315887    298.729 330.896082     694358   5019.887     622465  0.000e+00
    -1.9152  27.316062    298.906 330.896085     694356   5019.898     622523  0.000e+00
    -1.9153  27.316121    299.095 330.896088     694358   5019.902     622585  0.000e+00
    -1.9149  27.316646    299.296 330.896091     694349   5019.938     622651  0.000e+00
    -1.9149  27.317754    299.482 330.896094     694348   5020.012     622712  0.000e+00
    -1.9149  27.318278    299.667 330.896097     694349   5020.047     622773  0.000e+00
    -1.9150  27.318570    299.865 330.896100     694350   5020.066     622838  0.000e+00
    -1.9149  27.318804    300.079 330.896102     694349   5020.082     622908  0.000e+00
    -1.9148  27.319737    300.292 330.896105     694346   5020.145     622978  0.000e+00
    -1.9147  27.318514    300.493 330.896108     694344   5020.063     623044  0.000e+00
    -1.9147  27.319854    300.697 330.896111     694345   5020.152     623111  0.000e+00
    -1.9148  27.319156    300.919 330.896114     694346   5020.105     623184  0.000e+00
    -1.9148  27.319040    301.123 330.896117     694347   5020.098     623251  0.000e+00
    -1.9149  27.318865    301.309 330.896120     694349   5020.086     623312  0.000e+00
    -1.9150  27.319623    301.504 330.896123     694351   5020.137     623376  0.000e+00
    -1.9150  27.318808    301.726 330.896126     694350   5020.082     623449  0.000e+00
    -1.9151  27.318051    301.964 330.896128     694353   5020.031     623527  0.000e+00
    -1.9151  27.319625    302.177 330.896131     694354   5020.137     623597  0.000e+00
    -1.9151  27.320267    302.369 330.896134     694354   5020.180     623660  0.000e+00
    -1.9156  27.320151    302.570 330.896137     694363   5020.172     623726  0.000e+00
    -1.9151  27.318520    302.789 330.896140     694354   5020.063     623798  0.000e+00
    -1.9156  27.321142    302.996 330.896143     694364   5020.238     623866  0.000e+00
    -1.9156  27.320152    303.179 330.896146     694365   5020.172     623926  0.000e+00
    -1.9154  27.320386    303.368 330.896149     694360   5020.188     623988  0.000e+00
    -1.9155  27.320270    303.572 330.896152     694361   5020.180     624055  0.000e+00
    -1.9159  27.319862    303.782 330.896155     694370   5020.152     624124  0.000e+00
    -1.9156  27.319746    303.977 330.896157     694364   5020.145     624188  0.000e+00
    -1.9159  27.319863    304.166 330.896160     694370   5020.152     624250  0.000e+00
    -1.9158  27.319864    304.358 330.896163     694369   5020.152     624313  0.000e+00
    -1.9160  27.320564    304.562 330.896166     694372   5020.199     624380  0.000e+00
    -1.9156  27.320389    304.763 330.896169     694365   5020.188     624446  0.000e+00
    -1.9159  27.321147    304.948 330.896172     694370   5020.238     624507  0.000e+00
    -1.9155  27.320915    305.128 330.896175     694362   5020.223     624566  0.000e+00
    -1.9157  27.321440    305.305 330.896178     694367   5020.258     624624  0.000e+00
    -1.9156  27.320275    305.491 330.896181     694365   5020.180     624685  0.000e+00
    -1.9155  27.320916    305.679 330.896183     694361   5020.223     624747  0.000e+00
    -1.9156  27.322257    305.865 330.896186     694363   5020.313     624808  0.000e+00
    -1.9156  27.321442    306.036 330.896189     694364   5020.258     624864  0.000e+00
    -1.9154  27.322258    306.200 330.896192     694360   5020.313     624918  0.000e+00
    -1.9154  27.321676    306.386 330.896195     694360   5020.273     624979  0.000e+00
    -1.9153  27.322026    306.572 330.896198     694358   5020.297     625040  0.000e+00
    -1.9156  27.320919    306.754 330.896201     694363   5020.223     625100  0.000e+00
    -1.9153  27.321677    306.922 330.896204     694357   5020.273     625155  0.000e+00
    -1.9152  27.321736    307.080 330.896207     694356   5020.277     625207  0.000e+00
    -1.9155  27.321678    307.229 330.896209     694362   5020.273     625256  0.000e+00
    -1.9156  27.322785    307.379 330.896212     694363   5020.348     625305  0.000e+00
    -1.9154  27.321445    307.546 330.896215     694359   5020.258     625360  0.000e+00
    -1.9153  27.322262    307.720 330.896218     694357   5020.313     625417  0.000e+00
    -1.9154  27.321738    307.884 330.896221     694360   5020.277     625471  0.000e+00
    -1.9155  27.321447    308.043 330.896224     694361   5020.258     625523  0.000e+00
    -1.9154  27.322263    308.204 330.896227     694359   5020.313     625576  0.000e+00
    -1.9156  27.322030    308.393 330.896230     694365   5020.297     625638  0.000e+00
    -1.9158  27.322555    308.582 330.896233     694369   5020.332     625700  0.000e+00
    -1.9159  27.321740    308.764 330.896236     694371   5020.277     625760  0.000e+00
    -1.9163  27.322265    308.947 330.896238     694379   5020.313     625820  0.000e+00
    -1.9163  27.322265    309.139 330.896241     694379   5020.313     625883  0.000e+00
    -1.9166  27.321742    309.340 330.896244     694386   5020.277     625949  0.000e+00
    -1.9163  27.321684    309.538 330.896247     694379   5020.273     626014  0.000e+00
    -1.9166  27.322034    309.724 330.896250     694386   5020.297     626075  0.000e+00
    -1.9161  27.322267    309.916 330.896253     694376   5020.313     626138  0.000e+00
    -1.9168  27.321685    310.104 330.896256     694391   5020.273     626200  0.000e+00
    -1.9169  27.321744    310.318 330.896259     694393   5020.277     626270  0.000e+00
    -1.9172  27.320579    310.503 330.896262     694400   5020.199     626331  0.000e+00
    -1.9177  27.320696    310.683 330.896264     694411   5020.207     626390  0.000e+00
    -1.9180  27.322270    310.875 330.896267     694417   5020.313     626453  0.000e+00
    -1.9183  27.321688    311.061 330.896270     694424   5020.273     626514  0.000e+00
    -1.9185  27.321455    311.259 330.896273     694429   5020.258     626579  0.000e+00
    -1.9189  27.321456    311.435 330.896276     694437   5020.258     626637  0.000e+00
    -1.9191  27.321223    311.594 330.896279     694441   5020.242     626689  0.000e+00
    -1.9191  27.321457    311.758 330.896282     694442   5020.258     626743  0.000e+00
    -1.9192  27.321690    311.923 330.896285     694444   5020.273     626797  0.000e+00
    -1.9188  27.322273    312.093 330.896288     694435   5020.313     626853  0.000e+00
    -1.9188  27.321691    312.273 330.896291     694435   5020.273     626912  0.000e+00
    -1.9187  27.322799    312.449 330.896293     694432   5020.348     626970  0.000e+00
    -1.9190  27.322042    312.626 330.896296     694439   5020.297     627028  0.000e+00
    -1.9188  27.320586    312.803 330.896299     694434   5020.199     627086  0.000e+00
    -1.9194  27.318022    312.995 330.896302     694448   5020.027     627149  0.000e+00
    -1.9220  27.318081    313.199 330.896305     694507   5020.031     627216  0.000e+00
    -1.9235  27.319073    313.397 330.896308     694539   5020.098     627281  0.000e+00
    -1.9237  27.318316    313.582 330.896311     694544   5020.047     627342  0.000e+00
    -1.9241  27.318608    313.780 330.896314     694553   5020.066     627407  0.000e+00
    -1.9245  27.320414    313.987 330.896317     694561   5020.188     627475  0.000e+00
    -1.9242  27.319366    314.195 330.896319     694555   5020.117     627543  0.000e+00
    -1.9235  27.319774    314.377 330.896322     694540   5020.145     627603  0.000e+00
    -1.9236  27.320183    314.572 330.896325     694542   5020.172     627667  0.000e+00
    -1.9234  27.319484    314.782 330.896328     694537   5020.125     627736  0.000e+00
    -1.9237  27.318552    314.980 330.896331     694543   5020.063     627801  0.000e+00
    -1.9238  27.319369    315.163 330.896334     694547   5020.117     627861  0.000e+00
    -1.9235  27.320884    315.327 330.896337     694540   5020.219     627915  0.000e+00
    -1.9232  27.320185    315.495 330.896340     694532   5020.172     627970  0.000e+00
    -1.9231  27.319486    315.653 330.896343     694530   5020.125     628022  0.000e+00
    -1.9235  27.319079    315.827 330.896345     694539   5020.098     628079  0.000e+00
    -1.9240  27.318031    316.028 330.896348     694550   5020.027     628145  0.000e+00
    -1.9249  27.318905    316.244 330.896351     694571   5020.086     628216  0.000e+00
    -1.9255  27.318848    316.469 330.896354     694584   5020.082     628290  0.000e+00
    -1.9259  27.318907    316.701 330.896357     694592   5020.086     628366  0.000e+00
    -1.9256  27.318849    316.951 330.896360     694587   5020.082     628448  0.000e+00
    -1.9260  27.319665    317.185 330.896363     694595   5020.137     628525  0.000e+00
    -1.9255  27.319782    317.404 330.896366     694584   5020.145     628597  0.000e+00
    -1.9258  27.319375    317.611 330.896369     694590   5020.117     628665  0.000e+00
    -1.9258  27.319376    317.794 330.896372     694590   5020.117     628725  0.000e+00
    -1.9258  27.320075    317.950 330.896374     694590   5020.164     628776  0.000e+00
    -1.9259  27.319376    318.117 330.896377     694592   5020.117     628831  0.000e+00
    -1.9260  27.318619    318.278 330.896380     694595   5020.066     628884  0.000e+00
    -1.9261  27.320426    318.428 330.896383     694597   5020.188     628933  0.000e+00
    -1.9260  27.319669    318.595 330.896386     694595   5020.137     628988  0.000e+00
    -1.9261  27.319495    318.751 330.896389     694596   5020.125     629039  0.000e+00
    -1.9263  27.318854    318.887 330.896392     694601   5020.082     629084  0.000e+00
    -1.9269  27.319495    319.028 330.896395     694614   5020.125     629130  0.000e+00
    -1.9274  27.319379    319.174 330.896398     694627   5020.117     629178  0.000e+00
    -1.9277  27.318855    319.317 330.896400     694633   5020.082     629225  0.000e+00
    -1.9279  27.319788    319.487 330.896403     694636   5020.145     629281  0.000e+00
    -1.9280  27.319381    319.655 330.896406     694639   5020.117     629336  0.000e+00
    -1.9279  27.320605    319.807 330.896409     694638   5020.199     629386  0.000e+00
    -1.9282  27.320430    319.947 330.896412     694643   5020.188     629432  0.000e+00
    -1.9280  27.319673    320.090 330.896415     694639   5020.137     629479  0.000e+00
    -1.9278  27.320897    320.252 330.896418     694635   5020.219     629532  0.000e+00
    -1.9280  27.320431    320.410 330.896421     694640   5020.188     629584  0.000e+00
    -1.9279  27.320082    320.559 330.896424     694638   5020.164     629633  0.000e+00
    -1.9280  27.320957    320.706 330.896427     694640   5020.223     629681  0.000e+00
    -1.9279  27.320200    320.849 330.896429     694638   5020.172     629728  0.000e+00
    -1.9281  27.319792    320.986 330.896432     694642   5020.145     629773  0.000e+00
    -1.9279  27.320433    321.135 330.896435     694637   5020.188     629822  0.000e+00
    -1.9279  27.320201    321.287 330.896438     694636   5020.172     629872  0.000e+00
    -1.9280  27.320900    321.449 330.896441     694640   5020.219     629925  0.000e+00
