tests/resources/orca-test-data/SBE19plus/4794/4794_021_KiM.cnv
* Sea-Bird SBE19plus Data File:
* FileName = C:\Documents and Settings\stevens\Desktop\K131_2007\CTD\4794_021.hex
* Software Version 1.50
* Temperature SN =  4977
* Conductivity SN =  4977
* System UpLoad Time = Nov 26 2007 18:55:11
** K131 McMurdo SeaIce Work
** nov-dec 2007
** using chch plastic ctd
** times are local (NZ daylight savings)
# nquan = 8
# nvalues = 8564                                  
# units = specified
# name 0 = tv290C: Temperature [ITS-90, deg C]
# name 1 = c0mS/cm: Conductivity [mS/cm]
# name 2 = prdM: Pressure, Strain Gauge [db]
# name 3 = timeJ: Julian Days
# name 4 = f0: Frequency 0
# name 5 = f1: Frequency 1
# name 6 = f2: Frequency 2
# name 7 = flag:  0.000e+00
# span 0 =    -2.9406,    -1.9047                 
# span 1 =   0.279198,  27.378130                 
# span 2 =     -0.295,    363.209                 
# span 3 = 330.760556, 330.785333                 
# span 4 =     694122,     717354                 
# span 5 =   2638.020,   5024.047                 
# span 6 =     524307,     643638                 
# span 7 = 0.0000e+00, 0.0000e+00                 
# interval = seconds: 0.25
# start_time = Nov 26 2007 18:15:12 [Instrument's time stamp, header]
# bad_flag = -9.990e-29
*END*
[from data line 6832]
    -1.9050  27.376672    362.771 330.780324     694129   5023.949     643494  0.000e+00
    -1.9050  27.377605    362.783 330.780327     694128   5024.012     643498  0.000e+00
    -1.9050  27.377197    362.768 330.780330     694129   5023.984     643493  0.000e+00
    -1.9050  27.377605    362.756 330.780333     694129   5024.012     643489  0.000e+00
    -1.9051  27.377197    362.756 330.780336     694131   5023.984     643489  0.000e+00
    -1.9051  27.377722    362.771 330.780339     694131   5024.020     643494  0.000e+00
    -1.9050  27.377314    362.768 330.780341     694129   5023.992     643493  0.000e+00
    -1.9049  27.376905    362.765 330.780344     694127   5023.965     643492  0.000e+00
    -1.9051  27.377722    362.762 330.780347     694131   5024.020     643491  0.000e+00
    -1.9051  27.377605    362.759 330.780350     694132   5024.012     643490  0.000e+00
    -1.9051  27.377430    362.768 330.780353     694131   5024.000     643493  0.000e+00
    -1.9051  27.376730    362.762 330.780356     694131   5023.953     643491  0.000e+00
    -1.9050  27.377430    362.762 330.780359     694130   5024.000     643491  0.000e+00
    -1.9051  27.377430    362.759 330.780362     694131   5024.000     643490  0.000e+00
    -1.9052  27.377022    362.762 330.780365     694133   5023.973     643491  0.000e+00
    -1.9052  27.376905    362.765 330.780367     694134   5023.965     643492  0.000e+00
    -1.9052  27.377197    362.756 330.780370     694133   5023.984     643489  0.000e+00
    -1.9050  27.378130    362.759 330.780373     694130   5024.047     643490  0.000e+00
    -1.9050  27.377722    362.759 330.780376     694130   5024.020     643490  0.000e+00
    -1.9052  27.377897    362.759 330.780379     694133   5024.031     643490  0.000e+00
    -1.9051  27.377197    362.762 330.780382     694132   5023.984     643491  0.000e+00
    -1.9051  27.377430    362.755 330.780385     694131   5024.000     643489  0.000e+00
    -1.9051  27.377605    362.759 330.780388     694131   5024.012     643490  0.000e+00
    -1.9051  27.377955    362.762 330.780391     694132   5024.035     643491  0.000e+00
    -1.9050  27.377430    362.759 330.780394     694130   5024.000     643490  0.000e+00
    -1.9051  27.377022    362.759 330.780396     694132   5023.973     643490  0.000e+00
    -1.9052  27.377197    362.755 330.780399     694134   5023.984     643489  0.000e+00
    -1.9051  27.377605    362.759 330.780402     694132   5024.012     643490  0.000e+00
    -1.9050  27.377430    362.756 330.780405     694130   5024.000     643489  0.000e+00
    -1.9052  27.377430    362.752 330.780408     694133   5024.000     643488  0.000e+00
    -1.9051  27.377022    362.762 330.780411     694131   5023.973     643491  0.000e+00
    -1.9052  27.377722    362.752 330.780414     694134   5024.020     643488  0.000e+00
    -1.9050  27.377722    362.756 330.780417     694130   5024.020     643489  0.000e+00
    -1.9052  27.376730    362.759 330.780420     694133   5023.953     643490  0.000e+00
    -1.9051  27.377430    362.756 330.780422     694131   5024.000     643489  0.000e+00
    -1.9052  27.377605    362.756 330.780425     694133   5024.012     643489  0.000e+00
    -1.9051  27.377722    362.756 330.780428     694132   5024.020     643489  0.000e+00
    -1.9051  27.377197    362.759 330.780431     694131   5023.984     643490  0.000e+00
    -1.9051  27.377314    362.749 330.780434     694132   5023.992     643487  0.000e+00
    -1.9051  27.377722    362.759 330.780437     694132   5024.020     643490  0.000e+00
    -1.9052  27.376672    362.759 330.780440     694134   5023.949     643490  0.000e+00
    -1.9051  27.377313    362.746 330.780443     694132   5023.992     643486  0.000e+00
    -1.9051  27.377722    362.749 330.780446     694131   5024.020     643487  0.000e+00
    -1.9051  27.377897    362.756 330.780448     694131   5024.031     643489  0.000e+00
    -1.9052  27.377430    362.762 330.780451     694133   5024.000     643491  0.000e+00
    -1.9052  27.377722    362.795 330.780454     694134   5024.020     643502  0.000e+00
    -1.9052  27.377314    362.810 330.780457     694133   5023.992     643507  0.000e+00
    -1.9052  27.376905    362.804 330.780460     694133   5023.965     643505  0.000e+00
    -1.9051  27.377430    362.783 330.780463     694131   5024.000     643498  0.000e+00
    -1.9052  27.377897    362.780 330.780466     694133   5024.031     643497  0.000e+00
    -1.9052  27.377430    362.792 330.780469     694134   5024.000     643501  0.000e+00
    -1.9052  27.377022    362.792 330.780472     694133   5023.973     643501  0.000e+00
    -1.9052  27.377197    362.792 330.780475     694134   5023.984     643501  0.000e+00
    -1.9051  27.377197    362.780 330.780477     694132   5023.984     643497  0.000e+00
    -1.9051  27.377605    362.783 330.780480     694131   5024.012     643498  0.000e+00
    -1.9051  27.377197    362.792 330.780483     694131   5023.984     643501  0.000e+00
    -1.9051  27.377197    362.789 330.780486     694132   5023.984     643500  0.000e+00
    -1.9052  27.377605    362.786 330.780489     694133   5024.012     643499  0.000e+00
    -1.9052  27.377430    362.783 330.780492     694133   5024.000     643498  0.000e+00
    -1.9053  27.377022    362.783 330.780495     694135   5023.973     643498  0.000e+00
    -1.9053  27.377430    362.789 330.780498     694135   5024.000     643500  0.000e+00
    -1.9053  27.376905    362.786 330.780501     694135   5023.965     643499  0.000e+00
    -1.9053  27.377022    362.786 330.780503     694135   5023.973     643499  0.000e+00
    -1.9052  27.377197    362.786 330.780506     694133   5023.984     643499  0.000e+00
    -1.9053  27.376905    362.792 330.780509     694135   5023.965     643501  0.000e+00
    -1.9052  27.377605    362.789 330.780512     694133   5024.012     643500  0.000e+00
    -1.9052  27.377430    362.786 330.780515     694134   5024.000     643499  0.000e+00
    -1.9052  27.377605    362.786 330.780518     694133   5024.012     643499  0.000e+00
    -1.9052  27.377722    362.783 330.780521     694134   5024.020     643498  0.000e+00
    -1.9052  27.376905    362.783 330.780524     694134   5023.965     643498  0.000e+00
    -1.9053  27.377314    362.786 330.780527     694136   5023.992     643499  0.000e+00
    -1.9052  27.377197    362.780 330.780530     694133   5023.984     643497  0.000e+00
    -1.9053  27.377430    362.783 330.780532     694136   5024.000     643498  0.000e+00
    -1.9052  27.377314    362.780 330.780535     694134   5023.992     643497  0.000e+00
    -1.9053  27.377430    362.783 330.780538     694135   5024.000     643498  0.000e+00
    -1.9052  27.377022    362.780 330.780541     694133   5023.973     643497  0.000e+00
    -1.9053  27.377197    362.783 330.780544     694135   5023.984     643498  0.000e+00
    -1.9053  27.376905    362.780 330.780547     694135   5023.965     643497  0.000e+00
    -1.9052  27.377897    362.783 330.780550     694134   5024.031     643498  0.000e+00
    -1.9052  27.377722    362.780 330.780553     694133   5024.020     643497  0.000e+00
    -1.9053  27.376672    362.786 330.780556     694135   5023.949     643499  0.000e+00
    -1.9053  27.377022    362.780 330.780558     694135   5023.973     643497  0.000e+00
    -1.9052  27.376905    362.786 330.780561     694134   5023.965     643499  0.000e+00
    -1.9052  27.377605    362.780 330.780564     694134   5024.012     643497  0.000e+00
    -1.9052  27.377430    362.780 330.780567     694134   5024.000     643497  0.000e+00
    -1.9053  27.377197    362.777 330.780570     694135   5023.984     643496  0.000e+00
    -1.9051  27.377314    362.783 330.780573     694131   5023.992     643498  0.000e+00
    -1.9051  27.376905    362.780 330.780576     694132   5023.965     643497  0.000e+00
    -1.9052  27.377722    362.783 330.780579     694133   5024.020     643498  0.000e+00
    -1.9051  27.377314    362.777 330.780582     694132   5023.992     643496  0.000e+00
    -1.9051  27.376905    362.777 330.780584     694131   5023.965     643496  0.000e+00
    -1.9051  27.377022    362.777 330.780587     694131   5023.973     643496  0.000e+00
    -1.9050  27.377197    362.780 330.780590     694130   5023.984     643497  0.000e+00
    -1.9051  27.377197    362.783 330.780593     694131   5023.984     643498  0.000e+00
    -1.9051  27.377605    362.780 330.780596     694131   5024.012     643497  0.000e+00
    -1.9052  27.376905    362.780 330.780599     694133   5023.965     643497  0.000e+00
    -1.9053  27.377430    362.777 330.780602     694135   5024.000     643496  0.000e+00
    -1.9052  27.377022    362.783 330.780605     694134   5023.973     643498  0.000e+00
    -1.9053  27.376905    362.774 330.780608     694135   5023.965     643495  0.000e+00
    -1.9052  27.377314    362.777 330.780611     694134   5023.992     643496  0.000e+00
    -1.9053  27.376905    362.771 330.780613     694136   5023.965     643494  0.000e+00
    -1.9051  27.376905    362.777 330.780616     694132   5023.965     643496  0.000e+00
    -1.9051  27.377314    362.777 330.780619     694132   5023.992     643496  0.000e+00
    -1.9052  27.377197    362.780 330.780622     694134   5023.984     643497  0.000e+00
    -1.9052  27.377197    362.774 330.780625     694133   5023.984     643495  0.000e+00
    -1.9053  27.377897    362.768 330.780628     694135   5024.031     643493  0.000e+00
    -1.9052  27.377197    362.771 330.780631     694133   5023.984     643494  0.000e+00
    -1.9051  27.376730    362.777 330.780634     694132   5023.953     643496  0.000e+00
    -1.9053  27.377430    362.768 330.780637     694135   5024.000     643493  0.000e+00
    -1.9053  27.376905    362.771 330.780639     694135   5023.965     643494  0.000e+00
    -1.9052  27.377022    362.774 330.780642     694133   5023.973     643495  0.000e+00
    -1.9052  27.376905    362.777 330.780645     694134   5023.965     643496  0.000e+00
    -1.9052  27.377197    362.771 330.780648     694133   5023.984     643494  0.000e+00
    -1.9053  27.377022    362.771 330.780651     694135   5023.973     643494  0.000e+00
    -1.9052  27.377430    362.774 330.780654     694134   5024.000     643495  0.000e+00
    -1.9051  27.377314    362.777 330.780657     694132   5023.992     643496  0.000e+00
    -1.9052  27.376905    362.774 330.780660     694133   5023.965     643495  0.000e+00
    -1.9050  27.376672    362.771 330.780663     694130   5023.949     643494  0.000e+00
    -1.9050  27.377022    362.768 330.780666     694129   5023.973     643493  0.000e+00
    -1.9051  27.377430    362.774 330.780668     694131   5024.000     643495  0.000e+00
    -1.9050  27.376905    362.771 330.780671     694130   5023.965     643494  0.000e+00
    -1.9051  27.377605    362.771 330.780674     694132   5024.012     643494  0.000e+00
    -1.9052  27.376905    362.777 330.780677     694134   5023.965     643496  0.000e+00
    -1.9052  27.377897    362.768 330.780680     694134   5024.031     643493  0.000e+00
    -1.9051  27.377197    362.768 330.780683     694132   5023.984     643493  0.000e+00
    -1.9050  27.377197    362.768 330.780686     694130   5023.984     643493  0.000e+00
    -1.9052  27.377897    362.768 330.780689     694134   5024.031     643493  0.000e+00
    -1.9053  27.377197    362.768 330.780692     694135   5023.984     643493  0.000e+00
    -1.9052  27.376672    362.768 330.780694     694134   5023.949     643493  0.000e+00
    -1.9051  27.377314    362.765 330.780697     694132   5023.992     643492  0.000e+00
    -1.9051  27.376905    362.771 330.780700     694132   5023.965     643494  0.000e+00
    -1.9052  27.376730    362.765 330.780703     694133   5023.953     643492  0.000e+00
    -1.9051  27.377430    362.765 330.780706     694132   5024.000     643492  0.000e+00
    -1.9052  27.377722    362.762 330.780709     694133   5024.020     643491  0.000e+00
    -1.9052  27.377022    362.765 330.780712     694134   5023.973     643492  0.000e+00
    -1.9051  27.377197    362.765 330.780715     694132   5023.984     643492  0.000e+00
    -1.9053  27.376905    362.759 330.780718     694136   5023.965     643490  0.000e+00
    -1.9052  27.377897    362.765 330.780720     694134   5024.031     643492  0.000e+00
    -1.9052  27.376381    362.762 330.780723     694133   5023.930     643491  0.000e+00
    -1.9053  27.376730    362.765 330.780726     694135   5023.953     643492  0.000e+00
    -1.9052  27.377430    362.762 330.780729     694134   5024.000     643491  0.000e+00
    -1.9052  27.376905    362.768 330.780732     694134   5023.965     643493  0.000e+00
    -1.9053  27.377605    362.765 330.780735     694135   5024.012     643492  0.000e+00
    -1.9052  27.377197    362.768 330.780738     694133   5023.984     643493  0.000e+00
    -1.9052  27.376905    362.765 330.780741     694133   5023.965     643492  0.000e+00
    -1.9051  27.377605    362.762 330.780744     694131   5024.012     643491  0.000e+00
    -1.9052  27.376905    362.762 330.780747     694133   5023.965     643491  0.000e+00
    -1.9052  27.376730    362.771 330.780749     694134   5023.953     643494  0.000e+00
    -1.9052  27.377722    362.762 330.780752     694134   5024.020     643491  0.000e+00
    -1.9051  27.377430    362.768 330.780755     694131   5024.000     643493  0.000e+00
    -1.9051  27.377314    362.759 330.780758     694131   5023.992     643490  0.000e+00
    -1.9052  27.377722    362.765 330.780761     694133   5024.020     643492  0.000e+00
    -1.9052  27.376905    362.765 330.780764     694134   5023.965     643492  0.000e+00
    -1.9054  27.377605    362.759 330.780767     694137   5024.012     643490  0.000e+00
    -1.9052  27.376905    362.759 330.780770     694134   5023.965     643490  0.000e+00
    -1.9052  27.377314    362.762 330.780773     694133   5023.992     643491  0.000e+00
    -1.9051  27.377197    362.762 330.780775     694132   5023.984     643491  0.000e+00
    -1.9052  27.376672    362.759 330.780778     694134   5023.949     643490  0.000e+00
    -1.9051  27.376730    362.762 330.780781     694132   5023.953     643491  0.000e+00
    -1.9052  27.376672    362.762 330.780784     694133   5023.949     643491  0.000e+00
    -1.9052  27.376672    362.756 330.780787     694134   5023.949     643489  0.000e+00
    -1.9052  27.377022    362.762 330.780790     694134   5023.973     643491  0.000e+00
    -1.9053  27.377722    362.759 330.780793     694135   5024.020     643490  0.000e+00
    -1.9052  27.377022    362.765 330.780796     694134   5023.973     643492  0.000e+00
    -1.9053  27.377197    362.759 330.780799     694136   5023.984     643490  0.000e+00
    -1.9052  27.377197    362.759 330.780802     694134   5023.984     643490  0.000e+00
    -1.9052  27.377022    362.762 330.780804     694133   5023.973     643491  0.000e+00
    -1.9053  27.377197    362.762 330.780807     694135   5023.984     643491  0.000e+00
    -1.9054  27.376905    362.762 330.780810     694137   5023.965     643491  0.000e+00
    -1.9053  27.378130    362.756 330.780813     694135   5024.047     643489  0.000e+00
    -1.9052  27.377197    362.755 330.780816     694134   5023.984     643489  0.000e+00
    -1.9052  27.377605    362.759 330.780819     694134   5024.012     643490  0.000e+00
    -1.9051  27.376905    362.756 330.780822     694132   5023.965     643489  0.000e+00
    -1.9051  27.376672    362.759 330.780825     694132   5023.949     643490  0.000e+00
    -1.9052  27.376730    362.756 330.780828     694134   5023.953     643489  0.000e+00
    -1.9052  27.377197    362.759 330.780830     694133   5023.984     643490  0.000e+00
    -1.9052  27.377430    362.756 330.780833     694133   5024.000     643489  0.000e+00
    -1.9052  27.377314    362.756 330.780836     694133   5023.992     643489  0.000e+00
    -1.9051  27.377430    362.759 330.780839     694131   5024.000     643490  0.000e+00
