tests/resources/orca-test-data/SBE19plus/4794/4794_037_KiM.cnv
* Sea-Bird SBE19plus Data File:
* FileName = C:\Documents and Settings\stevens\Desktop\K131_2007\CTD\4794_037.hex
* Software Version 1.50
* Temperature SN =  4977
* Conductivity SN =  4977
* System UpLoad Time = Nov 27 2007 10:06:15
** K131 McMurdo SeaIce Work
** nov-dec 2007
** using chch plastic ctd
** times are local (NZ daylight savings)
# nquan = 8
# nvalues = 8645                                  
# units = specified
# name 0 = tv290C: Temperature [ITS-90, deg C]
# name 1 = c0mS/cm: Conductivity [mS/cm]
# name 2 = prdM: Pressure, Strain Gauge [db]
# name 3 = timeJ: Julian Days
# name 4 = f0: Frequency 0
# name 5 = f1: Frequency 1
# name 6 = f2: Frequency 2
# name 7 = flag:  0.000e+00
# span 0 =    -2.3422,    -1.9093                 
# span 1 =  -0.000493,  27.356701                 
# span 2 =     -0.280,    354.692                 
# span 3 = 331.392639, 331.417650                 
# span 4 =     694224,     703873                 
# span 5 =   2601.957,   5022.613                 
# span 6 =     524312,     640841                 
# span 7 = 0.0000e+00, 0.0000e+00                 
# interval = seconds: 0.25
# start_time = Nov 27 2007 09:25:24 [Instrument's time stamp, header]
# bad_flag = -9.990e-29
*END*
[from data line 6293]
    -1.9536  27.230262    219.281 331.410848     695208   5014.156     596380  0.000e+00
    -1.9535  27.230612    219.543 331.410851     695205   5014.180     596466  0.000e+00
    -1.9535  27.231078    219.769 331.410854     695206   5014.211     596540  0.000e+00
    -1.9533  27.231137    220.006 331.410856     695202   5014.215     596618  0.000e+00
    -1.9533  27.230846    220.280 331.410859     695201   5014.195     596708  0.000e+00
    -1.9533  27.231138    220.515 331.410862     695200   5014.215     596785  0.000e+00
    -1.9533  27.231371    220.704 331.410865     695200   5014.230     596847  0.000e+00
    -1.9532  27.231663    220.896 331.410868     695199   5014.250     596910  0.000e+00
    -1.9533  27.231896    221.115 331.410871     695201   5014.266     596982  0.000e+00
    -1.9533  27.231955    221.316 331.410874     695202   5014.270     597048  0.000e+00
    -1.9533  27.231664    221.487 331.410877     695200   5014.250     597104  0.000e+00
    -1.9533  27.231665    221.648 331.410880     695201   5014.250     597157  0.000e+00
    -1.9533  27.231665    221.809 331.410883     695200   5014.250     597210  0.000e+00
    -1.9534  27.231375    221.995 331.410885     695204   5014.230     597271  0.000e+00
    -1.9533  27.231957    222.181 331.410888     695202   5014.270     597332  0.000e+00
    -1.9533  27.232423    222.352 331.410891     695202   5014.301     597388  0.000e+00
    -1.9533  27.232249    222.510 331.410894     695201   5014.289     597440  0.000e+00
    -1.9533  27.232424    222.681 331.410897     695200   5014.301     597496  0.000e+00
    -1.9533  27.232715    222.863 331.410900     695202   5014.320     597556  0.000e+00
    -1.9532  27.233065    223.089 331.410903     695199   5014.344     597630  0.000e+00
    -1.9533  27.232425    223.265 331.410906     695200   5014.301     597688  0.000e+00
    -1.9533  27.233066    223.424 331.410909     695200   5014.344     597740  0.000e+00
    -1.9532  27.232717    223.610 331.410911     695199   5014.320     597801  0.000e+00
    -1.9533  27.234056    223.786 331.410914     695201   5014.410     597859  0.000e+00
    -1.9533  27.233359    223.996 331.410917     695200   5014.363     597928  0.000e+00
    -1.9533  27.232952    224.188 331.410920     695200   5014.336     597991  0.000e+00
    -1.9532  27.233650    224.347 331.410923     695199   5014.383     598043  0.000e+00
    -1.9533  27.233767    224.530 331.410926     695200   5014.391     598103  0.000e+00
    -1.9532  27.233535    224.721 331.410929     695199   5014.375     598166  0.000e+00
    -1.9531  27.234176    224.944 331.410932     695197   5014.418     598239  0.000e+00
    -1.9531  27.234816    225.148 331.410935     695197   5014.461     598306  0.000e+00
    -1.9531  27.234759    225.321 331.410937     695196   5014.457     598363  0.000e+00
    -1.9529  27.234585    225.504 331.410940     695193   5014.445     598423  0.000e+00
    -1.9529  27.235342    225.708 331.410943     695192   5014.496     598490  0.000e+00
    -1.9528  27.234295    225.900 331.410946     695190   5014.426     598553  0.000e+00
    -1.9528  27.234586    226.046 331.410949     695190   5014.445     598601  0.000e+00
    -1.9529  27.235052    226.144 331.410952     695191   5014.477     598633  0.000e+00
    -1.9527  27.235925    226.217 331.410955     695187   5014.535     598657  0.000e+00
    -1.9529  27.234470    226.241 331.410958     695191   5014.438     598665  0.000e+00
    -1.9528  27.234296    226.238 331.410961     695190   5014.426     598664  0.000e+00
    -1.9527  27.235343    226.241 331.410964     695188   5014.496     598665  0.000e+00
    -1.9528  27.234179    226.266 331.410966     695190   5014.418     598673  0.000e+00
    -1.9528  27.235343    226.284 331.410969     695190   5014.496     598679  0.000e+00
    -1.9526  27.235343    226.266 331.410972     695186   5014.496     598673  0.000e+00
    -1.9527  27.234819    226.257 331.410975     695187   5014.461     598670  0.000e+00
    -1.9527  27.235110    226.269 331.410978     695187   5014.480     598674  0.000e+00
    -1.9527  27.235052    226.281 331.410981     695188   5014.477     598678  0.000e+00
    -1.9527  27.235343    226.348 331.410984     695187   5014.496     598700  0.000e+00
    -1.9528  27.234471    226.482 331.410987     695189   5014.438     598744  0.000e+00
    -1.9527  27.235635    226.643 331.410990     695187   5014.516     598797  0.000e+00
    -1.9527  27.235344    226.784 331.410992     695187   5014.496     598843  0.000e+00
    -1.9527  27.235636    226.908 331.410995     695187   5014.516     598884  0.000e+00
    -1.9527  27.235636    227.018 331.410998     695187   5014.516     598920  0.000e+00
    -1.9527  27.235578    227.076 331.411001     695187   5014.512     598939  0.000e+00
    -1.9527  27.236160    227.100 331.411004     695188   5014.551     598947  0.000e+00
    -1.9525  27.235345    227.106 331.411007     695183   5014.496     598949  0.000e+00
    -1.9525  27.235927    227.109 331.411010     695184   5014.535     598950  0.000e+00
    -1.9526  27.235345    227.112 331.411013     695185   5014.496     598951  0.000e+00
    -1.9526  27.235869    227.103 331.411016     695185   5014.531     598948  0.000e+00
    -1.9525  27.235927    227.106 331.411019     695184   5014.535     598949  0.000e+00
    -1.9525  27.235578    227.119 331.411021     695184   5014.512     598953  0.000e+00
    -1.9526  27.235345    227.143 331.411024     695186   5014.496     598961  0.000e+00
    -1.9525  27.235927    227.158 331.411027     695184   5014.535     598966  0.000e+00
    -1.9525  27.235578    227.179 331.411030     695184   5014.512     598973  0.000e+00
    -1.9525  27.235928    227.204 331.411033     695184   5014.535     598981  0.000e+00
    -1.9526  27.235578    227.240 331.411036     695186   5014.512     598993  0.000e+00
    -1.9527  27.235113    227.289 331.411039     695187   5014.480     599009  0.000e+00
    -1.9525  27.235346    227.347 331.411042     695184   5014.496     599028  0.000e+00
    -1.9526  27.236161    227.441 331.411045     695185   5014.551     599059  0.000e+00
    -1.9524  27.235928    227.569 331.411047     695181   5014.535     599101  0.000e+00
    -1.9526  27.235871    227.661 331.411050     695186   5014.531     599131  0.000e+00
    -1.9524  27.235929    227.713 331.411053     695182   5014.535     599148  0.000e+00
    -1.9525  27.235871    227.764 331.411056     695184   5014.531     599165  0.000e+00
    -1.9524  27.236162    227.810 331.411059     695182   5014.551     599180  0.000e+00
    -1.9524  27.236162    227.853 331.411062     695181   5014.551     599194  0.000e+00
    -1.9525  27.236162    227.968 331.411065     695183   5014.551     599232  0.000e+00
    -1.9524  27.236163    228.108 331.411068     695180   5014.551     599278  0.000e+00
    -1.9524  27.236454    228.267 331.411071     695181   5014.570     599330  0.000e+00
    -1.9524  27.236687    228.471 331.411073     695182   5014.586     599397  0.000e+00
    -1.9524  27.236688    228.690 331.411076     695180   5014.586     599469  0.000e+00
    -1.9524  27.236747    228.858 331.411079     695181   5014.590     599524  0.000e+00
    -1.9524  27.237213    229.016 331.411082     695181   5014.621     599576  0.000e+00
    -1.9523  27.237039    229.199 331.411085     695179   5014.609     599636  0.000e+00
    -1.9523  27.237214    229.373 331.411088     695178   5014.621     599693  0.000e+00
    -1.9523  27.237563    229.571 331.411091     695178   5014.645     599758  0.000e+00
    -1.9523  27.237505    229.714 331.411094     695178   5014.641     599805  0.000e+00
    -1.9523  27.237739    229.839 331.411097     695178   5014.656     599846  0.000e+00
    -1.9522  27.237855    229.973 331.411100     695176   5014.664     599890  0.000e+00
    -1.9522  27.237739    230.143 331.411102     695177   5014.656     599946  0.000e+00
    -1.9521  27.237856    230.341 331.411105     695175   5014.664     600011  0.000e+00
    -1.9521  27.237740    230.563 331.411108     695175   5014.656     600084  0.000e+00
    -1.9522  27.238032    230.731 331.411111     695177   5014.676     600139  0.000e+00
    -1.9522  27.238149    230.908 331.411114     695177   5014.684     600197  0.000e+00
    -1.9521  27.237509    231.097 331.411117     695175   5014.641     600259  0.000e+00
    -1.9520  27.238441    231.288 331.411120     695173   5014.703     600322  0.000e+00
    -1.9520  27.238267    231.511 331.411123     695171   5014.691     600395  0.000e+00
    -1.9520  27.238558    231.703 331.411126     695173   5014.711     600458  0.000e+00
    -1.9521  27.238675    231.882 331.411128     695174   5014.719     600517  0.000e+00
    -1.9520  27.239374    232.090 331.411131     695172   5014.766     600585  0.000e+00
    -1.9521  27.240073    232.318 331.411134     695174   5014.813     600660  0.000e+00
    -1.9519  27.239084    232.534 331.411137     695169   5014.746     600731  0.000e+00
    -1.9518  27.239550    232.723 331.411140     695168   5014.777     600793  0.000e+00
    -1.9518  27.239609    232.915 331.411143     695167   5014.781     600856  0.000e+00
    -1.9518  27.239377    233.119 331.411146     695168   5014.766     600923  0.000e+00
    -1.9518  27.239552    233.338 331.411149     695167   5014.777     600995  0.000e+00
    -1.9518  27.239378    233.545 331.411152     695167   5014.766     601063  0.000e+00
    -1.9518  27.240659    233.740 331.411155     695167   5014.852     601127  0.000e+00
    -1.9517  27.239903    233.929 331.411157     695165   5014.801     601189  0.000e+00
    -1.9518  27.239612    234.133 331.411160     695167   5014.781     601256  0.000e+00
    -1.9518  27.240369    234.337 331.411163     695167   5014.832     601323  0.000e+00
    -1.9518  27.240428    234.505 331.411166     695168   5014.836     601378  0.000e+00
    -1.9517  27.240079    234.636 331.411169     695166   5014.813     601421  0.000e+00
    -1.9518  27.240429    234.739 331.411172     695167   5014.836     601455  0.000e+00
    -1.9517  27.240662    234.831 331.411175     695166   5014.852     601485  0.000e+00
    -1.9516  27.240662    234.925 331.411178     695164   5014.852     601516  0.000e+00
    -1.9518  27.240429    235.062 331.411181     695167   5014.836     601561  0.000e+00
    -1.9517  27.240663    235.190 331.411183     695166   5014.852     601603  0.000e+00
    -1.9516  27.240663    235.248 331.411186     695163   5014.852     601622  0.000e+00
    -1.9517  27.240954    235.263 331.411189     695166   5014.871     601627  0.000e+00
    -1.9517  27.240954    235.291 331.411192     695166   5014.871     601636  0.000e+00
    -1.9515  27.241187    235.318 331.411195     695162   5014.887     601645  0.000e+00
    -1.9516  27.240663    235.367 331.411198     695163   5014.852     601661  0.000e+00
    -1.9516  27.241478    235.522 331.411201     695164   5014.906     601712  0.000e+00
    -1.9516  27.240664    235.671 331.411204     695164   5014.852     601761  0.000e+00
    -1.9517  27.240955    235.809 331.411207     695165   5014.871     601806  0.000e+00
    -1.9515  27.240956    235.994 331.411209     695161   5014.871     601867  0.000e+00
    -1.9515  27.241247    236.189 331.411212     695160   5014.891     601931  0.000e+00
    -1.9515  27.241480    236.323 331.411215     695160   5014.906     601975  0.000e+00
    -1.9515  27.241539    236.457 331.411218     695162   5014.910     602019  0.000e+00
    -1.9514  27.241481    236.579 331.411221     695158   5014.906     602059  0.000e+00
    -1.9513  27.242296    236.701 331.411224     695156   5014.961     602099  0.000e+00
    -1.9513  27.242355    236.829 331.411227     695157   5014.965     602141  0.000e+00
    -1.9511  27.241773    236.999 331.411230     695151   5014.926     602197  0.000e+00
    -1.9512  27.242065    237.152 331.411233     695155   5014.945     602247  0.000e+00
    -1.9512  27.242531    237.280 331.411236     695154   5014.977     602289  0.000e+00
    -1.9512  27.242356    237.420 331.411238     695154   5014.965     602335  0.000e+00
    -1.9512  27.242531    237.523 331.411241     695154   5014.977     602369  0.000e+00
    -1.9512  27.242531    237.624 331.411244     695155   5014.977     602402  0.000e+00
    -1.9512  27.242648    237.727 331.411247     695154   5014.984     602436  0.000e+00
    -1.9512  27.243056    237.868 331.411250     695154   5015.012     602482  0.000e+00
    -1.9511  27.243173    237.977 331.411253     695151   5015.020     602518  0.000e+00
    -1.9511  27.242824    238.041 331.411256     695152   5014.996     602539  0.000e+00
    -1.9511  27.242533    238.063 331.411259     695152   5014.977     602546  0.000e+00
    -1.9512  27.242649    238.081 331.411262     695154   5014.984     602552  0.000e+00
    -1.9512  27.242300    238.096 331.411264     695154   5014.961     602557  0.000e+00
    -1.9512  27.242067    238.163 331.411267     695154   5014.945     602579  0.000e+00
    -1.9511  27.243057    238.318 331.411270     695153   5015.012     602630  0.000e+00
    -1.9511  27.242534    238.489 331.411273     695152   5014.977     602686  0.000e+00
    -1.9511  27.243465    238.681 331.411276     695153   5015.039     602749  0.000e+00
    -1.9511  27.244165    238.943 331.411279     695153   5015.086     602835  0.000e+00
    -1.9510  27.243467    239.174 331.411282     695150   5015.039     602911  0.000e+00
    -1.9510  27.244399    239.403 331.411285     695150   5015.102     602986  0.000e+00
    -1.9509  27.243352    239.677 331.411288     695148   5015.031     603076  0.000e+00
    -1.9509  27.243760    239.951 331.411291     695147   5015.059     603166  0.000e+00
    -1.9508  27.244692    240.170 331.411293     695146   5015.121     603238  0.000e+00
    -1.9508  27.244343    240.377 331.411296     695145   5015.098     603306  0.000e+00
    -1.9507  27.244693    240.594 331.411299     695144   5015.121     603377  0.000e+00
    -1.9507  27.244635    240.804 331.411302     695143   5015.117     603446  0.000e+00
    -1.9506  27.243879    240.959 331.411305     695142   5015.066     603497  0.000e+00
    -1.9506  27.244694    241.078 331.411308     695140   5015.121     603536  0.000e+00
    -1.9508  27.244636    241.163 331.411311     695145   5015.117     603564  0.000e+00
    -1.9508  27.244927    241.245 331.411314     695146   5015.137     603591  0.000e+00
    -1.9509  27.245160    241.322 331.411317     695147   5015.152     603616  0.000e+00
    -1.9507  27.244695    241.410 331.411319     695144   5015.121     603645  0.000e+00
    -1.9507  27.244404    241.532 331.411322     695144   5015.102     603685  0.000e+00
    -1.9507  27.244870    241.681 331.411325     695144   5015.133     603734  0.000e+00
    -1.9507  27.245744    241.794 331.411328     695143   5015.191     603771  0.000e+00
    -1.9507  27.245162    241.897 331.411331     695144   5015.152     603805  0.000e+00
    -1.9507  27.245220    242.004 331.411334     695144   5015.156     603840  0.000e+00
    -1.9506  27.245744    242.107 331.411337     695142   5015.191     603874  0.000e+00
    -1.9507  27.245163    242.211 331.411340     695143   5015.152     603908  0.000e+00
    -1.9507  27.244930    242.330 331.411343     695143   5015.137     603947  0.000e+00
    -1.9506  27.245745    242.482 331.411345     695142   5015.191     603997  0.000e+00
    -1.9506  27.246270    242.625 331.411348     695142   5015.227     604044  0.000e+00
    -1.9506  27.245746    242.723 331.411351     695140   5015.191     604076  0.000e+00
    -1.9507  27.245979    242.808 331.411354     695143   5015.207     604104  0.000e+00
    -1.9506  27.245455    242.915 331.411357     695142   5015.172     604139  0.000e+00
    -1.9507  27.246038    243.009 331.411360     695143   5015.211     604170  0.000e+00
