tests/resources/orca-test-data/SBE19plus/4794/4794_027_KiM.cnv
* Sea-Bird SBE19plus Data File:
* FileName = C:\Documents and Settings\stevens\Desktop\K131_2007\CTD\4794_027.hex
* Software Version 1.50
* Temperature SN =  4977
* Conductivity SN =  4977
* System UpLoad Time = Nov 27 2007 00:48:15
** K131 McMurdo SeaIce Work
** nov-dec 2007
** using chch plastic ctd
** times are local (NZ daylight savings)
# nquan = 8
# nvalues = 6663                                  
# units = specified
# name 0 = tv290C: Temperature [ITS-90, deg C]
# name 1 = c0mS/cm: Conductivity [mS/cm]
# name 2 = prdM: Pressure, Strain Gauge [db]
# name 3 = timeJ: Julian Days
# name 4 = f0: Frequency 0
# name 5 = f1: Frequency 1
# name 6 = f2: Frequency 2
# name 7 = flag:  0.000e+00
# span 0 =    -3.7907,    -1.9022                 
# span 1 =   0.057419,  27.379285                 
# span 2 =     -0.268,    358.318                 
# span 3 = 331.011366, 331.030642                 
# span 4 =     694066,     736789                 
# span 5 =   2609.465,   5024.125                 
# span 6 =     524316,     642032                 
# span 7 = 0.0000e+00, 0.0000e+00                 
# interval = seconds: 0.25
# start_time = Nov 27 2007 00:16:22 [Instrument's time stamp, header]
# bad_flag = -9.990e-29
*END*
[from data line 4315]
    -1.9421  27.253760    168.843 331.023851     694953   5015.742     579822  0.000e+00
    -1.9421  27.253236    168.929 331.023854     694953   5015.707     579850  0.000e+00
    -1.9424  27.254226    169.017 331.023857     694959   5015.773     579879  0.000e+00
    -1.9428  27.253470    169.108 331.023860     694967   5015.723     579909  0.000e+00
    -1.9429  27.253121    169.184 331.023863     694971   5015.699     579934  0.000e+00
    -1.9430  27.254285    169.251 331.023866     694972   5015.777     579956  0.000e+00
    -1.9429  27.253761    169.306 331.023869     694971   5015.742     579974  0.000e+00
    -1.9432  27.253936    169.364 331.023872     694976   5015.754     579993  0.000e+00
    -1.9429  27.254518    169.416 331.023874     694971   5015.793     580010  0.000e+00
    -1.9428  27.253645    169.462 331.023877     694968   5015.734     580025  0.000e+00
    -1.9430  27.254286    169.519 331.023880     694973   5015.777     580044  0.000e+00
    -1.9431  27.254519    169.574 331.023883     694975   5015.793     580062  0.000e+00
    -1.9431  27.254519    169.623 331.023886     694975   5015.793     580078  0.000e+00
    -1.9430  27.254810    169.675 331.023889     694973   5015.813     580095  0.000e+00
    -1.9432  27.254810    169.727 331.023892     694976   5015.813     580112  0.000e+00
    -1.9430  27.254519    169.772 331.023895     694972   5015.793     580127  0.000e+00
    -1.9430  27.255102    169.830 331.023898     694972   5015.832     580146  0.000e+00
    -1.9430  27.255626    169.888 331.023900     694973   5015.867     580165  0.000e+00
    -1.9429  27.255335    169.940 331.023903     694971   5015.848     580182  0.000e+00
    -1.9431  27.255626    169.989 331.023906     694975   5015.867     580198  0.000e+00
    -1.9430  27.255859    170.047 331.023909     694973   5015.883     580217  0.000e+00
    -1.9429  27.255626    170.095 331.023912     694971   5015.867     580233  0.000e+00
    -1.9431  27.255859    170.159 331.023915     694975   5015.883     580254  0.000e+00
    -1.9431  27.255627    170.214 331.023918     694974   5015.867     580272  0.000e+00
    -1.9430  27.255336    170.263 331.023921     694973   5015.848     580288  0.000e+00
    -1.9431  27.256384    170.330 331.023924     694975   5015.918     580310  0.000e+00
    -1.9432  27.255336    170.388 331.023927     694977   5015.848     580329  0.000e+00
    -1.9432  27.256384    170.439 331.023929     694977   5015.918     580346  0.000e+00
    -1.9430  27.255336    170.500 331.023932     694972   5015.848     580366  0.000e+00
    -1.9433  27.255919    170.564 331.023935     694979   5015.887     580387  0.000e+00
    -1.9432  27.256676    170.616 331.023938     694976   5015.938     580404  0.000e+00
    -1.9432  27.256501    170.671 331.023941     694977   5015.926     580422  0.000e+00
    -1.9432  27.256676    170.732 331.023944     694977   5015.938     580442  0.000e+00
    -1.9433  27.256909    170.793 331.023947     694980   5015.953     580462  0.000e+00
    -1.9430  27.256734    170.845 331.023950     694973   5015.941     580479  0.000e+00
    -1.9433  27.256676    170.909 331.023953     694979   5015.938     580500  0.000e+00
    -1.9433  27.256735    170.970 331.023955     694978   5015.941     580520  0.000e+00
    -1.9432  27.257201    171.030 331.023958     694977   5015.973     580540  0.000e+00
    -1.9431  27.257492    171.088 331.023961     694974   5015.992     580559  0.000e+00
    -1.9432  27.257317    171.149 331.023964     694976   5015.980     580579  0.000e+00
    -1.9432  27.257725    171.204 331.023967     694977   5016.008     580597  0.000e+00
    -1.9432  27.257900    171.268 331.023970     694976   5016.020     580618  0.000e+00
    -1.9432  27.258249    171.317 331.023973     694977   5016.043     580634  0.000e+00
    -1.9431  27.258249    171.393 331.023976     694975   5016.043     580659  0.000e+00
    -1.9432  27.257609    171.448 331.023979     694976   5016.000     580677  0.000e+00
    -1.9431  27.259065    171.509 331.023981     694975   5016.098     580697  0.000e+00
    -1.9430  27.258425    171.573 331.023984     694973   5016.055     580718  0.000e+00
    -1.9432  27.258541    171.643 331.023987     694976   5016.063     580741  0.000e+00
    -1.9431  27.258541    171.725 331.023990     694974   5016.063     580768  0.000e+00
    -1.9433  27.259333    185.089 331.023993     694978   5016.113     585155  0.000e+00
    -1.9433  27.258922    228.315 331.023996     694980   5016.078     599346  0.000e+00
    -1.9432  27.259182    238.605 331.023999     694977   5016.094     602724  0.000e+00
    -1.9431  27.259243    239.728 331.024002     694975   5016.098     603093  0.000e+00
    -1.9431  27.259768    240.179 331.024005     694974   5016.133     603241  0.000e+00
    -1.9432  27.259769    240.533 331.024008     694976   5016.133     603357  0.000e+00
    -1.9430  27.260585    240.801 331.024010     694973   5016.188     603445  0.000e+00
    -1.9429  27.260585    241.059 331.024013     694970   5016.188     603530  0.000e+00
    -1.9429  27.260586    241.352 331.024016     694970   5016.188     603626  0.000e+00
    -1.9430  27.260878    241.623 331.024019     694973   5016.207     603715  0.000e+00
    -1.9428  27.261635    241.833 331.024022     694968   5016.258     603784  0.000e+00
    -1.9431  27.261112    242.071 331.024025     694974   5016.223     603862  0.000e+00
    -1.9429  27.260880    242.336 331.024028     694969   5016.207     603949  0.000e+00
    -1.9430  27.261637    242.570 331.024031     694973   5016.258     604026  0.000e+00
    -1.9429  27.260881    242.771 331.024034     694971   5016.207     604092  0.000e+00
    -1.9429  27.261638    243.009 331.024036     694969   5016.258     604170  0.000e+00
    -1.9430  27.262396    243.255 331.024039     694972   5016.309     604251  0.000e+00
    -1.9429  27.262571    243.475 331.024042     694969   5016.320     604323  0.000e+00
    -1.9429  27.262397    243.676 331.024045     694970   5016.309     604389  0.000e+00
    -1.9427  27.262572    243.907 331.024048     694966   5016.320     604465  0.000e+00
    -1.9428  27.262398    244.160 331.024051     694967   5016.309     604548  0.000e+00
    -1.9427  27.262981    244.440 331.024054     694966   5016.348     604640  0.000e+00
    -1.9427  27.263098    244.739 331.024057     694965   5016.355     604738  0.000e+00
    -1.9427  27.262168    245.056 331.024060     694965   5016.293     604842  0.000e+00
    -1.9427  27.263391    245.369 331.024063     694966   5016.375     604945  0.000e+00
    -1.9426  27.263508    245.674 331.024065     694963   5016.383     605045  0.000e+00
    -1.9426  27.264033    245.942 331.024068     694963   5016.418     605133  0.000e+00
    -1.9426  27.263975    246.143 331.024071     694963   5016.414     605199  0.000e+00
    -1.9427  27.264267    246.326 331.024074     694965   5016.434     605259  0.000e+00
    -1.9427  27.263685    246.524 331.024077     694965   5016.395     605324  0.000e+00
    -1.9427  27.264559    246.746 331.024080     694965   5016.453     605397  0.000e+00
    -1.9425  27.264268    246.956 331.024083     694962   5016.434     605466  0.000e+00
    -1.9426  27.264560    247.142 331.024086     694964   5016.453     605527  0.000e+00
    -1.9425  27.264037    247.343 331.024089     694962   5016.418     605593  0.000e+00
    -1.9425  27.265085    247.590 331.024091     694962   5016.488     605674  0.000e+00
    -1.9424  27.264562    247.812 331.024094     694960   5016.453     605747  0.000e+00
    -1.9425  27.265086    248.025 331.024097     694962   5016.488     605817  0.000e+00
    -1.9423  27.264796    248.275 331.024100     694957   5016.469     605899  0.000e+00
    -1.9425  27.265321    248.531 331.024103     694962   5016.504     605983  0.000e+00
    -1.9424  27.265088    248.744 331.024106     694960   5016.488     606053  0.000e+00
    -1.9424  27.265089    248.963 331.024109     694960   5016.488     606125  0.000e+00
    -1.9424  27.265381    249.213 331.024112     694960   5016.508     606207  0.000e+00
    -1.9425  27.265323    249.451 331.024115     694961   5016.504     606285  0.000e+00
    -1.9424  27.266430    249.655 331.024117     694960   5016.578     606352  0.000e+00
    -1.9422  27.266489    249.889 331.024120     694954   5016.582     606429  0.000e+00
    -1.9420  27.266140    250.124 331.024123     694950   5016.559     606506  0.000e+00
    -1.9420  27.267654    250.352 331.024126     694949   5016.660     606581  0.000e+00
    -1.9419  27.267713    250.562 331.024129     694947   5016.664     606650  0.000e+00
    -1.9418  27.266666    250.797 331.024132     694945   5016.594     606727  0.000e+00
    -1.9420  27.267365    251.031 331.024135     694950   5016.641     606804  0.000e+00
    -1.9419  27.267191    251.254 331.024138     694947   5016.629     606877  0.000e+00
    -1.9419  27.267657    251.488 331.024141     694947   5016.660     606954  0.000e+00
    -1.9418  27.268007    251.778 331.024144     694946   5016.684     607049  0.000e+00
    -1.9421  27.268008    252.067 331.024146     694952   5016.684     607144  0.000e+00
    -1.9419  27.267892    252.369 331.024149     694948   5016.676     607243  0.000e+00
    -1.9419  27.267718    252.679 331.024152     694948   5016.664     607345  0.000e+00
    -1.9419  27.268476    252.993 331.024155     694947   5016.715     607448  0.000e+00
    -1.9418  27.269059    253.304 331.024158     694946   5016.754     607550  0.000e+00
    -1.9419  27.268827    253.617 331.024161     694947   5016.738     607653  0.000e+00
    -1.9418  27.269876    253.934 331.024164     694946   5016.809     607757  0.000e+00
    -1.9417  27.268829    254.239 331.024167     694943   5016.738     607857  0.000e+00
    -1.9417  27.269878    254.528 331.024170     694943   5016.809     607952  0.000e+00
    -1.9416  27.269878    254.772 331.024172     694942   5016.809     608032  0.000e+00
    -1.9416  27.270112    255.012 331.024175     694942   5016.824     608111  0.000e+00
    -1.9415  27.269879    255.250 331.024178     694939   5016.809     608189  0.000e+00
    -1.9416  27.270695    255.454 331.024181     694941   5016.863     608256  0.000e+00
    -1.9416  27.269881    255.658 331.024184     694942   5016.809     608323  0.000e+00
    -1.9414  27.269881    255.868 331.024187     694936   5016.809     608392  0.000e+00
    -1.9415  27.270115    256.072 331.024190     694940   5016.824     608459  0.000e+00
    -1.9416  27.270755    256.255 331.024193     694941   5016.867     608519  0.000e+00
    -1.9415  27.271455    256.456 331.024196     694938   5016.914     608585  0.000e+00
    -1.9414  27.270989    256.666 331.024198     694936   5016.883     608654  0.000e+00
    -1.9415  27.271223    256.861 331.024201     694938   5016.898     608718  0.000e+00
    -1.9415  27.271456    257.047 331.024204     694939   5016.914     608779  0.000e+00
    -1.9412  27.272156    257.257 331.024207     694932   5016.961     608848  0.000e+00
    -1.9412  27.272505    257.464 331.024210     694933   5016.984     608916  0.000e+00
    -1.9411  27.272157    257.659 331.024213     694930   5016.961     608980  0.000e+00
    -1.9411  27.273031    257.851 331.024216     694931   5017.020     609043  0.000e+00
    -1.9409  27.273322    258.067 331.024219     694926   5017.039     609114  0.000e+00
    -1.9409  27.273265    258.283 331.024222     694926   5017.035     609185  0.000e+00
    -1.9409  27.273032    258.497 331.024225     694925   5017.020     609255  0.000e+00
    -1.9407  27.273266    258.722 331.024227     694921   5017.035     609329  0.000e+00
    -1.9407  27.273616    258.947 331.024230     694921   5017.059     609403  0.000e+00
    -1.9405  27.274373    259.176 331.024233     694917   5017.109     609478  0.000e+00
    -1.9406  27.273559    259.407 331.024236     694918   5017.055     609554  0.000e+00
    -1.9408  27.275190    259.669 331.024239     694923   5017.164     609640  0.000e+00
    -1.9404  27.274957    259.931 331.024242     694915   5017.148     609726  0.000e+00
    -1.9403  27.274376    260.190 331.024245     694913   5017.109     609811  0.000e+00
    -1.9404  27.275192    260.467 331.024248     694914   5017.164     609902  0.000e+00
    -1.9404  27.275251    260.747 331.024251     694915   5017.168     609994  0.000e+00
    -1.9401  27.276241    261.012 331.024253     694908   5017.234     610081  0.000e+00
    -1.9404  27.276358    261.271 331.024256     694914   5017.242     610166  0.000e+00
    -1.9401  27.276243    261.512 331.024259     694907   5017.234     610245  0.000e+00
    -1.9397  27.278631    261.749 331.024262     694900   5017.395     610323  0.000e+00
    -1.9386  27.279446    261.984 331.024265     694874   5017.449     610400  0.000e+00
    -1.9374  27.279680    262.209 331.024268     694849   5017.465     610474  0.000e+00
    -1.9370  27.279447    262.423 331.024271     694840   5017.449     610544  0.000e+00
    -1.9367  27.279681    262.630 331.024274     694832   5017.465     610612  0.000e+00
    -1.9364  27.279681    262.834 331.024277     694825   5017.465     610679  0.000e+00
    -1.9364  27.280264    263.041 331.024280     694825   5017.504     610747  0.000e+00
    -1.9364  27.280731    263.230 331.024282     694825   5017.535     610809  0.000e+00
    -1.9360  27.281139    263.409 331.024285     694816   5017.563     610868  0.000e+00
    -1.9356  27.281314    263.580 331.024288     694808   5017.574     610924  0.000e+00
    -1.9356  27.281547    263.757 331.024291     694808   5017.590     610982  0.000e+00
    -1.9356  27.281140    263.933 331.024294     694807   5017.563     611040  0.000e+00
    -1.9356  27.281548    264.122 331.024297     694808   5017.590     611102  0.000e+00
    -1.9356  27.281141    264.299 331.024300     694809   5017.563     611160  0.000e+00
    -1.9356  27.281549    264.472 331.024303     694808   5017.590     611217  0.000e+00
    -1.9357  27.281841    264.661 331.024306     694810   5017.609     611279  0.000e+00
    -1.9356  27.281725    264.865 331.024308     694808   5017.602     611346  0.000e+00
    -1.9356  27.281551    265.078 331.024311     694807   5017.590     611416  0.000e+00
    -1.9355  27.281435    265.286 331.024314     694805   5017.582     611484  0.000e+00
    -1.9360  27.281028    265.502 331.024317     694816   5017.555     611555  0.000e+00
    -1.9363  27.281028    265.739 331.024320     694824   5017.555     611633  0.000e+00
    -1.9365  27.281728    265.983 331.024323     694829   5017.602     611713  0.000e+00
    -1.9366  27.281845    266.227 331.024326     694830   5017.609     611793  0.000e+00
    -1.9366  27.281438    266.458 331.024329     694830   5017.582     611869  0.000e+00
    -1.9370  27.281322    266.677 331.024332     694838   5017.574     611941  0.000e+00
    -1.9370  27.281556    266.875 331.024334     694840   5017.590     612006  0.000e+00
    -1.9374  27.281731    267.052 331.024337     694848   5017.602     612064  0.000e+00
    -1.9374  27.280508    267.207 331.024340     694848   5017.520     612115  0.000e+00
    -1.9374  27.281440    267.332 331.024343     694849   5017.582     612156  0.000e+00
    -1.9377  27.281848    267.436 331.024346     694855   5017.609     612190  0.000e+00
    -1.9376  27.281033    267.527 331.024349     694852   5017.555     612220  0.000e+00
    -1.9375  27.281965    267.606 331.024352     694850   5017.617     612246  0.000e+00
    -1.9373  27.281325    267.686 331.024355     694846   5017.574     612272  0.000e+00
    -1.9373  27.281733    267.771 331.024358     694845   5017.602     612300  0.000e+00
    -1.9373  27.281034    267.881 331.024361     694845   5017.555     612336  0.000e+00
    -1.9373  27.281034    268.021 331.024363     694845   5017.555     612382  0.000e+00
    -1.9375  27.281151    268.182 331.024366     694850   5017.563     612435  0.000e+00
