tests/resources/orca-test-data/SBE19plus/4794/4794_036_KiM.cnv
* Sea-Bird SBE19plus Data File:
* FileName = C:\Documents and Settings\stevens\Desktop\K131_2007\CTD\4794_036.hex
* Software Version 1.50
* Temperature SN =  4977
* Conductivity SN =  4977
* System UpLoad Time = Nov 27 2007 09:12:44
** K131 McMurdo SeaIce Work
** nov-dec 2007
** using chch plastic ctd
** times are local (NZ daylight savings)
# nquan = 8
# nvalues = 3839                                  
# units = specified
# name 0 = tv290C: Temperature [ITS-90, deg C]
# name 1 = c0mS/cm: Conductivity [mS/cm]
# name 2 = prdM: Pressure, Strain Gauge [db]
# name 3 = timeJ: Julian Days
# name 4 = f0: Frequency 0
# name 5 = f1: Frequency 1
# name 6 = f2: Frequency 2
# name 7 = flag:  0.000e+00
# span 0 =    -4.0814,    -2.1115                 
# span 1 =  -0.000914,  17.366053                 
# span 2 =      1.420,    353.869                 
# span 3 = 331.343032, 331.354138                 
# span 4 =     698721,     743509                 
# span 5 =   2601.902,   4300.609                 
# span 6 =     524877,     640571                 
# span 7 = 0.0000e+00, 0.0000e+00                 
# interval = seconds: 0.25
# start_time = Nov 27 2007 08:13:58 [Instrument's time stamp, header]
# bad_flag = -9.990e-29
*END*
[from data line 360]
    -2.1335   5.730409      4.436 331.344074     699211   3262.176     525866  0.000e+00
    -2.1334   5.728824      4.430 331.344077     699209   3262.012     525864  0.000e+00
    -2.1334   5.727277      4.427 331.344080     699208   3261.852     525863  0.000e+00
    -2.1334   5.725051      4.430 331.344083     699209   3261.621     525864  0.000e+00
    -2.1334   5.723354      4.433 331.344086     699209   3261.445     525865  0.000e+00
    -2.1333   5.722260      4.423 331.344089     699206   3261.332     525862  0.000e+00
    -2.1335   5.721430      4.423 331.344091     699210   3261.246     525862  0.000e+00
    -2.1334   5.720864      4.424 331.344094     699209   3261.188     525862  0.000e+00
    -2.1334   5.718940      4.417 331.344097     699209   3260.988     525860  0.000e+00
    -2.1335   5.717054      4.427 331.344100     699211   3260.793     525863  0.000e+00
    -2.1334   5.715169      4.421 331.344103     699209   3260.598     525861  0.000e+00
    -2.1336   5.713811      4.415 331.344106     699212   3260.457     525859  0.000e+00
    -2.1336   5.712906      4.415 331.344109     699213   3260.363     525859  0.000e+00
    -2.1336   5.900318      4.418 331.344112     699213   3279.719     525860  0.000e+00
    -2.1335   7.773451      4.414 331.344115     699211   3467.223     525859  0.000e+00
    -2.1337   7.393610      4.415 331.344117     699215   3430.031     525859  0.000e+00
    -2.1338   7.192191      4.411 331.344120     699217   3410.145     525858  0.000e+00
    -2.1338   7.080851      4.405 331.344123     699217   3399.102     525856  0.000e+00
    -2.1340   7.007480      4.402 331.344126     699221   3391.805     525855  0.000e+00
    -2.1340   6.959725      4.402 331.344129     699221   3387.047     525855  0.000e+00
    -2.1342   6.923972      4.402 331.344132     699225   3383.480     525855  0.000e+00
    -2.1342   6.900927      4.399 331.344135     699226   3381.180     525854  0.000e+00
    -2.1343   6.879149      4.402 331.344138     699227   3379.004     525855  0.000e+00
    -2.1343   6.864612      4.393 331.344141     699227   3377.551     525852  0.000e+00
    -2.1346   6.855783      4.390 331.344144     699234   3376.668     525851  0.000e+00
    -2.1346   6.841295      4.393 331.344146     699234   3375.219     525852  0.000e+00
    -2.1346   6.829194      4.393 331.344149     699234   3374.008     525852  0.000e+00
    -2.1347   6.817760      4.390 331.344152     699236   3372.863     525851  0.000e+00
    -2.1347   6.803718      4.387 331.344155     699236   3371.457     525850  0.000e+00
    -2.1346   6.787186      4.384 331.344158     699234   3369.801     525849  0.000e+00
    -2.1347   6.769143      4.381 331.344161     699237   3367.992     525848  0.000e+00
    -2.1346   6.750954      4.378 331.344164     699235   3366.168     525847  0.000e+00
    -2.1347   6.732853      4.375 331.344167     699237   3364.352     525846  0.000e+00
    -2.1346   6.715501      4.378 331.344170     699234   3362.609     525847  0.000e+00
    -2.1344   6.699129      4.375 331.344172     699231   3360.965     525846  0.000e+00
    -2.1343   6.683776      4.378 331.344175     699228   3359.422     525847  0.000e+00
    -2.1343   6.670683      4.375 331.344178     699227   3358.105     525846  0.000e+00
    -2.1341   6.657090      4.363 331.344181     699224   3356.738     525842  0.000e+00
    -2.1340   6.648665      4.363 331.344184     699222   3355.891     525842  0.000e+00
    -2.1338   6.639777      4.363 331.344187     699217   3354.996     525842  0.000e+00
    -2.1337   6.633685      4.363 331.344190     699215   3354.383     525842  0.000e+00
    -2.1335   6.636517      4.357 331.344193     699210   3354.668     525840  0.000e+00
    -2.1336   6.639893      4.351 331.344196     699212   3355.008     525838  0.000e+00
    -2.1335   6.648044      4.357 331.344198     699210   3355.828     525840  0.000e+00
    -2.1336   6.658100      4.360 331.344201     699213   3356.840     525841  0.000e+00
    -2.1334   6.668119      4.360 331.344204     699209   3357.848     525841  0.000e+00
    -2.1335   6.681444      4.351 331.344207     699210   3359.188     525838  0.000e+00
    -2.1335   6.691976      4.351 331.344210     699211   3360.246     525838  0.000e+00
    -2.1333   6.706283      4.354 331.344213     699206   3361.684     525839  0.000e+00
    -2.1334   6.732425      4.348 331.344216     699208   3364.309     525837  0.000e+00
    -2.1336   6.743518      4.348 331.344219     699212   3365.422     525837  0.000e+00
    -2.1337   6.746749      4.345 331.344222     699215   3365.746     525836  0.000e+00
    -2.1335   6.743129      4.345 331.344225     699211   3365.383     525836  0.000e+00
    -2.1335   6.734916      4.345 331.344227     699211   3364.559     525836  0.000e+00
    -2.1335   6.725537      4.339 331.344230     699211   3363.617     525834  0.000e+00
    -2.1335   6.712117      4.339 331.344233     699210   3362.270     525834  0.000e+00
    -2.1334   6.696913      4.345 331.344236     699208   3360.742     525836  0.000e+00
    -2.1332   6.680823      4.339 331.344239     699204   3359.125     525834  0.000e+00
    -2.1332   6.663847      4.339 331.344242     699203   3357.418     525834  0.000e+00
    -2.1331   6.646336      4.330 331.344245     699201   3355.656     525831  0.000e+00
    -2.1330   6.629300      4.336 331.344248     699199   3353.941     525833  0.000e+00
    -2.1328   6.613941      4.339 331.344251     699195   3352.395     525834  0.000e+00
    -2.1327   6.598976      4.333 331.344253     699193   3350.887     525832  0.000e+00
    -2.1327   6.584831      4.339 331.344256     699192   3349.461     525834  0.000e+00
    -2.1324   6.571467      4.330 331.344259     699186   3348.113     525831  0.000e+00
    -2.1322   6.558728      4.333 331.344262     699182   3346.828     525832  0.000e+00
    -2.1321   6.546806      4.324 331.344265     699179   3345.625     525829  0.000e+00
    -2.1319   6.535431      4.327 331.344268     699175   3344.477     525830  0.000e+00
    -2.1317   6.524523      4.324 331.344271     699169   3343.375     525829  0.000e+00
    -2.1316   6.514315      4.324 331.344274     699168   3342.344     525829  0.000e+00
    -2.1314   6.504226      4.321 331.344277     699164   3341.324     525828  0.000e+00
    -2.1312   6.494758      4.318 331.344280     699159   3340.367     525827  0.000e+00
    -2.1311   6.485331      4.318 331.344282     699157   3339.414     525827  0.000e+00
    -2.1307   6.476332      4.321 331.344285     699148   3338.504     525828  0.000e+00
    -2.1305   6.467259      4.315 331.344288     699144   3337.586     525826  0.000e+00
    -2.1304   6.458612      4.312 331.344291     699141   3336.711     525825  0.000e+00
    -2.1303   6.450469      4.312 331.344294     699138   3335.887     525825  0.000e+00
    -2.1300   6.441943      4.309 331.344297     699133   3335.023     525824  0.000e+00
    -2.1301   6.434190      4.306 331.344300     699135   3334.238     525823  0.000e+00
    -2.1299   6.426477      4.309 331.344303     699130   3333.457     525824  0.000e+00
    -2.1300   6.419229      4.306 331.344306     699132   3332.723     525823  0.000e+00
    -2.1301   6.412021      4.303 331.344308     699134   3331.992     525822  0.000e+00
    -2.1299   6.404699      4.306 331.344311     699130   3331.250     525823  0.000e+00
    -2.1302   6.397725      4.300 331.344314     699136   3330.543     525821  0.000e+00
    -2.1303   6.390637      4.300 331.344317     699138   3329.824     525821  0.000e+00
    -2.1304   6.383590      4.294 331.344320     699141   3329.109     525819  0.000e+00
    -2.1305   6.376505      4.294 331.344323     699144   3328.391     525819  0.000e+00
    -2.1305   6.369691      4.288 331.344326     699143   3327.699     525817  0.000e+00
    -2.1308   6.362994      4.291 331.344329     699149   3327.020     525818  0.000e+00
    -2.1308   6.357453      4.288 331.344332     699149   3326.457     525817  0.000e+00
    -2.1309   6.351528      4.285 331.344334     699152   3325.855     525816  0.000e+00
    -2.1309   6.345489      4.279 331.344337     699153   3325.242     525814  0.000e+00
    -2.1309   6.339566      4.282 331.344340     699152   3324.641     525815  0.000e+00
    -2.1309   6.333683      4.279 331.344343     699152   3324.043     525814  0.000e+00
    -2.1309   6.328262      4.273 331.344346     699152   3323.492     525812  0.000e+00
    -2.1307   6.322880      4.276 331.344349     699147   3322.945     525813  0.000e+00
    -2.1306   6.317461      4.273 331.344352     699146   3322.395     525812  0.000e+00
    -2.1303   6.312312      4.270 331.344355     699140   3321.871     525811  0.000e+00
    -2.1303   6.307164      4.267 331.344358     699140   3321.348     525810  0.000e+00
    -2.1301   6.302285      4.267 331.344361     699134   3320.852     525810  0.000e+00
    -2.1299   6.297292      4.267 331.344363     699131   3320.344     525810  0.000e+00
    -2.1298   6.292261      4.261 331.344366     699127   3319.832     525808  0.000e+00
    -2.1297   6.287269      4.261 331.344369     699125   3319.324     525808  0.000e+00
    -2.1296   6.282125      4.258 331.344372     699124   3318.801     525807  0.000e+00
    -2.1295   6.277365      4.261 331.344375     699120   3318.316     525808  0.000e+00
    -2.1293   6.272759      4.258 331.344378     699116   3317.848     525807  0.000e+00
    -2.1290   6.268615      4.249 331.344381     699111   3317.426     525804  0.000e+00
    -2.1289   6.264011      4.246 331.344384     699107   3316.957     525803  0.000e+00
    -2.1288   6.259637      4.243 331.344387     699105   3316.512     525802  0.000e+00
    -2.1284   6.255111      4.249 331.344389     699097   3316.051     525804  0.000e+00
    -2.1283   6.251007      4.249 331.344392     699095   3315.633     525804  0.000e+00
    -2.1282   6.246788      4.249 331.344395     699091   3315.203     525804  0.000e+00
    -2.1280   6.242762      4.240 331.344398     699087   3314.793     525801  0.000e+00
    -2.1277   6.238660      4.243 331.344401     699080   3314.375     525802  0.000e+00
    -2.1277   6.233293      4.240 331.344404     699080   3313.828     525801  0.000e+00
    -2.1275   6.234788      4.231 331.344407     699077   3313.980     525798  0.000e+00
    -2.1274   6.230304      4.228 331.344410     699075   3313.523     525797  0.000e+00
    -2.1273   6.226816      4.224 331.344413     699071   3313.168     525796  0.000e+00
    -2.1271   6.223712      4.219 331.344416     699068   3312.852     525794  0.000e+00
    -2.1270   6.222869      4.219 331.344418     699066   3312.766     525794  0.000e+00
    -2.1269   6.226471      4.212 331.344421     699063   3313.133     525792  0.000e+00
    -2.1268   6.228081      4.209 331.344424     699061   3313.297     525791  0.000e+00
    -2.1267   6.230878      4.203 331.344427     699059   3313.582     525789  0.000e+00
    -2.1266   6.237932      4.206 331.344430     699056   3314.301     525790  0.000e+00
    -2.1264   6.245140      4.200 331.344433     699053   3315.035     525788  0.000e+00
    -2.1264   6.249013      4.191 331.344436     699052   3315.430     525785  0.000e+00
    -2.1261   6.256376      4.188 331.344439     699045   3316.180     525784  0.000e+00
    -2.1260   6.266850      4.191 331.344442     699043   3317.246     525785  0.000e+00
    -2.1258   6.279246      4.188 331.344444     699038   3318.508     525784  0.000e+00
    -2.1257   6.288498      4.206 331.344447     699036   3319.449     525790  0.000e+00
    -2.1255   6.307663      4.237 331.344450     699031   3321.398     525800  0.000e+00
    -2.1252   6.330645      4.350 331.344453     699026   3323.734     525837  0.000e+00
    -2.1252   6.350297      4.517 331.344456     699025   3325.730     525892  0.000e+00
    -2.1251   6.370577      4.691 331.344459     699022   3327.789     525949  0.000e+00
    -2.1248   6.389752      4.859 331.344462     699016   3329.734     526004  0.000e+00
    -2.1247   6.408861      4.999 331.344465     699015   3331.672     526050  0.000e+00
    -2.1246   6.426979      5.127 331.344468     699012   3333.508     526092  0.000e+00
    -2.1245   6.433187      5.230 331.344470     699009   3334.137     526126  0.000e+00
    -2.1244   6.443100      5.316 331.344473     699008   3335.141     526154  0.000e+00
    -2.1242   6.453248      5.374 331.344476     699004   3336.168     526173  0.000e+00
    -2.1241   6.463167      5.417 331.344479     699001   3337.172     526187  0.000e+00
    -2.1242   6.465715      5.432 331.344482     699002   3337.430     526192  0.000e+00
    -2.1241   6.466989      5.444 331.344485     699000   3337.559     526196  0.000e+00
    -2.1242   6.470425      5.438 331.344488     699003   3337.906     526194  0.000e+00
    -2.1240   6.470811      5.438 331.344491     698999   3337.945     526194  0.000e+00
    -2.1239   6.469653      5.435 331.344494     698997   3337.828     526193  0.000e+00
    -2.1239   6.465831      5.429 331.344497     698997   3337.441     526191  0.000e+00
    -2.1238   6.458033      5.423 331.344499     698995   3336.652     526189  0.000e+00
    -2.1237   6.445107      5.420 331.344502     698992   3335.344     526188  0.000e+00
    -2.1237   6.433689      5.417 331.344505     698992   3334.188     526187  0.000e+00
    -2.1235   6.423432      5.414 331.344508     698988   3333.148     526186  0.000e+00
    -2.1236   6.416839      5.407 331.344511     698989   3332.480     526184  0.000e+00
    -2.1235   6.415336      5.411 331.344514     698987   3332.328     526185  0.000e+00
    -2.1234   6.404815      5.408 331.344517     698984   3331.262     526184  0.000e+00
    -2.1234   6.401771      5.395 331.344520     698985   3330.953     526180  0.000e+00
    -2.1234   6.396069      5.398 331.344523     698985   3330.375     526181  0.000e+00
    -2.1234   6.397109      5.395 331.344525     698984   3330.480     526180  0.000e+00
    -2.1234   6.407705      5.395 331.344528     698984   3331.555     526180  0.000e+00
    -2.1232   6.428637      5.398 331.344531     698980   3333.676     526181  0.000e+00
    -2.1232   6.479847      5.389 331.344534     698981   3338.859     526178  0.000e+00
    -2.1230   6.576077      5.389 331.344537     698977   3348.578     526178  0.000e+00
    -2.1231   6.682649      5.386 331.344540     698978   3359.309     526177  0.000e+00
    -2.1232   6.846293      5.383 331.344543     698980   3375.719     526176  0.000e+00
    -2.1231   6.962782      5.383 331.344546     698979   3387.352     526176  0.000e+00
    -2.1230   6.962625      5.377 331.344549     698976   3387.336     526174  0.000e+00
    -2.1232   6.966112      5.374 331.344552     698981   3387.684     526173  0.000e+00
    -2.1234   6.976107      5.368 331.344554     698984   3388.680     526171  0.000e+00
    -2.1234   6.974225      5.368 331.344557     698985   3388.492     526171  0.000e+00
    -2.1235   6.981556      5.368 331.344560     698987   3389.223     526171  0.000e+00
    -2.1236   6.973559      5.365 331.344563     698990   3388.426     526170  0.000e+00
    -2.1235   6.956670      5.362 331.344566     698988   3386.742     526169  0.000e+00
    -2.1238   6.930236      5.356 331.344569     698993   3384.105     526167  0.000e+00
    -2.1235   6.919081      5.350 331.344572     698988   3382.992     526165  0.000e+00
    -2.1236   6.897447      5.350 331.344575     698989   3380.832     526165  0.000e+00
    -2.1235   6.872544      5.341 331.344578     698988   3378.344     526162  0.000e+00
    -2.1237   6.843911      5.338 331.344580     698992   3375.480     526161  0.000e+00
    -2.1235   6.824589      5.332 331.344583     698988   3373.547     526159  0.000e+00
    -2.1233   6.817878      5.332 331.344586     698982   3372.875     526159  0.000e+00
    -2.1234   6.820570      5.320 331.344589     698984   3373.145     526155  0.000e+00
