tests/resources/orca-test-data/SBE19plus/4794/4794_037_KiM.cnv
* Sea-Bird SBE19plus Data File:
* FileName = C:\Documents and Settings\stevens\Desktop\K131_2007\CTD\4794_037.hex
* Software Version 1.50
* Temperature SN =  4977
* Conductivity SN =  4977
* System UpLoad Time = Nov 27 2007 10:06:15
** K131 McMurdo SeaIce Work
** nov-dec 2007
** using chch plastic ctd
** times are local (NZ daylight savings)
# nquan = 8
# nvalues = 8645                                  
# units = specified
# name 0 = tv290C: Temperature [ITS-90, deg C]
# name 1 = c0mS/cm: Conductivity [mS/cm]
# name 2 = prdM: Pressure, Strain Gauge [db]
# name 3 = timeJ: Julian Days
# name 4 = f0: Frequency 0
# name 5 = f1: Frequency 1
# name 6 = f2: Frequency 2
# name 7 = flag:  0.000e+00
# span 0 =    -2.3422,    -1.9093                 
# span 1 =  -0.000493,  27.356701                 
# span 2 =     -0.280,    354.692                 
# span 3 = 331.392639, 331.417650                 
# span 4 =     694224,     703873                 
# span 5 =   2601.957,   5022.613                 
# span 6 =     524312,     640841                 
# span 7 = 0.0000e+00, 0.0000e+00                 
# interval = seconds: 0.25
# start_time = Nov 27 2007 09:25:24 [Instrument's time stamp, header]
# bad_flag = -9.990e-29
*END*
[from data line 6652]
    -1.9450  27.270809    276.457 331.411887     695017   5016.867     615152  0.000e+00
    -1.9449  27.270460    276.646 331.411889     695015   5016.844     615214  0.000e+00
    -1.9449  27.270518    276.875 331.411892     695014   5016.848     615289  0.000e+00
    -1.9451  27.270752    277.115 331.411895     695018   5016.863     615368  0.000e+00
    -1.9452  27.271277    277.316 331.411898     695020   5016.898     615434  0.000e+00
    -1.9452  27.270520    277.511 331.411901     695021   5016.848     615498  0.000e+00
    -1.9453  27.271511    277.746 331.411904     695023   5016.914     615575  0.000e+00
    -1.9454  27.270521    277.989 331.411907     695026   5016.848     615655  0.000e+00
    -1.9452  27.272327    278.203 331.411910     695022   5016.969     615725  0.000e+00
    -1.9452  27.272852    278.394 331.411913     695020   5017.004     615788  0.000e+00
    -1.9452  27.271920    278.586 331.411916     695020   5016.941     615851  0.000e+00
    -1.9450  27.273377    278.818 331.411918     695016   5017.039     615927  0.000e+00
    -1.9448  27.273610    279.034 331.411921     695012   5017.055     615998  0.000e+00
    -1.9448  27.273087    279.235 331.411924     695012   5017.020     616064  0.000e+00
    -1.9447  27.274427    279.476 331.411927     695009   5017.109     616143  0.000e+00
    -1.9446  27.274136    279.762 331.411930     695007   5017.090     616237  0.000e+00
    -1.9445  27.273904    280.024 331.411933     695005   5017.074     616323  0.000e+00
    -1.9443  27.274429    280.322 331.411936     695001   5017.109     616421  0.000e+00
    -1.9443  27.274430    280.666 331.411939     695001   5017.109     616534  0.000e+00
    -1.9441  27.274430    280.983 331.411942     694996   5017.109     616638  0.000e+00
    -1.9442  27.274722    281.288 331.411944     694998   5017.129     616738  0.000e+00
    -1.9443  27.274723    281.586 331.411947     695000   5017.129     616836  0.000e+00
    -1.9442  27.274724    281.870 331.411950     694998   5017.129     616929  0.000e+00
    -1.9441  27.275249    282.086 331.411953     694996   5017.164     617000  0.000e+00
    -1.9442  27.275249    282.278 331.411956     694998   5017.164     617063  0.000e+00
    -1.9442  27.274726    282.494 331.411959     694998   5017.129     617134  0.000e+00
    -1.9443  27.275483    282.683 331.411962     695000   5017.180     617196  0.000e+00
    -1.9443  27.275018    282.817 331.411965     695001   5017.148     617240  0.000e+00
    -1.9443  27.275251    282.920 331.411968     695000   5017.164     617274  0.000e+00
    -1.9441  27.276299    283.015 331.411970     694997   5017.234     617305  0.000e+00
    -1.9441  27.275601    283.115 331.411973     694997   5017.188     617338  0.000e+00
    -1.9441  27.276300    283.258 331.411976     694996   5017.234     617385  0.000e+00
    -1.9442  27.275601    283.447 331.411979     694998   5017.188     617447  0.000e+00
    -1.9441  27.276301    283.606 331.411982     694997   5017.234     617499  0.000e+00
    -1.9442  27.276301    283.776 331.411985     694999   5017.234     617555  0.000e+00
    -1.9441  27.276127    284.011 331.411988     694997   5017.223     617632  0.000e+00
    -1.9440  27.278166    284.273 331.411991     694994   5017.359     617718  0.000e+00
    -1.9438  27.276419    284.522 331.411994     694989   5017.242     617800  0.000e+00
    -1.9437  27.277643    284.784 331.411997     694988   5017.324     617886  0.000e+00
    -1.9436  27.277353    285.061 331.411999     694986   5017.305     617977  0.000e+00
    -1.9436  27.277819    285.351 331.412002     694986   5017.336     618072  0.000e+00
    -1.9435  27.277645    285.628 331.412005     694984   5017.324     618163  0.000e+00
    -1.9434  27.277529    285.896 331.412008     694982   5017.316     618251  0.000e+00
    -1.9435  27.278695    286.164 331.412011     694983   5017.395     618339  0.000e+00
    -1.9434  27.278171    286.389 331.412014     694982   5017.359     618413  0.000e+00
    -1.9434  27.278405    286.560 331.412017     694982   5017.375     618469  0.000e+00
    -1.9433  27.278463    286.712 331.412020     694980   5017.379     618519  0.000e+00
    -1.9433  27.278697    286.895 331.412023     694978   5017.395     618579  0.000e+00
    -1.9434  27.279745    287.084 331.412025     694981   5017.465     618641  0.000e+00
    -1.9433  27.278989    287.251 331.412028     694979   5017.414     618696  0.000e+00
    -1.9431  27.278931    287.388 331.412031     694975   5017.410     618741  0.000e+00
    -1.9433  27.279222    287.519 331.412034     694980   5017.430     618784  0.000e+00
    -1.9431  27.278932    287.659 331.412037     694975   5017.410     618830  0.000e+00
    -1.9432  27.279747    287.811 331.412040     694977   5017.465     618880  0.000e+00
    -1.9431  27.278991    287.988 331.412043     694975   5017.414     618938  0.000e+00
    -1.9431  27.279224    288.140 331.412046     694975   5017.430     618988  0.000e+00
    -1.9431  27.279224    288.256 331.412049     694975   5017.430     619026  0.000e+00
    -1.9432  27.279516    288.387 331.412052     694976   5017.449     619069  0.000e+00
    -1.9430  27.280564    288.521 331.412054     694973   5017.520     619113  0.000e+00
    -1.9430  27.279749    288.652 331.412057     694973   5017.465     619156  0.000e+00
    -1.9433  27.280099    288.829 331.412060     694978   5017.488     619214  0.000e+00
    -1.9431  27.280041    288.972 331.412063     694975   5017.484     619261  0.000e+00
    -1.9430  27.280333    289.060 331.412066     694973   5017.504     619290  0.000e+00
    -1.9433  27.280275    289.133 331.412069     694978   5017.500     619314  0.000e+00
    -1.9431  27.280275    289.209 331.412072     694974   5017.500     619339  0.000e+00
    -1.9431  27.279809    289.252 331.412075     694974   5017.469     619353  0.000e+00
    -1.9431  27.280042    289.319 331.412078     694975   5017.484     619375  0.000e+00
    -1.9431  27.280916    289.444 331.412080     694974   5017.543     619416  0.000e+00
    -1.9431  27.280800    289.608 331.412083     694975   5017.535     619470  0.000e+00
    -1.9430  27.280568    289.773 331.412086     694973   5017.520     619524  0.000e+00
    -1.9430  27.280917    289.892 331.412089     694972   5017.543     619563  0.000e+00
    -1.9430  27.280801    290.010 331.412092     694972   5017.535     619602  0.000e+00
    -1.9431  27.280918    290.132 331.412095     694975   5017.543     619642  0.000e+00
    -1.9430  27.280802    290.248 331.412098     694973   5017.535     619680  0.000e+00
    -1.9429  27.281093    290.364 331.412101     694971   5017.555     619718  0.000e+00
    -1.9430  27.281210    290.513 331.412104     694972   5017.563     619767  0.000e+00
    -1.9429  27.281909    290.684 331.412106     694971   5017.609     619823  0.000e+00
    -1.9429  27.282026    290.802 331.412109     694970   5017.617     619862  0.000e+00
    -1.9429  27.281095    290.912 331.412112     694969   5017.555     619898  0.000e+00
    -1.9428  27.281386    291.022 331.412115     694967   5017.574     619934  0.000e+00
    -1.9429  27.281212    291.113 331.412118     694969   5017.563     619964  0.000e+00
    -1.9429  27.281387    291.195 331.412121     694969   5017.574     619991  0.000e+00
    -1.9428  27.281795    291.311 331.412124     694967   5017.602     620029  0.000e+00
    -1.9427  27.281911    291.469 331.412127     694966   5017.609     620081  0.000e+00
    -1.9428  27.281621    291.603 331.412130     694967   5017.590     620125  0.000e+00
    -1.9427  27.282029    291.692 331.412133     694966   5017.617     620154  0.000e+00
    -1.9428  27.281388    291.783 331.412135     694967   5017.574     620184  0.000e+00
    -1.9428  27.281796    291.880 331.412138     694967   5017.602     620216  0.000e+00
    -1.9427  27.282146    291.957 331.412141     694965   5017.625     620241  0.000e+00
    -1.9429  27.282437    292.066 331.412144     694969   5017.645     620277  0.000e+00
    -1.9429  27.281215    292.249 331.412147     694969   5017.563     620337  0.000e+00
    -1.9426  27.281914    292.444 331.412150     694964   5017.609     620401  0.000e+00
    -1.9427  27.282322    292.639 331.412153     694966   5017.637     620465  0.000e+00
    -1.9427  27.282439    292.822 331.412156     694966   5017.645     620525  0.000e+00
    -1.9427  27.282440    293.013 331.412159     694966   5017.645     620588  0.000e+00
    -1.9427  27.282615    293.227 331.412161     694965   5017.656     620658  0.000e+00
    -1.9426  27.283489    293.461 331.412164     694964   5017.715     620735  0.000e+00
    -1.9427  27.283198    293.659 331.412167     694966   5017.695     620800  0.000e+00
    -1.9425  27.282675    293.845 331.412170     694962   5017.660     620861  0.000e+00
    -1.9426  27.283491    294.043 331.412173     694963   5017.715     620926  0.000e+00
    -1.9424  27.284015    294.256 331.412176     694960   5017.750     620996  0.000e+00
    -1.9424  27.283783    294.445 331.412179     694959   5017.734     621058  0.000e+00
    -1.9423  27.284598    294.585 331.412182     694957   5017.789     621104  0.000e+00
    -1.9421  27.285065    294.710 331.412185     694952   5017.820     621145  0.000e+00
    -1.9419  27.284832    294.832 331.412188     694948   5017.805     621185  0.000e+00
    -1.9419  27.285415    294.953 331.412190     694947   5017.844     621225  0.000e+00
    -1.9418  27.285590    295.093 331.412193     694946   5017.855     621271  0.000e+00
    -1.9417  27.285707    295.249 331.412196     694944   5017.863     621322  0.000e+00
    -1.9417  27.285357    295.349 331.412199     694943   5017.840     621355  0.000e+00
    -1.9416  27.285358    295.435 331.412202     694941   5017.840     621383  0.000e+00
    -1.9415  27.285707    295.550 331.412205     694939   5017.863     621421  0.000e+00
    -1.9415  27.286174    295.681 331.412208     694939   5017.895     621464  0.000e+00
    -1.9413  27.285999    295.858 331.412211     694935   5017.883     621522  0.000e+00
    -1.9414  27.285592    296.095 331.412214     694936   5017.855     621600  0.000e+00
    -1.9415  27.285884    296.342 331.412216     694939   5017.875     621681  0.000e+00
    -1.9413  27.286584    296.610 331.412219     694934   5017.922     621769  0.000e+00
    -1.9414  27.286934    296.915 331.412222     694936   5017.945     621869  0.000e+00
    -1.9412  27.286818    297.207 331.412225     694932   5017.938     621965  0.000e+00
    -1.9411  27.286411    297.481 331.412228     694930   5017.910     622055  0.000e+00
    -1.9410  27.287984    297.719 331.412231     694927   5018.016     622133  0.000e+00
    -1.9410  27.287694    297.941 331.412234     694927   5017.996     622206  0.000e+00
    -1.9406  27.288568    298.115 331.412237     694918   5018.055     622263  0.000e+00
    -1.9404  27.288219    298.252 331.412240     694914   5018.031     622308  0.000e+00
    -1.9402  27.289617    298.386 331.412242     694910   5018.125     622352  0.000e+00
    -1.9401  27.289617    298.568 331.412245     694908   5018.125     622412  0.000e+00
    -1.9399  27.290200    298.763 331.412248     694904   5018.164     622476  0.000e+00
    -1.9397  27.289851    298.937 331.412251     694899   5018.141     622533  0.000e+00
    -1.9395  27.291308    299.114 331.412254     694894   5018.238     622591  0.000e+00
    -1.9394  27.290959    299.302 331.412257     694893   5018.215     622653  0.000e+00
    -1.9392  27.291192    299.510 331.412260     694888   5018.230     622721  0.000e+00
    -1.9391  27.291076    299.698 331.412263     694886   5018.223     622783  0.000e+00
    -1.9389  27.290960    299.854 331.412266     694882   5018.215     622834  0.000e+00
    -1.9389  27.291892    300.000 331.412269     694882   5018.277     622882  0.000e+00
    -1.9388  27.292009    300.167 331.412271     694879   5018.285     622937  0.000e+00
    -1.9388  27.292243    300.353 331.412274     694880   5018.301     622998  0.000e+00
    -1.9387  27.292185    300.505 331.412277     694877   5018.297     623048  0.000e+00
    -1.9386  27.293583    300.612 331.412280     694874   5018.391     623083  0.000e+00
    -1.9383  27.293001    300.703 331.412283     694868   5018.352     623113  0.000e+00
    -1.9379  27.293059    300.801 331.412286     694860   5018.355     623145  0.000e+00
    -1.9378  27.294632    300.895 331.412289     694857   5018.461     623176  0.000e+00
    -1.9379  27.293875    300.990 331.412292     694858   5018.410     623207  0.000e+00
    -1.9376  27.295157    301.130 331.412295     694853   5018.496     623253  0.000e+00
    -1.9376  27.294458    301.294 331.412297     694853   5018.449     623307  0.000e+00
    -1.9374  27.294633    301.416 331.412300     694849   5018.461     623347  0.000e+00
    -1.9374  27.295449    301.529 331.412303     694849   5018.516     623384  0.000e+00
    -1.9374  27.295275    301.708 331.412306     694849   5018.504     623443  0.000e+00
    -1.9375  27.295159    301.915 331.412309     694850   5018.496     623511  0.000e+00
    -1.9373  27.295567    302.141 331.412312     694845   5018.523     623585  0.000e+00
    -1.9373  27.295976    302.384 331.412315     694846   5018.551     623665  0.000e+00
    -1.9372  27.295976    302.631 331.412318     694844   5018.551     623746  0.000e+00
    -1.9372  27.296093    302.847 331.412321     694844   5018.559     623817  0.000e+00
    -1.9372  27.295977    303.094 331.412323     694844   5018.551     623898  0.000e+00
    -1.9373  27.296968    303.323 331.412326     694845   5018.617     623973  0.000e+00
    -1.9370  27.297027    303.520 331.412329     694840   5018.621     624038  0.000e+00
    -1.9370  27.297319    303.728 331.412332     694838   5018.641     624106  0.000e+00
    -1.9368  27.297552    303.947 331.412335     694835   5018.656     624178  0.000e+00
    -1.9366  27.297844    304.136 331.412338     694831   5018.676     624240  0.000e+00
    -1.9365  27.298077    304.288 331.412341     694829   5018.691     624290  0.000e+00
    -1.9365  27.298369    304.471 331.412344     694828   5018.711     624350  0.000e+00
    -1.9363  27.298370    304.666 331.412347     694823   5018.711     624414  0.000e+00
    -1.9363  27.298370    304.864 331.412350     694823   5018.711     624479  0.000e+00
    -1.9364  27.298662    305.046 331.412352     694826   5018.730     624539  0.000e+00
    -1.9364  27.298662    305.238 331.412355     694825   5018.730     624602  0.000e+00
    -1.9362  27.299187    305.476 331.412358     694822   5018.766     624680  0.000e+00
    -1.9362  27.299188    305.710 331.412361     694822   5018.766     624757  0.000e+00
    -1.9359  27.299480    305.893 331.412364     694815   5018.785     624817  0.000e+00
    -1.9358  27.299713    306.051 331.412367     694813   5018.801     624869  0.000e+00
    -1.9358  27.299713    306.216 331.412370     694812   5018.801     624923  0.000e+00
    -1.9357  27.300063    306.398 331.412373     694810   5018.824     624983  0.000e+00
    -1.9356  27.299423    306.572 331.412376     694809   5018.781     625040  0.000e+00
    -1.9355  27.300064    306.718 331.412378     694805   5018.824     625088  0.000e+00
    -1.9355  27.299424    306.837 331.412381     694806   5018.781     625127  0.000e+00
    -1.9355  27.300473    306.977 331.412384     694805   5018.852     625173  0.000e+00
    -1.9355  27.300881    307.169 331.412387     694805   5018.879     625236  0.000e+00
    -1.9354  27.301056    307.410 331.412390     694804   5018.891     625315  0.000e+00
    -1.9353  27.302047    307.662 331.412393     694802   5018.957     625398  0.000e+00
    -1.9351  27.301291    307.927 331.412396     694797   5018.906     625485  0.000e+00
    -1.9351  27.301816    308.211 331.412399     694797   5018.941     625578  0.000e+00
    -1.9349  27.302049    308.448 331.412402     694793   5018.957     625656  0.000e+00
