tests/resources/orca-test-data/SBE19plus/4794/4794_029_KiM.cnv
* Sea-Bird SBE19plus Data File:
* FileName = C:\Documents and Settings\stevens\Desktop\K131_2007\CTD\4794_029.hex
* Software Version 1.50
* Temperature SN =  4977
* Conductivity SN =  4977
* System UpLoad Time = Nov 27 2007 01:44:39
** K131 McMurdo SeaIce Work
** nov-dec 2007
** using chch plastic ctd
** times are local (NZ daylight savings)
# nquan = 8
# nvalues = 343                                   
# units = specified
# name 0 = tv290C: Temperature [ITS-90, deg C]
# name 1 = c0mS/cm: Conductivity [mS/cm]
# name 2 = prdM: Pressure, Strain Gauge [db]
# name 3 = timeJ: Julian Days
# name 4 = f0: Frequency 0
# name 5 = f1: Frequency 1
# name 6 = f2: Frequency 2
# name 7 = flag:  0.000e+00
# span 0 =    -2.1817,    -2.0777                 
# span 1 =  -0.000222,   0.642912                 
# span 2 =     -0.261,     -0.233                 
# span 3 = 331.069236, 331.070226                 
# span 4 =     697967,     700286                 
# span 5 =   2601.992,   2684.191                 
# span 6 =     524319,     524328                 
# span 7 = 0.0000e+00, 0.0000e+00                 
# interval = seconds: 0.25
# start_time = Nov 27 2007 01:39:42 [Instrument's time stamp, header]
# bad_flag = -9.990e-29
*END*
    -2.0778   0.642912     -0.254 331.069236     697969   2684.191     524321  0.000e+00
    -2.0777   0.634099     -0.254 331.069239     697967   2683.082     524321  0.000e+00
    -2.0778   0.621352     -0.251 331.069242     697969   2681.477     524322  0.000e+00
    -2.0777   0.612517     -0.251 331.069245     697968   2680.363     524322  0.000e+00
    -2.0783   0.588200     -0.248 331.069248     697980   2677.297     524323  0.000e+00
    -2.0789   0.535296     -0.254 331.069251     697993   2670.613     524321  0.000e+00
    -2.0786   0.560634     -0.251 331.069253     697987   2673.816     524322  0.000e+00
    -2.0788   0.561685     -0.254 331.069256     697992   2673.949     524321  0.000e+00
    -2.0786   0.525324     -0.251 331.069259     697988   2669.352     524322  0.000e+00
    -2.0785   0.498919     -0.251 331.069262     697986   2666.008     524322  0.000e+00
    -2.0790   0.479137     -0.254 331.069265     697995   2663.500     524321  0.000e+00
    -2.0787   0.459896     -0.254 331.069268     697990   2661.059     524321  0.000e+00
    -2.0790   0.441719     -0.251 331.069271     697997   2658.750     524322  0.000e+00
    -2.0794   0.424540     -0.251 331.069274     698005   2656.566     524322  0.000e+00
    -2.0801   0.409432     -0.254 331.069277     698020   2654.645     524321  0.000e+00
    -2.0802   0.397034     -0.248 331.069280     698023   2653.066     524323  0.000e+00
    -2.0805   0.385748     -0.245 331.069282     698029   2651.629     524324  0.000e+00
    -2.0799   0.376245     -0.251 331.069285     698015   2650.418     524322  0.000e+00
    -2.0805   0.368615     -0.242 331.069288     698030   2649.445     524325  0.000e+00
    -2.0801   0.361692     -0.251 331.069291     698021   2648.563     524322  0.000e+00
    -2.0800   0.355354     -0.254 331.069294     698019   2647.754     524321  0.000e+00
    -2.0802   0.349139     -0.254 331.069297     698023   2646.961     524321  0.000e+00
    -2.0809   0.342315     -0.248 331.069300     698038   2646.090     524323  0.000e+00
    -2.0801   0.336074     -0.251 331.069303     698021   2645.293     524322  0.000e+00
    -2.0805   0.330569     -0.248 331.069306     698030   2644.590     524323  0.000e+00
    -2.0803   0.326044     -0.251 331.069308     698026   2644.012     524322  0.000e+00
    -2.0804   0.321978     -0.257 331.069311     698028   2643.492     524320  0.000e+00
    -2.0805   0.318065     -0.248 331.069314     698030   2642.992     524323  0.000e+00
    -2.0812   0.314062     -0.248 331.069317     698044   2642.480     524323  0.000e+00
    -2.0807   0.310243     -0.245 331.069320     698035   2641.992     524324  0.000e+00
    -2.0809   0.306425     -0.248 331.069323     698038   2641.504     524323  0.000e+00
    -2.0816   0.300744     -0.248 331.069326     698053   2640.777     524323  0.000e+00
    -2.0815   0.293600     -0.248 331.069329     698051   2639.863     524323  0.000e+00
    -2.0809   0.275811     -0.248 331.069332     698038   2637.586     524323  0.000e+00
    -2.0820   0.248106     -0.251 331.069334     698062   2634.035     524322  0.000e+00
    -2.0820   0.105452     -0.254 331.069337     698063   2615.676     524321  0.000e+00
    -2.0818   0.000350     -0.248 331.069340     698058   2602.066     524323  0.000e+00
    -2.0821   0.000109     -0.254 331.069343     698065   2602.035     524321  0.000e+00
    -2.0825   0.000019     -0.245 331.069346     698075   2602.023     524324  0.000e+00
    -2.0830   0.000019     -0.248 331.069349     698086   2602.023     524323  0.000e+00
    -2.0837  -0.000072     -0.251 331.069352     698101   2602.012     524322  0.000e+00
    -2.0834  -0.000162     -0.251 331.069355     698093   2602.000     524322  0.000e+00
    -2.0842  -0.000072     -0.248 331.069358     698111   2602.012     524323  0.000e+00
    -2.0850  -0.000162     -0.254 331.069361     698130   2602.000     524321  0.000e+00
    -2.0855  -0.000162     -0.248 331.069363     698140   2602.000     524323  0.000e+00
    -2.0859  -0.000162     -0.251 331.069366     698150   2602.000     524322  0.000e+00
    -2.0869  -0.000132     -0.248 331.069369     698172   2602.004     524323  0.000e+00
    -2.0865  -0.000222     -0.241 331.069372     698163   2601.992     524325  0.000e+00
    -2.0865  -0.000222     -0.248 331.069375     698162   2601.992     524323  0.000e+00
    -2.0867  -0.000162     -0.251 331.069378     698167   2602.000     524322  0.000e+00
    -2.0874  -0.000162     -0.251 331.069381     698182   2602.000     524322  0.000e+00
    -2.0873  -0.000222     -0.248 331.069384     698181   2601.992     524323  0.000e+00
    -2.0877  -0.000222     -0.248 331.069387     698189   2601.992     524323  0.000e+00
    -2.0881  -0.000222     -0.251 331.069389     698198   2601.992     524322  0.000e+00
    -2.0880  -0.000162     -0.245 331.069392     698197   2602.000     524324  0.000e+00
    -2.0883  -0.000222     -0.251 331.069395     698203   2601.992     524322  0.000e+00
    -2.0881  -0.000162     -0.251 331.069398     698199   2602.000     524322  0.000e+00
    -2.0891  -0.000222     -0.251 331.069401     698220   2601.992     524322  0.000e+00
    -2.0891  -0.000222     -0.251 331.069404     698220   2601.992     524322  0.000e+00
    -2.0894  -0.000162     -0.245 331.069407     698228   2602.000     524324  0.000e+00
    -2.0893  -0.000162     -0.251 331.069410     698225   2602.000     524322  0.000e+00
    -2.0895  -0.000162     -0.251 331.069413     698229   2602.000     524322  0.000e+00
    -2.0907  -0.000162     -0.245 331.069416     698256   2602.000     524324  0.000e+00
    -2.0905  -0.000222     -0.251 331.069418     698253   2601.992     524322  0.000e+00
    -2.0904  -0.000072     -0.251 331.069421     698250   2602.012     524322  0.000e+00
    -2.0908  -0.000162     -0.248 331.069424     698259   2602.000     524323  0.000e+00
    -2.0911  -0.000162     -0.248 331.069427     698266   2602.000     524323  0.000e+00
    -2.0915  -0.000162     -0.248 331.069430     698275   2602.000     524323  0.000e+00
    -2.0915  -0.000222     -0.251 331.069433     698274   2601.992     524322  0.000e+00
    -2.0927  -0.000162     -0.248 331.069436     698301   2602.000     524323  0.000e+00
    -2.0933  -0.000132     -0.248 331.069439     698314   2602.004     524323  0.000e+00
    -2.0936  -0.000162     -0.251 331.069442     698321   2602.000     524322  0.000e+00
    -2.0940  -0.000162     -0.251 331.069444     698331   2602.000     524322  0.000e+00
    -2.0933  -0.000162     -0.248 331.069447     698315   2602.000     524323  0.000e+00
    -2.0943  -0.000162     -0.254 331.069450     698337   2602.000     524321  0.000e+00
    -2.0948  -0.000162     -0.245 331.069453     698347   2602.000     524324  0.000e+00
    -2.0949  -0.000072     -0.251 331.069456     698351   2602.012     524322  0.000e+00
    -2.0954  -0.000222     -0.248 331.069459     698361   2601.992     524323  0.000e+00
    -2.0958  -0.000162     -0.248 331.069462     698371   2602.000     524323  0.000e+00
    -2.0960  -0.000162     -0.248 331.069465     698374   2602.000     524323  0.000e+00
    -2.0968  -0.000162     -0.248 331.069468     698393   2602.000     524323  0.000e+00
    -2.0969  -0.000162     -0.245 331.069470     698395   2602.000     524324  0.000e+00
    -2.0967  -0.000162     -0.254 331.069473     698391   2602.000     524321  0.000e+00
    -2.0973  -0.000072     -0.251 331.069476     698403   2602.012     524322  0.000e+00
    -2.0979  -0.000162     -0.251 331.069479     698418   2602.000     524322  0.000e+00
    -2.0988  -0.000072     -0.248 331.069482     698438   2602.012     524323  0.000e+00
    -2.0994  -0.000072     -0.245 331.069485     698450   2602.012     524324  0.000e+00
    -2.0992  -0.000162     -0.248 331.069488     698446   2602.000     524323  0.000e+00
    -2.1001  -0.000072     -0.248 331.069491     698465   2602.012     524323  0.000e+00
    -2.1009  -0.000072     -0.248 331.069494     698483   2602.012     524323  0.000e+00
    -2.1015  -0.000162     -0.245 331.069497     698498   2602.000     524324  0.000e+00
    -2.1019  -0.000072     -0.248 331.069499     698505   2602.012     524323  0.000e+00
    -2.1017   0.000019     -0.251 331.069502     698501   2602.023     524322  0.000e+00
    -2.1023  -0.000072     -0.251 331.069505     698516   2602.012     524322  0.000e+00
    -2.1028  -0.000162     -0.248 331.069508     698526   2602.000     524323  0.000e+00
    -2.1031  -0.000011     -0.254 331.069511     698533   2602.020     524321  0.000e+00
    -2.1036   0.000019     -0.248 331.069514     698544   2602.023     524323  0.000e+00
    -2.1043  -0.000072     -0.245 331.069517     698560   2602.012     524324  0.000e+00
    -2.1041  -0.000072     -0.248 331.069520     698556   2602.012     524323  0.000e+00
    -2.1042  -0.000072     -0.248 331.069523     698557   2602.012     524323  0.000e+00
    -2.1054  -0.000072     -0.251 331.069525     698583   2602.012     524322  0.000e+00
    -2.1055  -0.000011     -0.248 331.069528     698586   2602.020     524323  0.000e+00
    -2.1058  -0.000072     -0.251 331.069531     698594   2602.012     524322  0.000e+00
    -2.1068  -0.000072     -0.242 331.069534     698615   2602.012     524325  0.000e+00
    -2.1063  -0.000162     -0.245 331.069537     698604   2602.000     524324  0.000e+00
    -2.1065  -0.000072     -0.248 331.069540     698608   2602.012     524323  0.000e+00
    -2.1076  -0.000162     -0.254 331.069543     698633   2602.000     524321  0.000e+00
    -2.1077  -0.000072     -0.251 331.069546     698636   2602.012     524322  0.000e+00
    -2.1078   0.000019     -0.251 331.069549     698638   2602.023     524322  0.000e+00
    -2.1084  -0.000162     -0.245 331.069552     698651   2602.000     524324  0.000e+00
    -2.1088  -0.000072     -0.248 331.069554     698660   2602.012     524323  0.000e+00
    -2.1096  -0.000072     -0.248 331.069557     698677   2602.012     524323  0.000e+00
    -2.1094  -0.000072     -0.248 331.069560     698673   2602.012     524323  0.000e+00
    -2.1098  -0.000072     -0.248 331.069563     698682   2602.012     524323  0.000e+00
    -2.1098  -0.000072     -0.251 331.069566     698681   2602.012     524322  0.000e+00
    -2.1100  -0.000072     -0.245 331.069569     698687   2602.012     524324  0.000e+00
    -2.1105  -0.000072     -0.248 331.069572     698697   2602.012     524323  0.000e+00
    -2.1111  -0.000072     -0.245 331.069575     698710   2602.012     524324  0.000e+00
    -2.1113  -0.000072     -0.251 331.069578     698716   2602.012     524322  0.000e+00
    -2.1120  -0.000072     -0.248 331.069580     698731   2602.012     524323  0.000e+00
    -2.1120  -0.000162     -0.245 331.069583     698731   2602.000     524324  0.000e+00
    -2.1123  -0.000072     -0.251 331.069586     698738   2602.012     524322  0.000e+00
    -2.1128  -0.000072     -0.242 331.069589     698749   2602.012     524325  0.000e+00
    -2.1134  -0.000162     -0.245 331.069592     698762   2602.000     524324  0.000e+00
    -2.1141  -0.000072     -0.245 331.069595     698778   2602.012     524324  0.000e+00
    -2.1147  -0.000072     -0.236 331.069598     698792   2602.012     524327  0.000e+00
    -2.1156  -0.000072     -0.239 331.069601     698811   2602.012     524326  0.000e+00
    -2.1166  -0.000072     -0.233 331.069604     698833   2602.012     524328  0.000e+00
    -2.1164  -0.000162     -0.242 331.069606     698830   2602.000     524325  0.000e+00
    -2.1183  -0.000072     -0.236 331.069609     698871   2602.012     524327  0.000e+00
    -2.1190  -0.000162     -0.248 331.069612     698886   2602.000     524323  0.000e+00
    -2.1196  -0.000132     -0.254 331.069615     698900   2602.004     524321  0.000e+00
    -2.1205  -0.000072     -0.248 331.069618     698921   2602.012     524323  0.000e+00
    -2.1213  -0.000072     -0.248 331.069621     698938   2602.012     524323  0.000e+00
    -2.1214  -0.000162     -0.248 331.069624     698941   2602.000     524323  0.000e+00
    -2.1217  -0.000162     -0.251 331.069627     698947   2602.000     524322  0.000e+00
    -2.1219  -0.000072     -0.245 331.069630     698952   2602.012     524324  0.000e+00
    -2.1214  -0.000132     -0.257 331.069633     698941   2602.004     524320  0.000e+00
    -2.1229  -0.000162     -0.248 331.069635     698973   2602.000     524323  0.000e+00
    -2.1223  -0.000072     -0.248 331.069638     698960   2602.012     524323  0.000e+00
    -2.1230  -0.000162     -0.248 331.069641     698976   2602.000     524323  0.000e+00
    -2.1240  -0.000162     -0.248 331.069644     698999   2602.000     524323  0.000e+00
    -2.1233  -0.000162     -0.242 331.069647     698983   2602.000     524325  0.000e+00
    -2.1237  -0.000072     -0.257 331.069650     698991   2602.012     524320  0.000e+00
    -2.1238  -0.000132     -0.248 331.069653     698995   2602.004     524323  0.000e+00
    -2.1238  -0.000072     -0.248 331.069656     698994   2602.012     524323  0.000e+00
    -2.1242  -0.000072     -0.245 331.069659     699002   2602.012     524324  0.000e+00
    -2.1243  -0.000072     -0.251 331.069661     699005   2602.012     524322  0.000e+00
    -2.1242  -0.000162     -0.251 331.069664     699002   2602.000     524322  0.000e+00
    -2.1250  -0.000072     -0.251 331.069667     699020   2602.012     524322  0.000e+00
    -2.1261  -0.000132     -0.245 331.069670     699045   2602.004     524324  0.000e+00
    -2.1250  -0.000162     -0.242 331.069673     699020   2602.000     524325  0.000e+00
    -2.1259  -0.000072     -0.242 331.069676     699040   2602.012     524325  0.000e+00
    -2.1265  -0.000162     -0.245 331.069679     699054   2602.000     524324  0.000e+00
    -2.1269  -0.000162     -0.251 331.069682     699063   2602.000     524322  0.000e+00
    -2.1272  -0.000072     -0.251 331.069685     699070   2602.012     524322  0.000e+00
    -2.1261  -0.000132     -0.248 331.069687     699045   2602.004     524323  0.000e+00
    -2.1274  -0.000162     -0.254 331.069690     699074   2602.000     524321  0.000e+00
    -2.1275  -0.000162     -0.248 331.069693     699077   2602.000     524323  0.000e+00
    -2.1289  -0.000072     -0.248 331.069696     699107   2602.012     524323  0.000e+00
    -2.1300  -0.000162     -0.248 331.069699     699132   2602.000     524323  0.000e+00
    -2.1290  -0.000162     -0.248 331.069702     699111   2602.000     524323  0.000e+00
    -2.1291  -0.000132     -0.245 331.069705     699112   2602.004     524324  0.000e+00
    -2.1298  -0.000072     -0.248 331.069708     699127   2602.012     524323  0.000e+00
    -2.1302  -0.000162     -0.251 331.069711     699136   2602.000     524322  0.000e+00
    -2.1297  -0.000072     -0.245 331.069714     699125   2602.012     524324  0.000e+00
    -2.1306  -0.000162     -0.251 331.069716     699146   2602.000     524322  0.000e+00
    -2.1308  -0.000072     -0.248 331.069719     699151   2602.012     524323  0.000e+00
    -2.1323  -0.000132     -0.248 331.069722     699184   2602.004     524323  0.000e+00
    -2.1310  -0.000162     -0.248 331.069725     699154   2602.000     524323  0.000e+00
    -2.1319  -0.000162     -0.248 331.069728     699175   2602.000     524323  0.000e+00
    -2.1335  -0.000162     -0.248 331.069731     699210   2602.000     524323  0.000e+00
    -2.1326  -0.000072     -0.248 331.069734     699191   2602.012     524323  0.000e+00
    -2.1315  -0.000162     -0.248 331.069737     699166   2602.000     524323  0.000e+00
    -2.1332  -0.000132     -0.248 331.069740     699204   2602.004     524323  0.000e+00
    -2.1334  -0.000072     -0.248 331.069742     699209   2602.012     524323  0.000e+00
    -2.1343  -0.000162     -0.251 331.069745     699228   2602.000     524322  0.000e+00
    -2.1335  -0.000072     -0.251 331.069748     699211   2602.012     524322  0.000e+00
    -2.1345  -0.000162     -0.248 331.069751     699232   2602.000     524323  0.000e+00
