tests/resources/orca-test-data/SBE19plus/4794/4794_020_KiM.cnv
* Sea-Bird SBE19plus Data File:
* FileName = C:\Documents and Settings\stevens\Desktop\K131_2007\CTD\4794_020.hex
* Software Version 1.50
* Temperature SN =  4977
* Conductivity SN =  4977
* System UpLoad Time = Nov 26 2007 17:43:57
** K131 McMurdo SeaIce Work
** nov-dec 2007
** using chch plastic ctd
** times are local (NZ daylight savings)
# nquan = 8
# nvalues = 6209                                  
# units = specified
# name 0 = tv290C: Temperature [ITS-90, deg C]
# name 1 = c0mS/cm: Conductivity [mS/cm]
# name 2 = prdM: Pressure, Strain Gauge [db]
# name 3 = timeJ: Julian Days
# name 4 = f0: Frequency 0
# name 5 = f1: Frequency 1
# name 6 = f2: Frequency 2
# name 7 = flag:  0.000e+00
# span 0 =    -2.7091,    -1.9061                 
# span 1 =   0.032329,  27.375914                 
# span 2 =     -0.295,    363.480                 
# span 3 = 330.717280, 330.735243                 
# span 4 =     694154,     712118                 
# span 5 =   2606.215,   5023.898                 
# span 6 =     524307,     643727                 
# span 7 = 0.0000e+00, 0.0000e+00                 
# interval = seconds: 0.25
# start_time = Nov 26 2007 17:12:53 [Instrument's time stamp, header]
# bad_flag = -9.990e-29
*END*
[from data line 1259]
    -1.9081  27.144785    362.566 330.720923     694197   5008.391     643427  0.000e+00
    -1.9081  27.149610    362.563 330.720926     694198   5008.715     643426  0.000e+00
    -1.9081  27.158272    362.563 330.720929     694197   5009.297     643426  0.000e+00
    -1.9081  27.168796    362.563 330.720932     694198   5010.004     643426  0.000e+00
    -1.9082  27.166993    362.566 330.720935     694199   5009.883     643427  0.000e+00
    -1.9083  27.164028    362.573 330.720937     694202   5009.684     643429  0.000e+00
    -1.9083  27.158039    362.570 330.720940     694203   5009.281     643428  0.000e+00
    -1.9084  27.150889    362.573 330.720943     694205   5008.801     643429  0.000e+00
    -1.9084  27.147750    362.566 330.720946     694205   5008.590     643427  0.000e+00
    -1.9082  27.148098    362.573 330.720949     694199   5008.613     643429  0.000e+00
    -1.9082  27.155656    362.573 330.720952     694199   5009.121     643429  0.000e+00
    -1.9082  27.159609    362.579 330.720955     694200   5009.387     643431  0.000e+00
    -1.9081  27.168796    362.576 330.720958     694198   5010.004     643430  0.000e+00
    -1.9082  27.174669    362.573 330.720961     694199   5010.398     643429  0.000e+00
    -1.9083  27.171005    362.576 330.720964     694202   5010.152     643430  0.000e+00
    -1.9085  27.167516    362.576 330.720966     694206   5009.918     643430  0.000e+00
    -1.9083  27.164609    362.576 330.720969     694202   5009.723     643430  0.000e+00
    -1.9082  27.166993    362.576 330.720972     694201   5009.883     643430  0.000e+00
    -1.9084  27.168854    362.582 330.720975     694205   5010.008     643432  0.000e+00
    -1.9081  27.171005    362.576 330.720978     694198   5010.152     643430  0.000e+00
    -1.9080  27.171994    362.579 330.720981     694195   5010.219     643431  0.000e+00
    -1.9081  27.173564    362.579 330.720984     694198   5010.324     643431  0.000e+00
    -1.9083  27.171761    362.585 330.720987     694203   5010.203     643433  0.000e+00
    -1.9083  27.174378    362.585 330.720990     694203   5010.379     643433  0.000e+00
    -1.9082  27.172284    362.582 330.720992     694201   5010.238     643432  0.000e+00
    -1.9083  27.170947    362.582 330.720995     694202   5010.148     643432  0.000e+00
    -1.9082  27.168505    362.582 330.720998     694199   5009.984     643432  0.000e+00
    -1.9083  27.133800    362.585 330.721001     694203   5007.652     643433  0.000e+00
    -1.9083  27.131940    362.579 330.721004     694203   5007.527     643431  0.000e+00
    -1.9083  27.128744    362.582 330.721007     694203   5007.313     643432  0.000e+00
    -1.9082  27.128860    362.585 330.721010     694199   5007.320     643433  0.000e+00
    -1.9079  27.128744    362.591 330.721013     694194   5007.313     643435  0.000e+00
    -1.9078  27.123223    362.585 330.721016     694190   5006.941     643433  0.000e+00
    -1.9074  27.121305    362.582 330.721019     694183   5006.813     643432  0.000e+00
    -1.9073  27.118748    362.582 330.721021     694181   5006.641     643432  0.000e+00
    -1.9076  27.105443    362.588 330.721024     694186   5005.746     643434  0.000e+00
    -1.9075  27.091095    362.591 330.721027     694185   5004.781     643435  0.000e+00
    -1.9075  27.080931    362.588 330.721030     694184   5004.098     643434  0.000e+00
    -1.9076  27.068503    362.588 330.721033     694187   5003.262     643434  0.000e+00
    -1.9074  27.058923    362.588 330.721036     694182   5002.617     643434  0.000e+00
    -1.9075  27.062697    362.588 330.721039     694185   5002.871     643434  0.000e+00
    -1.9076  27.068097    362.588 330.721042     694186   5003.234     643434  0.000e+00
    -1.9075  27.075878    362.588 330.721045     694185   5003.758     643434  0.000e+00
    -1.9075  27.091095    362.594 330.721047     694184   5004.781     643436  0.000e+00
    -1.9077  27.098182    362.591 330.721050     694188   5005.258     643435  0.000e+00
    -1.9076  27.096904    362.588 330.721053     694186   5005.172     643434  0.000e+00
    -1.9076  27.094870    362.588 330.721056     694186   5005.035     643434  0.000e+00
    -1.9076  27.095858    362.594 330.721059     694186   5005.102     643436  0.000e+00
    -1.9074  27.096787    362.591 330.721062     694182   5005.164     643435  0.000e+00
    -1.9076  27.092663    362.591 330.721065     694186   5004.887     643435  0.000e+00
    -1.9076  27.090107    362.600 330.721068     694187   5004.715     643438  0.000e+00
    -1.9076  27.086100    362.600 330.721071     694186   5004.445     643438  0.000e+00
    -1.9077  27.079247    362.597 330.721073     694188   5003.984     643437  0.000e+00
    -1.9078  27.072568    362.597 330.721076     694192   5003.535     643437  0.000e+00
    -1.9078  27.048009    362.591 330.721079     694190   5001.883     643435  0.000e+00
    -1.9081  27.013593    362.600 330.721082     694198   4999.566     643438  0.000e+00
    -1.9087  27.008661    362.600 330.721085     694210   4999.234     643438  0.000e+00
    -1.9087  26.988067    362.606 330.721088     694212   4997.848     643440  0.000e+00
    -1.9087  26.921451    362.600 330.721091     694211   4993.359     643438  0.000e+00
    -1.9087  26.935419    362.603 330.721094     694210   4994.301     643439  0.000e+00
    -1.9083  27.353759    362.603 330.721097     694203   5022.414     643439  0.000e+00
    -1.9082  27.372240    362.606 330.721100     694201   5023.652     643440  0.000e+00
    -1.9086  27.372649    362.597 330.721102     694209   5023.680     643437  0.000e+00
    -1.9084  27.372415    362.600 330.721105     694205   5023.664     643438  0.000e+00
    -1.9085  27.372240    362.600 330.721108     694206   5023.652     643438  0.000e+00
    -1.9084  27.372415    362.606 330.721111     694205   5023.664     643440  0.000e+00
    -1.9084  27.372415    362.606 330.721114     694204   5023.664     643440  0.000e+00
    -1.9082  27.372824    362.606 330.721117     694200   5023.691     643440  0.000e+00
    -1.9081  27.372940    362.609 330.721120     694198   5023.699     643441  0.000e+00
    -1.9080  27.372240    362.609 330.721123     694196   5023.652     643441  0.000e+00
    -1.9082  27.371308    362.603 330.721126     694201   5023.590     643439  0.000e+00
    -1.9085  27.369209    362.609 330.721128     694207   5023.449     643441  0.000e+00
    -1.9090  27.371133    362.609 330.721131     694218   5023.578     643441  0.000e+00
    -1.9090  27.371308    362.612 330.721134     694218   5023.590     643442  0.000e+00
    -1.9089  27.371832    362.609 330.721137     694215   5023.625     643441  0.000e+00
    -1.9091  27.371366    362.609 330.721140     694219   5023.594     643441  0.000e+00
    -1.9091  27.371832    362.609 330.721143     694219   5023.625     643441  0.000e+00
    -1.9091  27.371658    362.609 330.721146     694219   5023.613     643441  0.000e+00
    -1.9091  27.372124    362.612 330.721149     694219   5023.645     643442  0.000e+00
    -1.9090  27.371832    362.612 330.721152     694217   5023.625     643442  0.000e+00
    -1.9087  27.371949    362.609 330.721155     694210   5023.633     643441  0.000e+00
    -1.9084  27.372415    362.612 330.721157     694204   5023.664     643442  0.000e+00
    -1.9084  27.372649    362.618 330.721160     694205   5023.680     643444  0.000e+00
    -1.9082  27.371949    362.609 330.721163     694200   5023.633     643441  0.000e+00
    -1.9079  27.372415    362.615 330.721166     694194   5023.664     643443  0.000e+00
    -1.9079  27.372824    362.615 330.721169     694194   5023.691     643443  0.000e+00
    -1.9082  27.373173    362.615 330.721172     694201   5023.715     643443  0.000e+00
    -1.9083  27.372940    362.621 330.721175     694202   5023.699     643445  0.000e+00
    -1.9082  27.372824    362.618 330.721178     694201   5023.691     643444  0.000e+00
    -1.9083  27.372124    362.615 330.721181     694202   5023.645     643443  0.000e+00
    -1.9082  27.372940    362.621 330.721183     694199   5023.699     643445  0.000e+00
    -1.9079  27.373348    362.621 330.721186     694193   5023.727     643445  0.000e+00
    -1.9080  27.373173    362.624 330.721189     694195   5023.715     643446  0.000e+00
    -1.9078  27.373931    362.624 330.721192     694190   5023.766     643446  0.000e+00
    -1.9075  27.373465    362.621 330.721195     694185   5023.734     643445  0.000e+00
    -1.9076  27.372940    362.618 330.721198     694187   5023.699     643444  0.000e+00
    -1.9077  27.373057    362.624 330.721201     694189   5023.707     643446  0.000e+00
    -1.9078  27.373173    362.618 330.721204     694191   5023.715     643444  0.000e+00
    -1.9078  27.372940    362.627 330.721207     694192   5023.699     643447  0.000e+00
    -1.9078  27.372824    362.627 330.721209     694191   5023.691     643447  0.000e+00
    -1.9077  27.372649    362.627 330.721212     694188   5023.680     643447  0.000e+00
    -1.9077  27.374223    362.627 330.721215     694188   5023.785     643447  0.000e+00
    -1.9077  27.373465    362.627 330.721218     694188   5023.734     643447  0.000e+00
    -1.9076  27.373465    362.630 330.721221     694187   5023.734     643448  0.000e+00
    -1.9075  27.373640    362.621 330.721224     694185   5023.746     643445  0.000e+00
    -1.9076  27.373698    362.624 330.721227     694186   5023.750     643446  0.000e+00
    -1.9075  27.373173    362.630 330.721230     694184   5023.715     643448  0.000e+00
    -1.9075  27.373348    362.624 330.721233     694184   5023.727     643446  0.000e+00
    -1.9079  27.373173    362.630 330.721236     694193   5023.715     643448  0.000e+00
    -1.9078  27.373640    362.630 330.721238     694191   5023.746     643448  0.000e+00
    -1.9078  27.373173    362.621 330.721241     694190   5023.715     643445  0.000e+00
    -1.9077  27.373465    362.634 330.721244     694189   5023.734     643449  0.000e+00
    -1.9077  27.373348    362.627 330.721247     694189   5023.727     643447  0.000e+00
    -1.9078  27.372940    362.630 330.721250     694190   5023.699     643448  0.000e+00
    -1.9077  27.373057    362.633 330.721253     694189   5023.707     643449  0.000e+00
    -1.9077  27.373173    362.630 330.721256     694188   5023.715     643448  0.000e+00
    -1.9077  27.373698    362.640 330.721259     694188   5023.750     643451  0.000e+00
    -1.9075  27.373057    362.637 330.721262     694184   5023.707     643450  0.000e+00
    -1.9077  27.372940    362.637 330.721264     694188   5023.699     643450  0.000e+00
    -1.9075  27.373990    362.633 330.721267     694184   5023.770     643449  0.000e+00
    -1.9073  27.373931    362.640 330.721270     694179   5023.766     643451  0.000e+00
    -1.9073  27.373698    362.630 330.721273     694180   5023.750     643448  0.000e+00
    -1.9074  27.373931    362.640 330.721276     694182   5023.766     643451  0.000e+00
    -1.9074  27.373698    362.637 330.721279     694182   5023.750     643450  0.000e+00
    -1.9074  27.372940    362.640 330.721282     694183   5023.699     643451  0.000e+00
    -1.9077  27.373057    362.640 330.721285     694189   5023.707     643451  0.000e+00
    -1.9078  27.373173    362.637 330.721288     694190   5023.715     643450  0.000e+00
    -1.9078  27.372649    362.643 330.721291     694190   5023.680     643452  0.000e+00
    -1.9079  27.373348    362.646 330.721293     694193   5023.727     643453  0.000e+00
    -1.9079  27.373173    362.643 330.721296     694193   5023.715     643452  0.000e+00
    -1.9079  27.372824    362.643 330.721299     694194   5023.691     643452  0.000e+00
    -1.9077  27.373173    362.643 330.721302     694189   5023.715     643452  0.000e+00
    -1.9078  27.373698    362.643 330.721305     694192   5023.750     643452  0.000e+00
    -1.9077  27.372824    362.640 330.721308     694188   5023.691     643451  0.000e+00
    -1.9076  27.373173    362.643 330.721311     694187   5023.715     643452  0.000e+00
    -1.9075  27.372415    362.646 330.721314     694185   5023.664     643453  0.000e+00
    -1.9076  27.373640    362.649 330.721317     694187   5023.746     643454  0.000e+00
    -1.9075  27.373173    362.646 330.721319     694185   5023.715     643453  0.000e+00
    -1.9076  27.372241    362.649 330.721322     694187   5023.652     643454  0.000e+00
    -1.9078  27.372940    362.649 330.721325     694190   5023.699     643454  0.000e+00
    -1.9082  27.372416    362.646 330.721328     694199   5023.664     643453  0.000e+00
    -1.9081  27.371658    362.643 330.721331     694198   5023.613     643452  0.000e+00
    -1.9083  27.371832    362.646 330.721334     694202   5023.625     643453  0.000e+00
    -1.9084  27.372124    362.643 330.721337     694204   5023.645     643452  0.000e+00
    -1.9086  27.372532    362.652 330.721340     694209   5023.672     643455  0.000e+00
    -1.9087  27.371599    362.649 330.721343     694211   5023.609     643454  0.000e+00
    -1.9086  27.371949    362.649 330.721345     694209   5023.633     643454  0.000e+00
    -1.9084  27.372940    362.655 330.721348     694205   5023.699     643456  0.000e+00
    -1.9082  27.372416    362.652 330.721351     694199   5023.664     643455  0.000e+00
    -1.9082  27.372241    362.655 330.721354     694200   5023.652     643456  0.000e+00
    -1.9085  27.371599    362.649 330.721357     694206   5023.609     643454  0.000e+00
    -1.9087  27.372649    362.649 330.721360     694211   5023.680     643454  0.000e+00
    -1.9088  27.372824    362.652 330.721363     694213   5023.691     643455  0.000e+00
    -1.9087  27.372940    362.655 330.721366     694211   5023.699     643456  0.000e+00
    -1.9087  27.372532    362.655 330.721369     694210   5023.672     643456  0.000e+00
    -1.9084  27.372649    362.655 330.721372     694205   5023.680     643456  0.000e+00
    -1.9084  27.372940    362.658 330.721374     694205   5023.699     643457  0.000e+00
    -1.9084  27.372824    362.658 330.721377     694204   5023.691     643457  0.000e+00
    -1.9080  27.373174    362.652 330.721380     694196   5023.715     643455  0.000e+00
    -1.9080  27.372124    362.661 330.721383     694195   5023.645     643458  0.000e+00
    -1.9081  27.372824    362.661 330.721386     694198   5023.691     643458  0.000e+00
    -1.9084  27.373174    362.658 330.721389     694205   5023.715     643457  0.000e+00
    -1.9083  27.373057    362.658 330.721392     694202   5023.707     643457  0.000e+00
    -1.9082  27.373174    362.661 330.721395     694201   5023.715     643458  0.000e+00
    -1.9080  27.373174    362.658 330.721398     694195   5023.715     643457  0.000e+00
    -1.9078  27.373640    362.661 330.721400     694192   5023.746     643458  0.000e+00
    -1.9077  27.373174    362.664 330.721403     694189   5023.715     643459  0.000e+00
    -1.9078  27.373465    362.661 330.721406     694191   5023.734     643458  0.000e+00
    -1.9076  27.373057    362.664 330.721409     694187   5023.707     643459  0.000e+00
    -1.9077  27.372940    362.661 330.721412     694188   5023.699     643458  0.000e+00
    -1.9078  27.373348    362.661 330.721415     694190   5023.727     643458  0.000e+00
    -1.9078  27.373174    362.664 330.721418     694191   5023.715     643459  0.000e+00
    -1.9078  27.372649    362.667 330.721421     694190   5023.680     643460  0.000e+00
    -1.9084  27.373349    362.667 330.721424     694204   5023.727     643460  0.000e+00
    -1.9083  27.373465    362.667 330.721427     694203   5023.734     643460  0.000e+00
    -1.9082  27.373465    362.667 330.721429     694199   5023.734     643460  0.000e+00
    -1.9078  27.373348    362.664 330.721432     694192   5023.727     643459  0.000e+00
    -1.9079  27.373698    362.670 330.721435     694194   5023.750     643461  0.000e+00
    -1.9078  27.373640    362.667 330.721438     694191   5023.746     643460  0.000e+00
