tests/resources/orca-test-data/SBE19plus/4794/4794_027_KiM.cnv
* Sea-Bird SBE19plus Data File:
* FileName = C:\Documents and Settings\stevens\Desktop\K131_2007\CTD\4794_027.hex
* Software Version 1.50
* Temperature SN =  4977
* Conductivity SN =  4977
* System UpLoad Time = Nov 27 2007 00:48:15
** K131 McMurdo SeaIce Work
** nov-dec 2007
** using chch plastic ctd
** times are local (NZ daylight savings)
# nquan = 8
# nvalues = 6663                                  
# units = specified
# name 0 = tv290C: Temperature [ITS-90, deg C]
# name 1 = c0mS/cm: Conductivity [mS/cm]
# name 2 = prdM: Pressure, Strain Gauge [db]
# name 3 = timeJ: Julian Days
# name 4 = f0: Frequency 0
# name 5 = f1: Frequency 1
# name 6 = f2: Frequency 2
# name 7 = flag:  0.000e+00
# span 0 =    -3.7907,    -1.9022                 
# span 1 =   0.057419,  27.379285                 
# span 2 =     -0.268,    358.318                 
# span 3 = 331.011366, 331.030642                 
# span 4 =     694066,     736789                 
# span 5 =   2609.465,   5024.125                 
# span 6 =     524316,     642032                 
# span 7 = 0.0000e+00, 0.0000e+00                 
# interval = seconds: 0.25
# start_time = Nov 27 2007 00:16:22 [Instrument's time stamp, header]
# bad_flag = -9.990e-29
*END*
[from data line 1798]
    -1.9399  27.375561    226.775 331.016568     694903   5023.898     598841  0.000e+00
    -1.9402  27.374162    226.817 331.016571     694909   5023.805     598855  0.000e+00
    -1.9402  27.375561    226.839 331.016574     694909   5023.898     598862  0.000e+00
    -1.9395  27.374686    226.869 331.016577     694895   5023.840     598872  0.000e+00
    -1.9394  27.364833    226.878 331.016580     694893   5023.180     598875  0.000e+00
    -1.9402  27.375270    226.869 331.016583     694910   5023.879     598872  0.000e+00
    -1.9398  27.374162    226.863 331.016586     694901   5023.805     598870  0.000e+00
    -1.9394  27.374686    226.833 331.016589     694893   5023.840     598860  0.000e+00
    -1.9397  27.374162    226.817 331.016591     694900   5023.805     598855  0.000e+00
    -1.9403  27.374162    226.796 331.016594     694913   5023.805     598848  0.000e+00
    -1.9403  27.374978    226.769 331.016597     694913   5023.859     598839  0.000e+00
    -1.9387  27.375211    226.747 331.016600     694876   5023.875     598832  0.000e+00
    -1.9383  27.373928    226.717 331.016603     694867   5023.789     598822  0.000e+00
    -1.9384  27.374686    226.699 331.016606     694870   5023.840     598816  0.000e+00
    -1.9381  27.374453    226.677 331.016609     694863   5023.824     598809  0.000e+00
    -1.9382  27.374453    226.659 331.016612     694866   5023.824     598803  0.000e+00
    -1.9380  27.376668    226.686 331.016615     694862   5023.973     598812  0.000e+00
    -1.9376  27.374977    226.696 331.016617     694853   5023.859     598815  0.000e+00
    -1.9377  27.374161    226.699 331.016620     694854   5023.805     598816  0.000e+00
    -1.9375  27.373345    226.699 331.016623     694850   5023.750     598816  0.000e+00
    -1.9375  27.373928    226.708 331.016626     694850   5023.789     598819  0.000e+00
    -1.9377  27.372995    226.717 331.016629     694854   5023.727     598822  0.000e+00
    -1.9382  27.374161    226.726 331.016632     694866   5023.805     598825  0.000e+00
    -1.9387  27.375211    226.744 331.016635     694876   5023.875     598831  0.000e+00
    -1.9385  27.375852    226.769 331.016638     694873   5023.918     598839  0.000e+00
    -1.9380  27.375794    226.790 331.016641     694862   5023.914     598846  0.000e+00
    -1.9374  27.376086    226.824 331.016644     694849   5023.934     598857  0.000e+00
    -1.9369  27.376844    226.854 331.016646     694837   5023.984     598867  0.000e+00
    -1.9361  27.376027    226.909 331.016649     694820   5023.930     598885  0.000e+00
    -1.9358  27.375561    226.951 331.016652     694812   5023.898     598899  0.000e+00
    -1.9359  27.376552    226.970 331.016655     694814   5023.965     598905  0.000e+00
    -1.9358  27.375503    226.976 331.016658     694812   5023.895     598907  0.000e+00
    -1.9353  27.374978    227.000 331.016661     694802   5023.859     598915  0.000e+00
    -1.9348  27.375794    227.043 331.016664     694790   5023.914     598929  0.000e+00
    -1.9339  27.375561    227.082 331.016667     694770   5023.898     598942  0.000e+00
    -1.9342  27.375795    227.134 331.016670     694777   5023.914     598959  0.000e+00
    -1.9340  27.375795    227.174 331.016672     694773   5023.914     598972  0.000e+00
    -1.9337  27.375562    227.229 331.016675     694765   5023.898     598990  0.000e+00
    -1.9335  27.375795    227.290 331.016678     694761   5023.914     599010  0.000e+00
    -1.9331  27.376028    227.351 331.016681     694752   5023.930     599030  0.000e+00
    -1.9325  27.376670    227.424 331.016684     694740   5023.973     599054  0.000e+00
    -1.9320  27.376553    227.506 331.016687     694729   5023.965     599081  0.000e+00
    -1.9325  27.376087    227.576 331.016690     694739   5023.934     599104  0.000e+00
    -1.9324  27.375213    227.655 331.016693     694737   5023.875     599130  0.000e+00
    -1.9324  27.376029    227.719 331.016696     694738   5023.930     599151  0.000e+00
    -1.9325  27.375271    227.774 331.016698     694739   5023.879     599169  0.000e+00
    -1.9324  27.376554    227.838 331.016701     694737   5023.965     599190  0.000e+00
    -1.9320  27.376030    227.905 331.016704     694729   5023.930     599212  0.000e+00
    -1.9319  27.376088    227.981 331.016707     694725   5023.934     599237  0.000e+00
    -1.9317  27.374980    228.045 331.016710     694722   5023.859     599258  0.000e+00
    -1.9311  27.375564    228.124 331.016713     694709   5023.898     599284  0.000e+00
    -1.9312  27.376030    228.185 331.016716     694711   5023.930     599304  0.000e+00
    -1.9318  27.375797    228.237 331.016719     694723   5023.914     599321  0.000e+00
    -1.9321  27.375564    228.277 331.016722     694731   5023.898     599334  0.000e+00
    -1.9322  27.376556    228.319 331.016725     694732   5023.965     599348  0.000e+00
    -1.9318  27.375506    228.368 331.016727     694724   5023.895     599364  0.000e+00
    -1.9306  27.376089    228.407 331.016730     694698   5023.934     599377  0.000e+00
    -1.9295  27.376847    228.438 331.016733     694673   5023.984     599387  0.000e+00
    -1.9295  27.376089    228.468 331.016736     694672   5023.934     599397  0.000e+00
    -1.9296  27.376322    228.481 331.016739     694674   5023.949     599401  0.000e+00
    -1.9301  27.376031    228.450 331.016742     694685   5023.930     599391  0.000e+00
    -1.9302  27.376672    228.429 331.016745     694689   5023.973     599384  0.000e+00
    -1.9302  27.375214    228.426 331.016748     694687   5023.875     599383  0.000e+00
    -1.9306  27.377080    228.441 331.016751     694697   5024.000     599388  0.000e+00
    -1.9300  27.375564    228.465 331.016753     694683   5023.898     599396  0.000e+00
    -1.9296  27.376031    228.471 331.016756     694675   5023.930     599398  0.000e+00
    -1.9299  27.375273    228.484 331.016759     694682   5023.879     599402  0.000e+00
    -1.9294  27.375798    228.545 331.016762     694671   5023.914     599422  0.000e+00
    -1.9297  27.374982    228.605 331.016765     694676   5023.859     599442  0.000e+00
    -1.9294  27.375273    228.660 331.016768     694670   5023.879     599460  0.000e+00
    -1.9290  27.375507    228.703 331.016771     694661   5023.895     599474  0.000e+00
    -1.9279  27.374690    228.724 331.016774     694637   5023.840     599481  0.000e+00
    -1.9270  27.375565    228.733 331.016777     694618   5023.898     599484  0.000e+00
    -1.9269  27.375507    228.730 331.016780     694614   5023.895     599483  0.000e+00
    -1.9268  27.374982    228.694 331.016782     694612   5023.859     599471  0.000e+00
    -1.9267  27.374457    228.642 331.016785     694610   5023.824     599454  0.000e+00
    -1.9272  27.374457    228.648 331.016788     694622   5023.824     599456  0.000e+00
    -1.9275  27.375273    228.670 331.016791     694628   5023.879     599463  0.000e+00
    -1.9270  27.374457    228.663 331.016794     694616   5023.824     599461  0.000e+00
    -1.9265  27.375273    228.651 331.016797     694607   5023.879     599457  0.000e+00
    -1.9266  27.374457    228.615 331.016800     694608   5023.824     599445  0.000e+00
    -1.9267  27.374981    228.542 331.016803     694611   5023.859     599421  0.000e+00
    -1.9267  27.374690    228.475 331.016806     694610   5023.840     599399  0.000e+00
    -1.9270  27.374981    228.398 331.016808     694618   5023.859     599374  0.000e+00
    -1.9270  27.374689    228.350 331.016811     694617   5023.840     599358  0.000e+00
    -1.9266  27.375564    228.344 331.016814     694608   5023.898     599356  0.000e+00
    -1.9258  27.376847    228.374 331.016817     694591   5023.984     599366  0.000e+00
    -1.9250  27.376847    228.362 331.016820     694572   5023.984     599362  0.000e+00
    -1.9244  27.376963    228.325 331.016823     694560   5023.992     599350  0.000e+00
    -1.9236  27.376555    228.249 331.016826     694541   5023.965     599325  0.000e+00
    -1.9233  27.376671    228.188 331.016829     694535   5023.973     599305  0.000e+00
    -1.9230  27.376554    228.118 331.016832     694528   5023.965     599282  0.000e+00
    -1.9233  27.376321    228.060 331.016834     694536   5023.949     599263  0.000e+00
    -1.9232  27.376670    227.996 331.016837     694533   5023.973     599242  0.000e+00
    -1.9230  27.376845    227.957 331.016840     694528   5023.984     599229  0.000e+00
    -1.9232  27.376845    227.969 331.016843     694532   5023.984     599233  0.000e+00
    -1.9231  27.375854    227.981 331.016846     694531   5023.918     599237  0.000e+00
    -1.9233  27.375796    227.923 331.016849     694536   5023.914     599218  0.000e+00
    -1.9232  27.376670    227.872 331.016852     694533   5023.973     599201  0.000e+00
    -1.9233  27.377078    227.820 331.016855     694535   5024.000     599184  0.000e+00
    -1.9235  27.377078    227.786 331.016858     694540   5024.000     599173  0.000e+00
    -1.9232  27.375562    227.789 331.016861     694533   5023.898     599174  0.000e+00
    -1.9229  27.377078    227.771 331.016863     694527   5024.000     599168  0.000e+00
    -1.9233  27.376378    227.753 331.016866     694536   5023.953     599162  0.000e+00
    -1.9236  27.376029    227.765 331.016869     694542   5023.930     599166  0.000e+00
    -1.9234  27.376553    227.795 331.016872     694538   5023.965     599176  0.000e+00
    -1.9229  27.376087    227.832 331.016875     694526   5023.934     599188  0.000e+00
    -1.9224  27.376553    227.875 331.016878     694516   5023.965     599202  0.000e+00
    -1.9223  27.376554    227.920 331.016881     694512   5023.965     599217  0.000e+00
    -1.9219  27.376087    227.963 331.016884     694504   5023.934     599231  0.000e+00
    -1.9220  27.376321    228.003 331.016887     694506   5023.949     599244  0.000e+00
    -1.9214  27.376087    228.036 331.016889     694492   5023.934     599255  0.000e+00
    -1.9210  27.376029    228.057 331.016892     694483   5023.930     599262  0.000e+00
    -1.9209  27.376321    228.073 331.016895     694482   5023.949     599267  0.000e+00
    -1.9209  27.376379    228.082 331.016898     694482   5023.953     599270  0.000e+00
    -1.9214  27.376321    228.088 331.016901     694493   5023.949     599272  0.000e+00
    -1.9210  27.376845    228.094 331.016904     694485   5023.984     599274  0.000e+00
    -1.9208  27.377254    228.106 331.016907     694480   5024.012     599278  0.000e+00
    -1.9206  27.376554    228.115 331.016910     694474   5023.965     599281  0.000e+00
    -1.9202  27.375854    228.121 331.016913     694467   5023.918     599283  0.000e+00
    -1.9195  27.375213    228.121 331.016916     694450   5023.875     599283  0.000e+00
    -1.9194  27.376554    228.137 331.016918     694448   5023.965     599288  0.000e+00
    -1.9190  27.376670    228.134 331.016921     694440   5023.973     599287  0.000e+00
    -1.9188  27.375796    228.130 331.016924     694434   5023.914     599286  0.000e+00
    -1.9189  27.376554    228.124 331.016927     694438   5023.965     599284  0.000e+00
    -1.9186  27.375563    228.121 331.016930     694430   5023.898     599283  0.000e+00
    -1.9185  27.376554    228.112 331.016933     694429   5023.965     599280  0.000e+00
    -1.9208  27.376671    228.088 331.016936     694480   5023.973     599272  0.000e+00
    -1.9246  27.376321    228.076 331.016939     694563   5023.949     599268  0.000e+00
    -1.9263  27.376554    228.076 331.016942     694601   5023.965     599268  0.000e+00
    -1.9268  27.376671    228.082 331.016944     694612   5023.973     599270  0.000e+00
    -1.9270  27.376554    228.082 331.016947     694618   5023.965     599270  0.000e+00
    -1.9273  27.375796    228.051 331.016950     694624   5023.914     599260  0.000e+00
    -1.9270  27.376962    228.036 331.016953     694618   5023.992     599255  0.000e+00
    -1.9261  27.376554    228.021 331.016956     694598   5023.965     599250  0.000e+00
    -1.9257  27.376671    227.990 331.016959     694589   5023.973     599240  0.000e+00
    -1.9250  27.377079    227.951 331.016962     694572   5024.000     599227  0.000e+00
    -1.9246  27.376321    227.911 331.016965     694563   5023.949     599214  0.000e+00
    -1.9248  27.377545    227.856 331.016968     694569   5024.031     599196  0.000e+00
    -1.9241  27.375795    227.802 331.016970     694553   5023.914     599178  0.000e+00
    -1.9236  27.376028    227.744 331.016973     694541   5023.930     599159  0.000e+00
    -1.9233  27.376087    227.680 331.016976     694534   5023.934     599138  0.000e+00
    -1.9224  27.374978    227.616 331.016979     694514   5023.859     599117  0.000e+00
    -1.9215  27.376086    227.543 331.016982     694494   5023.934     599093  0.000e+00
    -1.9216  27.376844    227.470 331.016985     694498   5023.984     599069  0.000e+00
    -1.9219  27.376319    227.396 331.016988     694505   5023.949     599045  0.000e+00
    -1.9219  27.376377    227.314 331.016991     694505   5023.953     599018  0.000e+00
    -1.9222  27.376319    227.217 331.016994     694510   5023.949     598986  0.000e+00
    -1.9218  27.375793    227.122 331.016997     694501   5023.914     598955  0.000e+00
    -1.9215  27.375851    226.985 331.016999     694494   5023.918     598910  0.000e+00
    -1.9216  27.375793    226.854 331.017002     694498   5023.914     598867  0.000e+00
    -1.9219  27.376667    226.711 331.017005     694503   5023.973     598820  0.000e+00
    -1.9217  27.375209    226.571 331.017008     694500   5023.875     598774  0.000e+00
    -1.9223  27.375500    226.437 331.017011     694512   5023.895     598730  0.000e+00
    -1.9221  27.375267    226.300 331.017014     694508   5023.879     598685  0.000e+00
    -1.9221  27.376024    226.148 331.017017     694509   5023.930     598635  0.000e+00
    -1.9216  27.376548    225.989 331.017020     694498   5023.965     598583  0.000e+00
    -1.9211  27.377248    225.843 331.017023     694487   5024.012     598535  0.000e+00
    -1.9206  27.376314    225.694 331.017025     694474   5023.949     598486  0.000e+00
    -1.9198  27.376372    225.551 331.017028     694457   5023.953     598439  0.000e+00
    -1.9194  27.377888    225.410 331.017031     694449   5024.055     598393  0.000e+00
    -1.9190  27.377363    225.264 331.017034     694439   5024.020     598345  0.000e+00
    -1.9186  27.376663    225.109 331.017037     694430   5023.973     598294  0.000e+00
    -1.9176  27.376837    224.966 331.017040     694408   5023.984     598247  0.000e+00
    -1.9175  27.377361    224.810 331.017043     694406   5024.020     598196  0.000e+00
    -1.9172  27.376953    224.664 331.017046     694399   5023.992     598148  0.000e+00
    -1.9169  27.376019    224.521 331.017049     694394   5023.930     598101  0.000e+00
    -1.9174  27.376369    224.369 331.017052     694403   5023.953     598051  0.000e+00
    -1.9177  27.376543    224.220 331.017054     694411   5023.965     598002  0.000e+00
    -1.9178  27.376543    224.064 331.017057     694412   5023.965     597951  0.000e+00
    -1.9178  27.376951    223.915 331.017060     694412   5023.992     597902  0.000e+00
    -1.9174  27.377067    223.772 331.017063     694405   5024.000     597855  0.000e+00
    -1.9171  27.375784    223.620 331.017066     694397   5023.914     597805  0.000e+00
    -1.9169  27.376367    223.461 331.017069     694394   5023.953     597753  0.000e+00
    -1.9168  27.376016    223.309 331.017072     694390   5023.930     597703  0.000e+00
    -1.9167  27.376657    223.163 331.017075     694389   5023.973     597655  0.000e+00
    -1.9166  27.376540    223.010 331.017078     694387   5023.965     597605  0.000e+00
    -1.9169  27.377881    222.858 331.017080     694394   5024.055     597555  0.000e+00
    -1.9165  27.377239    222.718 331.017083     694384   5024.012     597509  0.000e+00
