tests/resources/orca-test-data/SBE19plus/4794/4794_017_KiM.cnv
* Sea-Bird SBE19plus Data File:
* FileName = C:\Documents and Settings\stevens\Desktop\K131_2007\CTD\4794_017.hex
* Software Version 1.50
* Temperature SN =  4977
* Conductivity SN =  4977
* System UpLoad Time = Nov 26 2007 15:21:21
** K131 McMurdo SeaIce Work
** nov-dec 2007
** using chch plastic ctd
** times are local (NZ daylight savings)
# nquan = 8
# nvalues = 6415                                  
# units = specified
# name 0 = tv290C: Temperature [ITS-90, deg C]
# name 1 = c0mS/cm: Conductivity [mS/cm]
# name 2 = prdM: Pressure, Strain Gauge [db]
# name 3 = timeJ: Julian Days
# name 4 = f0: Frequency 0
# name 5 = f1: Frequency 1
# name 6 = f2: Frequency 2
# name 7 = flag:  0.000e+00
# span 0 =    -3.5874,    -1.9056                 
# span 1 =   0.022356,  27.380114                 
# span 2 =     -0.301,    363.200                 
# span 3 = 330.619062, 330.637622                 
# span 4 =     694142,     732111                 
# span 5 =   2604.922,   5024.180                 
# span 6 =     524305,     643635                 
# span 7 = 0.0000e+00, 0.0000e+00                 
# interval = seconds: 0.25
# start_time = Nov 26 2007 14:51:27 [Instrument's time stamp, header]
# bad_flag = -9.990e-29
*END*
[from data line 2158]
    -1.9251  27.333267    326.699 330.625307     694576   5021.047     631649  0.000e+00
    -1.9254  27.333208    326.318 330.625310     694582   5021.043     631524  0.000e+00
    -1.9255  27.333032    325.943 330.625313     694583   5021.031     631401  0.000e+00
    -1.9256  27.333206    325.584 330.625315     694586   5021.043     631283  0.000e+00
    -1.9254  27.332681    325.231 330.625318     694582   5021.008     631167  0.000e+00
    -1.9253  27.331339    324.881 330.625321     694579   5020.918     631052  0.000e+00
    -1.9256  27.331339    324.521 330.625324     694587   5020.918     630934  0.000e+00
    -1.9258  27.331338    324.147 330.625327     694591   5020.918     630811  0.000e+00
    -1.9257  27.331337    323.778 330.625330     694589   5020.918     630690  0.000e+00
    -1.9260  27.331103    323.425 330.625333     694594   5020.902     630574  0.000e+00
    -1.9259  27.331043    323.069 330.625336     694593   5020.898     630457  0.000e+00
    -1.9261  27.330809    322.706 330.625339     694596   5020.883     630338  0.000e+00
    -1.9258  27.329993    322.350 330.625341     694590   5020.828     630221  0.000e+00
    -1.9262  27.330166    321.988 330.625344     694599   5020.840     630102  0.000e+00
    -1.9263  27.329466    321.622 330.625347     694602   5020.793     629982  0.000e+00
    -1.9264  27.329057    321.263 330.625350     694603   5020.766     629864  0.000e+00
    -1.9264  27.328940    320.900 330.625353     694604   5020.758     629745  0.000e+00
    -1.9263  27.327890    320.535 330.625356     694601   5020.688     629625  0.000e+00
    -1.9266  27.327365    320.163 330.625359     694609   5020.652     629503  0.000e+00
    -1.9270  27.326315    319.792 330.625362     694616   5020.582     629381  0.000e+00
    -1.9273  27.325673    319.432 330.625365     694624   5020.539     629263  0.000e+00
    -1.9278  27.324681    319.064 330.625367     694634   5020.473     629142  0.000e+00
    -1.9279  27.323865    318.692 330.625370     694637   5020.418     629020  0.000e+00
    -1.9285  27.323398    318.327 330.625373     694651   5020.387     628900  0.000e+00
    -1.9291  27.322057    317.952 330.625376     694664   5020.297     628777  0.000e+00
    -1.9292  27.322056    317.578 330.625379     694666   5020.297     628654  0.000e+00
    -1.9296  27.321181    317.200 330.625382     694675   5020.238     628530  0.000e+00
    -1.9298  27.320947    316.832 330.625385     694680   5020.223     628409  0.000e+00
    -1.9298  27.320305    316.472 330.625388     694680   5020.180     628291  0.000e+00
    -1.9301  27.319372    316.107 330.625391     694686   5020.117     628171  0.000e+00
    -1.9304  27.319487    315.735 330.625394     694692   5020.125     628049  0.000e+00
    -1.9307  27.317505    315.358 330.625396     694700   5019.992     627925  0.000e+00
    -1.9314  27.315407    314.992 330.625399     694714   5019.852     627805  0.000e+00
    -1.9319  27.315231    314.630 330.625402     694726   5019.840     627686  0.000e+00
    -1.9325  27.314881    314.267 330.625405     694739   5019.816     627567  0.000e+00
    -1.9329  27.313540    313.896 330.625408     694749   5019.727     627445  0.000e+00
    -1.9333  27.312723    313.524 330.625411     694756   5019.672     627323  0.000e+00
    -1.9336  27.311674    313.162 330.625414     694763   5019.602     627204  0.000e+00
    -1.9339  27.311614    312.778 330.625417     694770   5019.598     627078  0.000e+00
    -1.9341  27.311672    312.401 330.625420     694775   5019.602     626954  0.000e+00
    -1.9343  27.310622    312.029 330.625422     694780   5019.531     626832  0.000e+00
    -1.9347  27.310446    311.660 330.625425     694789   5019.520     626711  0.000e+00
    -1.9346  27.310329    311.277 330.625428     694786   5019.512     626585  0.000e+00
    -1.9348  27.309337    310.911 330.625431     694790   5019.445     626465  0.000e+00
    -1.9348  27.309278    310.540 330.625434     694791   5019.441     626343  0.000e+00
    -1.9350  27.308462    310.162 330.625437     694794   5019.387     626219  0.000e+00
    -1.9348  27.308810    309.775 330.625440     694791   5019.410     626092  0.000e+00
    -1.9351  27.308751    309.410 330.625443     694797   5019.406     625972  0.000e+00
    -1.9350  27.307934    309.038 330.625446     694795   5019.352     625850  0.000e+00
    -1.9352  27.307933    308.673 330.625448     694800   5019.352     625730  0.000e+00
    -1.9352  27.307117    308.323 330.625451     694798   5019.297     625615  0.000e+00
    -1.9354  27.307116    307.963 330.625454     694804   5019.297     625497  0.000e+00
    -1.9354  27.307406    307.598 330.625457     694803   5019.316     625377  0.000e+00
    -1.9356  27.306823    307.229 330.625460     694807   5019.277     625256  0.000e+00
    -1.9356  27.305540    306.858 330.625463     694807   5019.191     625134  0.000e+00
    -1.9353  27.305831    306.492 330.625466     694802   5019.211     625014  0.000e+00
    -1.9357  27.305946    306.121 330.625469     694811   5019.219     624892  0.000e+00
    -1.9357  27.306062    305.746 330.625472     694810   5019.227     624769  0.000e+00
    -1.9358  27.305828    305.365 330.625475     694812   5019.211     624644  0.000e+00
    -1.9361  27.305128    305.003 330.625477     694820   5019.164     624525  0.000e+00
    -1.9362  27.304486    304.628 330.625480     694821   5019.121     624402  0.000e+00
    -1.9361  27.304019    304.248 330.625483     694820   5019.090     624277  0.000e+00
    -1.9363  27.303960    303.897 330.625486     694823   5019.086     624162  0.000e+00
    -1.9365  27.302852    303.541 330.625489     694827   5019.012     624045  0.000e+00
    -1.9367  27.302560    303.182 330.625492     694833   5018.992     623927  0.000e+00
    -1.9368  27.302617    302.819 330.625495     694834   5018.996     623808  0.000e+00
    -1.9369  27.301451    302.454 330.625498     694836   5018.918     623688  0.000e+00
    -1.9371  27.300751    302.088 330.625501     694841   5018.871     623568  0.000e+00
    -1.9372  27.301042    301.720 330.625503     694844   5018.891     623447  0.000e+00
    -1.9372  27.300342    301.358 330.625506     694844   5018.844     623328  0.000e+00
    -1.9374  27.299700    300.992 330.625509     694848   5018.801     623208  0.000e+00
    -1.9374  27.299757    300.627 330.625512     694849   5018.805     623088  0.000e+00
    -1.9378  27.299407    300.264 330.625515     694856   5018.781     622969  0.000e+00
    -1.9375  27.299173    299.908 330.625518     694850   5018.766     622852  0.000e+00
    -1.9379  27.300046    299.552 330.625521     694860   5018.824     622735  0.000e+00
    -1.9377  27.299171    299.195 330.625524     694854   5018.766     622618  0.000e+00
    -1.9378  27.298937    298.833 330.625527     694856   5018.750     622499  0.000e+00
    -1.9377  27.298354    298.483 330.625530     694855   5018.711     622384  0.000e+00
    -1.9379  27.298644    298.132 330.625532     694858   5018.730     622269  0.000e+00
    -1.9380  27.298061    297.773 330.625535     694862   5018.691     622151  0.000e+00
    -1.9382  27.296487    297.426 330.625538     694865   5018.586     622037  0.000e+00
    -1.9382  27.296370    297.082 330.625541     694866   5018.578     621924  0.000e+00
    -1.9382  27.296252    296.734 330.625544     694866   5018.570     621810  0.000e+00
    -1.9384  27.295436    296.381 330.625547     694870   5018.516     621694  0.000e+00
    -1.9388  27.295260    296.025 330.625550     694879   5018.504     621577  0.000e+00
    -1.9389  27.294386    295.665 330.625553     694882   5018.445     621459  0.000e+00
    -1.9390  27.294967    295.306 330.625556     694884   5018.484     621341  0.000e+00
    -1.9393  27.294384    294.944 330.625558     694889   5018.445     621222  0.000e+00
    -1.9391  27.293567    294.575 330.625561     694886   5018.391     621101  0.000e+00
    -1.9393  27.294149    294.216 330.625564     694891   5018.430     620983  0.000e+00
    -1.9394  27.293333    293.872 330.625567     694893   5018.375     620870  0.000e+00
    -1.9393  27.293273    293.509 330.625570     694890   5018.371     620751  0.000e+00
    -1.9398  27.292748    293.153 330.625573     694901   5018.336     620634  0.000e+00
    -1.9398  27.291990    292.800 330.625576     694901   5018.285     620518  0.000e+00
    -1.9400  27.292164    292.446 330.625579     694905   5018.297     620402  0.000e+00
    -1.9400  27.292221    292.093 330.625582     694906   5018.301     620286  0.000e+00
    -1.9403  27.291580    291.734 330.625584     694912   5018.258     620168  0.000e+00
    -1.9403  27.290647    291.371 330.625587     694913   5018.195     620049  0.000e+00
    -1.9404  27.290646    291.009 330.625590     694914   5018.195     619930  0.000e+00
    -1.9404  27.291053    290.649 330.625593     694915   5018.223     619812  0.000e+00
    -1.9405  27.290935    290.290 330.625596     694916   5018.215     619694  0.000e+00
    -1.9406  27.290177    289.931 330.625599     694920   5018.164     619576  0.000e+00
    -1.9407  27.290118    289.571 330.625602     694922   5018.160     619458  0.000e+00
    -1.9408  27.289593    289.218 330.625605     694923   5018.125     619342  0.000e+00
    -1.9408  27.289068    288.859 330.625608     694923   5018.090     619224  0.000e+00
    -1.9408  27.288543    288.499 330.625611     694923   5018.055     619106  0.000e+00
    -1.9410  27.288775    288.128 330.625613     694927   5018.070     618984  0.000e+00
    -1.9412  27.288250    287.762 330.625616     694933   5018.035     618864  0.000e+00
    -1.9411  27.287724    287.397 330.625619     694930   5018.000     618744  0.000e+00
    -1.9412  27.288189    287.028 330.625622     694933   5018.031     618623  0.000e+00
    -1.9415  27.287431    286.657 330.625625     694938   5017.980     618501  0.000e+00
    -1.9413  27.287372    286.282 330.625628     694934   5017.977     618378  0.000e+00
    -1.9416  27.287429    285.913 330.625631     694942   5017.980     618257  0.000e+00
    -1.9415  27.286671    285.539 330.625634     694938   5017.930     618134  0.000e+00
    -1.9416  27.287369    285.161 330.625637     694941   5017.977     618010  0.000e+00
    -1.9417  27.286378    284.784 330.625639     694943   5017.910     617886  0.000e+00
    -1.9415  27.285970    284.403 330.625642     694939   5017.883     617761  0.000e+00
    -1.9417  27.285852    284.013 330.625645     694943   5017.875     617633  0.000e+00
    -1.9420  27.285327    283.626 330.625648     694949   5017.840     617506  0.000e+00
    -1.9422  27.284860    283.233 330.625651     694955   5017.809     617377  0.000e+00
    -1.9420  27.283985    282.862 330.625654     694951   5017.750     617255  0.000e+00
    -1.9423  27.283984    282.484 330.625657     694956   5017.750     617131  0.000e+00
    -1.9424  27.283751    282.116 330.625660     694958   5017.734     617010  0.000e+00
    -1.9425  27.283750    281.738 330.625663     694961   5017.734     616886  0.000e+00
    -1.9424  27.283166    281.360 330.625666     694960   5017.695     616762  0.000e+00
    -1.9426  27.282641    280.973 330.625668     694963   5017.660     616635  0.000e+00
    -1.9430  27.282000    280.593 330.625671     694972   5017.617     616510  0.000e+00
    -1.9429  27.281882    280.203 330.625674     694971   5017.609     616382  0.000e+00
    -1.9429  27.281066    279.813 330.625677     694971   5017.555     616254  0.000e+00
    -1.9430  27.280890    279.429 330.625680     694973   5017.543     616128  0.000e+00
    -1.9434  27.279491    279.042 330.625683     694982   5017.449     616001  0.000e+00
    -1.9433  27.280597    278.656 330.625686     694979   5017.523     615874  0.000e+00
    -1.9434  27.279489    278.266 330.625689     694981   5017.449     615746  0.000e+00
    -1.9437  27.278673    277.876 330.625692     694987   5017.395     615618  0.000e+00
    -1.9443  27.278381    277.501 330.625694     695000   5017.375     615495  0.000e+00
    -1.9443  27.276808    277.133 330.625697     695000   5017.270     615374  0.000e+00
    -1.9444  27.277797    276.761 330.625700     695004   5017.336     615252  0.000e+00
    -1.9446  27.276573    276.396 330.625703     695008   5017.254     615132  0.000e+00
    -1.9450  27.276572    276.018 330.625706     695016   5017.254     615008  0.000e+00
    -1.9451  27.275814    275.644 330.625709     695019   5017.203     614885  0.000e+00
    -1.9452  27.275464    275.275 330.625712     695020   5017.180     614764  0.000e+00
    -1.9454  27.274997    274.910 330.625715     695025   5017.148     614644  0.000e+00
    -1.9455  27.275229    274.535 330.625718     695028   5017.164     614521  0.000e+00
    -1.9455  27.273073    274.163 330.625720     695027   5017.020     614399  0.000e+00
    -1.9459  27.273888    273.786 330.625723     695036   5017.074     614275  0.000e+00
    -1.9458  27.273072    273.408 330.625726     695035   5017.020     614151  0.000e+00
    -1.9462  27.272197    273.027 330.625729     695043   5016.961     614026  0.000e+00
    -1.9464  27.272021    272.650 330.625732     695047   5016.949     613902  0.000e+00
    -1.9465  27.271496    272.257 330.625735     695050   5016.914     613773  0.000e+00
    -1.9468  27.271030    271.861 330.625738     695057   5016.883     613643  0.000e+00
    -1.9472  27.269922    271.471 330.625741     695065   5016.809     613515  0.000e+00
    -1.9473  27.269921    271.078 330.625744     695067   5016.809     613386  0.000e+00
    -1.9472  27.270444    270.676 330.625747     695065   5016.844     613254  0.000e+00
    -1.9474  27.269395    270.274 330.625749     695069   5016.773     613122  0.000e+00
    -1.9475  27.269103    269.881 330.625752     695073   5016.754     612993  0.000e+00
    -1.9475  27.268869    269.494 330.625755     695072   5016.738     612866  0.000e+00
    -1.9480  27.267704    269.114 330.625758     695084   5016.660     612741  0.000e+00
    -1.9484  27.267004    268.733 330.625761     695092   5016.613     612616  0.000e+00
    -1.9486  27.267527    268.367 330.625764     695096   5016.648     612496  0.000e+00
    -1.9487  27.266245    267.990 330.625767     695099   5016.563     612372  0.000e+00
    -1.9491  27.265371    267.615 330.625770     695107   5016.504     612249  0.000e+00
    -1.9493  27.265428    267.237 330.625773     695113   5016.508     612125  0.000e+00
    -1.9495  27.265369    266.860 330.625775     695116   5016.504     612001  0.000e+00
    -1.9497  27.264611    266.473 330.625778     695121   5016.453     611874  0.000e+00
    -1.9502  27.264028    266.098 330.625781     695133   5016.414     611751  0.000e+00
    -1.9504  27.263270    265.727 330.625784     695137   5016.363     611629  0.000e+00
    -1.9503  27.263153    265.349 330.625787     695135   5016.355     611505  0.000e+00
    -1.9506  27.263035    264.971 330.625790     695141   5016.348     611381  0.000e+00
    -1.9506  27.262743    264.600 330.625793     695141   5016.328     611259  0.000e+00
    -1.9507  27.262335    264.228 330.625796     695143   5016.301     611137  0.000e+00
    -1.9511  27.261926    263.841 330.625799     695151   5016.273     611010  0.000e+00
    -1.9508  27.261518    263.470 330.625802     695145   5016.246     610888  0.000e+00
    -1.9511  27.260876    263.089 330.625804     695151   5016.203     610763  0.000e+00
    -1.9512  27.260642    262.708 330.625807     695154   5016.188     610638  0.000e+00
    -1.9513  27.259826    262.319 330.625810     695157   5016.133     610510  0.000e+00
    -1.9516  27.259534    261.932 330.625813     695163   5016.113     610383  0.000e+00
    -1.9516  27.260057    261.536 330.625816     695164   5016.148     610253  0.000e+00
    -1.9518  27.259008    261.143 330.625819     695168   5016.078     610124  0.000e+00
    -1.9521  27.258483    260.741 330.625822     695174   5016.043     609992  0.000e+00
