tests/resources/orca-test-data/SBE19plus/4794/4794_036_KiM.cnv
* Sea-Bird SBE19plus Data File:
* FileName = C:\Documents and Settings\stevens\Desktop\K131_2007\CTD\4794_036.hex
* Software Version 1.50
* Temperature SN =  4977
* Conductivity SN =  4977
* System UpLoad Time = Nov 27 2007 09:12:44
** K131 McMurdo SeaIce Work
** nov-dec 2007
** using chch plastic ctd
** times are local (NZ daylight savings)
# nquan = 8
# nvalues = 3839                                  
# units = specified
# name 0 = tv290C: Temperature [ITS-90, deg C]
# name 1 = c0mS/cm: Conductivity [mS/cm]
# name 2 = prdM: Pressure, Strain Gauge [db]
# name 3 = timeJ: Julian Days
# name 4 = f0: Frequency 0
# name 5 = f1: Frequency 1
# name 6 = f2: Frequency 2
# name 7 = flag:  0.000e+00
# span 0 =    -4.0814,    -2.1115                 
# span 1 =  -0.000914,  17.366053                 
# span 2 =      1.420,    353.869                 
# span 3 = 331.343032, 331.354138                 
# span 4 =     698721,     743509                 
# span 5 =   2601.902,   4300.609                 
# span 6 =     524877,     640571                 
# span 7 = 0.0000e+00, 0.0000e+00                 
# interval = seconds: 0.25
# start_time = Nov 27 2007 08:13:58 [Instrument's time stamp, header]
# bad_flag = -9.990e-29
*END*
[from data line 1259]
    -2.1365   9.217587     85.218 331.346675     699278   3605.102     552374  0.000e+00
    -2.1366   9.258321     85.404 331.346678     699279   3608.914     552435  0.000e+00
    -2.1366   9.273733     85.523 331.346681     699279   3610.355     552474  0.000e+00
    -2.1367   9.247048     85.593 331.346684     699281   3607.859     552497  0.000e+00
    -2.1368   9.232315     85.614 331.346687     699284   3606.480     552504  0.000e+00
    -2.1369   9.269180     85.614 331.346690     699287   3609.930     552504  0.000e+00
    -2.1368   9.277576     85.605 331.346693     699284   3610.715     552501  0.000e+00
    -2.1369   9.288816     85.584 331.346696     699287   3611.766     552494  0.000e+00
    -2.1371   9.355405     85.562 331.346698     699291   3617.984     552487  0.000e+00
    -2.1370   9.328371     85.520 331.346701     699289   3615.461     552473  0.000e+00
    -2.1372   9.351637     85.486 331.346704     699292   3617.633     552462  0.000e+00
    -2.1372   9.381745     85.440 331.346707     699293   3620.441     552447  0.000e+00
    -2.1373   9.355991     85.386 331.346710     699296   3618.039     552429  0.000e+00
    -2.1375   9.414099     85.325 331.346713     699300   3623.457     552409  0.000e+00
    -2.1376   9.400517     85.261 331.346716     699301   3622.191     552388  0.000e+00
    -2.1377   9.394692     85.197 331.346719     699304   3621.648     552367  0.000e+00
    -2.1378   9.457013     85.121 331.346722     699305   3627.453     552342  0.000e+00
    -2.1378   9.439053     85.060 331.346725     699306   3625.781     552322  0.000e+00
    -2.1380   9.479811     84.996 331.346727     699310   3629.574     552301  0.000e+00
    -2.1380   9.508212     84.916 331.346730     699311   3632.215     552275  0.000e+00
    -2.1382   9.487161     84.849 331.346733     699315   3630.258     552253  0.000e+00
    -2.1382   9.536676     84.776 331.346736     699315   3634.859     552229  0.000e+00
    -2.1383   9.562677     84.706 331.346739     699318   3637.273     552206  0.000e+00
    -2.1385   9.541513     84.639 331.346742     699322   3635.309     552184  0.000e+00
    -2.1385   9.601037     84.569 331.346745     699322   3640.832     552161  0.000e+00
    -2.1387   9.588316     84.502 331.346748     699326   3639.652     552139  0.000e+00
    -2.1387   9.593159     84.432 331.346751     699327   3640.102     552116  0.000e+00
    -2.1387   9.641290     84.356 331.346753     699327   3644.563     552091  0.000e+00
    -2.1389   9.630917     84.283 331.346756     699331   3643.602     552067  0.000e+00
    -2.1389   9.632435     84.216 331.346759     699331   3643.742     552045  0.000e+00
    -2.1391   9.681289     84.149 331.346762     699336   3648.266     552023  0.000e+00
    -2.1393   9.669640     84.076 331.346765     699340   3647.188     551999  0.000e+00
    -2.1394   9.692858     84.003 331.346768     699341   3649.336     551975  0.000e+00
    -2.1394   9.719428     83.936 331.346771     699342   3651.793     551953  0.000e+00
    -2.1394   9.741153     83.859 331.346774     699342   3653.801     551928  0.000e+00
    -2.1395   9.709752     83.792 331.346777     699345   3650.898     551906  0.000e+00
    -2.1396   9.753881     83.719 331.346780     699347   3654.977     551882  0.000e+00
    -2.1397   9.762298     83.646 331.346782     699349   3655.754     551858  0.000e+00
    -2.1399   9.767290     83.576 331.346785     699352   3656.215     551835  0.000e+00
    -2.1399   9.807333     83.512 331.346788     699352   3659.910     551814  0.000e+00
    -2.1399   9.843983     83.436 331.346791     699353   3663.289     551789  0.000e+00
    -2.1401   9.826099     83.369 331.346794     699357   3661.641     551767  0.000e+00
    -2.1401   9.850554     83.302 331.346797     699357   3663.895     551745  0.000e+00
    -2.1403   9.891615     83.226 331.346800     699362   3667.676     551720  0.000e+00
    -2.1404   9.877231     83.162 331.346803     699364   3666.352     551699  0.000e+00
    -2.1402   9.904095     83.092 331.346806     699360   3668.824     551676  0.000e+00
    -2.1404   9.923543     83.022 331.346808     699365   3670.613     551653  0.000e+00
    -2.1406   9.956177     82.948 331.346811     699369   3673.613     551629  0.000e+00
    -2.1407   9.924265     82.891 331.346814     699371   3670.680     551610  0.000e+00
    -2.1408   9.968167     82.824 331.346817     699372   3674.715     551588  0.000e+00
    -2.1408   9.986881     82.756 331.346820     699373   3676.434     551566  0.000e+00
    -2.1408   9.987349     82.690 331.346823     699374   3676.477     551544  0.000e+00
    -2.1410  10.027828     82.616 331.346826     699378   3680.191     551520  0.000e+00
    -2.1411  10.066771     82.552 331.346829     699379   3683.762     551499  0.000e+00
    -2.1413  10.037837     82.495 331.346832     699384   3681.109     551480  0.000e+00
    -2.1412  10.047209     82.424 331.346834     699381   3681.969     551457  0.000e+00
    -2.1414  10.093891     82.354 331.346837     699386   3686.246     551434  0.000e+00
    -2.1414  10.086000     82.290 331.346840     699387   3685.523     551413  0.000e+00
    -2.1416  10.109720     82.220 331.346843     699391   3687.695     551390  0.000e+00
    -2.1417  10.140627     82.153 331.346846     699393   3690.523     551368  0.000e+00
    -2.1417  10.164635     82.089 331.346849     699393   3692.719     551347  0.000e+00
    -2.1418  10.129781     82.022 331.346852     699395   3689.531     551325  0.000e+00
    -2.1418  10.163823     81.964 331.346855     699395   3692.645     551306  0.000e+00
    -2.1420  10.190753     81.894 331.346858     699400   3695.105     551283  0.000e+00
    -2.1421  10.188529     81.827 331.346861     699402   3694.902     551261  0.000e+00
    -2.1422  10.215603     81.763 331.346863     699404   3697.375     551240  0.000e+00
    -2.1422  10.211325     81.702 331.346866     699405   3696.984     551220  0.000e+00
    -2.1423  10.252630     81.632 331.346869     699406   3700.754     551197  0.000e+00
    -2.1423  10.275077     81.565 331.346872     699407   3702.801     551175  0.000e+00
    -2.1423  10.215304     81.504 331.346875     699407   3697.348     551155  0.000e+00
    -2.1425  10.263295     81.437 331.346878     699410   3701.727     551133  0.000e+00
    -2.1425  10.262053     81.367 331.346881     699410   3701.613     551110  0.000e+00
    -2.1426  10.261239     81.297 331.346884     699414   3701.539     551087  0.000e+00
    -2.1427  10.309242     81.233 331.346887     699415   3705.914     551066  0.000e+00
    -2.1428  10.277262     81.166 331.346889     699417   3703.000     551044  0.000e+00
    -2.1428  10.315804     81.099 331.346892     699417   3706.512     551022  0.000e+00
    -2.1429  10.307483     81.032 331.346895     699419   3705.754     551000  0.000e+00
    -2.1430  10.317391     80.959 331.346898     699422   3706.656     550976  0.000e+00
    -2.1430  10.396392     80.892 331.346901     699423   3713.844     550954  0.000e+00
    -2.1430  10.409288     80.834 331.346904     699422   3715.016     550935  0.000e+00
    -2.1430  10.357860     80.776 331.346907     699422   3710.340     550916  0.000e+00
    -2.1432  10.371043     80.725 331.346910     699426   3711.539     550899  0.000e+00
    -2.1432  10.383501     80.664 331.346913     699427   3712.672     550879  0.000e+00
    -2.1432  10.395318     80.600 331.346916     699427   3713.746     550858  0.000e+00
    -2.1433  10.415866     80.536 331.346918     699429   3715.613     550837  0.000e+00
    -2.1434  10.392095     80.475 331.346921     699431   3713.453     550817  0.000e+00
    -2.1434  10.444555     80.405 331.346924     699430   3718.219     550794  0.000e+00
    -2.1434  10.473696     80.344 331.346927     699432   3720.863     550774  0.000e+00
    -2.1435  10.461426     80.274 331.346930     699434   3719.750     550751  0.000e+00
    -2.1435  10.444426     80.222 331.346933     699433   3718.207     550734  0.000e+00
    -2.1437  10.416725     80.164 331.346936     699437   3715.691     550715  0.000e+00
    -2.1437  10.488726     80.103 331.346939     699438   3722.227     550695  0.000e+00
    -2.1437  10.445588     80.036 331.346942     699437   3718.313     550673  0.000e+00
    -2.1438  10.514967     79.981 331.346944     699439   3724.605     550655  0.000e+00
    -2.1438  10.486917     79.935 331.346947     699440   3722.063     550640  0.000e+00
    -2.1439  10.497471     80.118 331.346950     699441   3723.020     550700  0.000e+00
    -2.1439  10.533334     80.600 331.346953     699442   3726.270     550858  0.000e+00
    -2.1439  10.542175     81.096 331.346956     699442   3727.070     551021  0.000e+00
    -2.1439  10.594528     81.526 331.346959     699443   3731.809     551162  0.000e+00
    -2.1439  10.568624     81.861 331.346962     699443   3729.465     551272  0.000e+00
    -2.1441  10.510272     82.090 331.346965     699446   3724.180     551347  0.000e+00
    -2.1440  10.623906     82.236 331.346968     699445   3734.465     551395  0.000e+00
    -2.1441  10.621140     82.279 331.346970     699447   3734.215     551409  0.000e+00
    -2.1443  10.594356     82.263 331.346973     699450   3731.793     551404  0.000e+00
    -2.1442  10.671213     82.215 331.346976     699449   3738.738     551388  0.000e+00
    -2.1443  10.670607     82.150 331.346979     699452   3738.684     551367  0.000e+00
    -2.1444  10.666973     82.096 331.346982     699454   3738.355     551349  0.000e+00
    -2.1445  10.645520     82.032 331.346985     699455   3736.418     551328  0.000e+00
    -2.1446  10.703373     81.965 331.346988     699457   3741.641     551306  0.000e+00
    -2.1447  10.686359     81.892 331.346991     699459   3740.105     551282  0.000e+00
    -2.1446  10.737205     81.824 331.346994     699458   3744.691     551260  0.000e+00
    -2.1447  10.724032     81.754 331.346997     699459   3743.504     551237  0.000e+00
    -2.1448  10.729621     81.694 331.346999     699462   3744.008     551217  0.000e+00
    -2.1449  10.760786     81.633 331.347002     699464   3746.816     551197  0.000e+00
    -2.1448  10.775011     81.566 331.347005     699462   3748.098     551175  0.000e+00
    -2.1449  10.821015     81.496 331.347008     699465   3752.238     551152  0.000e+00
    -2.1449  10.764949     81.441 331.347011     699465   3747.191     551134  0.000e+00
    -2.1449  10.787722     81.383 331.347014     699465   3749.242     551115  0.000e+00
    -2.1451  10.836303     81.319 331.347017     699468   3753.613     551094  0.000e+00
    -2.1451  10.834653     81.261 331.347020     699468   3753.465     551075  0.000e+00
    -2.1452  10.853857     81.200 331.347023     699470   3755.191     551055  0.000e+00
    -2.1452  10.868896     81.130 331.347025     699472   3756.543     551032  0.000e+00
    -2.1452  10.883332     81.069 331.347028     699472   3757.840     551012  0.000e+00
    -2.1453  10.942215     81.014 331.347031     699473   3763.125     550994  0.000e+00
    -2.1453  10.915875     80.953 331.347034     699473   3760.762     550974  0.000e+00
    -2.1456  10.896250     80.898 331.347037     699479   3759.000     550956  0.000e+00
    -2.1454  10.965216     80.831 331.347040     699475   3765.188     550934  0.000e+00
    -2.1455  10.959203     80.776 331.347043     699478   3764.648     550916  0.000e+00
    -2.1456  10.967438     80.716 331.347046     699480   3765.387     550896  0.000e+00
    -2.1456  11.017451     80.664 331.347049     699480   3769.867     550879  0.000e+00
    -2.1457  11.051671     80.603 331.347052     699483   3772.930     550859  0.000e+00
    -2.1457  11.006022     80.551 331.347054     699482   3768.844     550842  0.000e+00
    -2.1458  11.034688     80.505 331.347057     699485   3771.410     550827  0.000e+00
    -2.1458  11.099992     80.460 331.347060     699484   3777.250     550812  0.000e+00
    -2.1460  11.074251     80.396 331.347063     699488   3774.949     550791  0.000e+00
    -2.1460  11.134147     80.341 331.347066     699489   3780.301     550773  0.000e+00
    -2.1459  11.181907     80.316 331.347069     699487   3784.563     550765  0.000e+00
    -2.1461  11.109655     80.999 331.347072     699492   3778.113     550989  0.000e+00
    -2.1463  11.188042     82.635 331.347075     699495   3785.109     551526  0.000e+00
    -2.1462  11.230384     86.051 331.347078     699494   3788.883     552647  0.000e+00
    -2.1464  11.209874     93.092 331.347080     699498   3787.055     554958  0.000e+00
    -2.1463  11.283627    103.679 331.347083     699496   3793.621     558433  0.000e+00
    -2.1464  11.233573    115.640 331.347086     699498   3789.164     562359  0.000e+00
    -2.1466  11.290151    127.202 331.347089     699502   3794.199     566154  0.000e+00
    -2.1466  11.338187    137.737 331.347092     699502   3798.469     569612  0.000e+00
    -2.1466  11.344748    146.894 331.347095     699503   3799.051     572618  0.000e+00
    -2.1468  11.382410    154.504 331.347098     699506   3802.395     575116  0.000e+00
    -2.1469  11.344103    160.688 331.347101     699509   3798.992     577146  0.000e+00
    -2.1471  11.418965    165.538 331.347104     699513   3805.637     578738  0.000e+00
    -2.1472  11.439279    169.248 331.347106     699515   3807.438     579956  0.000e+00
    -2.1472  11.469082    172.045 331.347109     699516   3810.078     580874  0.000e+00
    -2.1473  11.456077    174.113 331.347112     699519   3808.926     581553  0.000e+00
    -2.1474  11.484964    175.667 331.347115     699521   3811.484     582063  0.000e+00
    -2.1474  11.527380    176.834 331.347118     699520   3815.238     582446  0.000e+00
    -2.1477  11.537539    177.635 331.347121     699526   3816.137     582709  0.000e+00
    -2.1478  11.543326    178.207 331.347124     699529   3816.648     582897  0.000e+00
    -2.1478  11.557332    178.597 331.347127     699529   3817.887     583025  0.000e+00
    -2.1479  11.622958    178.826 331.347130     699532   3823.684     583100  0.000e+00
    -2.1481  11.630925    178.938 331.347133     699535   3824.387     583137  0.000e+00
    -2.1481  11.701762    178.963 331.347135     699536   3830.633     583145  0.000e+00
    -2.1482  11.767920    178.932 331.347138     699539   3836.457     583135  0.000e+00
    -2.1483  11.771517    178.865 331.347141     699541   3836.773     583113  0.000e+00
    -2.1484  11.868881    178.756 331.347144     699542   3845.328     583077  0.000e+00
    -2.1485  11.911318    178.606 331.347147     699545   3849.051     583028  0.000e+00
    -2.1486  11.977081    178.460 331.347150     699547   3854.813     582980  0.000e+00
    -2.1487  12.035302    178.287 331.347153     699548   3859.906     582923  0.000e+00
    -2.1488  12.066319    178.116 331.347156     699552   3862.617     582867  0.000e+00
    -2.1489  12.030968    177.948 331.347159     699554   3859.527     582812  0.000e+00
    -2.1490  12.049958    177.784 331.347161     699555   3861.188     582758  0.000e+00
    -2.1490  12.063413    177.604 331.347164     699556   3862.363     582699  0.000e+00
    -2.1491  12.055634    177.495 331.347167     699558   3861.684     582663  0.000e+00
    -2.1492  12.108634    177.415 331.347170     699560   3866.313     582637  0.000e+00
    -2.1492  12.111677    177.245 331.347173     699560   3866.578     582581  0.000e+00
    -2.1493  12.136658    177.062 331.347176     699563   3868.758     582521  0.000e+00
    -2.1495  12.101295    176.879 331.347179     699566   3865.672     582461  0.000e+00
    -2.1494  12.107291    176.696 331.347182     699565   3866.195     582401  0.000e+00
    -2.1495  12.155111    176.498 331.347185     699567   3870.367     582336  0.000e+00
    -2.1495  12.099102    176.297 331.347188     699568   3865.480     582270  0.000e+00
    -2.1496  12.122732    176.081 331.347190     699570   3867.543     582199  0.000e+00
