tests/resources/orca-test-data/SBE19plus/4794/4794_037_KiM.cnv
* Sea-Bird SBE19plus Data File:
* FileName = C:\Documents and Settings\stevens\Desktop\K131_2007\CTD\4794_037.hex
* Software Version 1.50
* Temperature SN =  4977
* Conductivity SN =  4977
* System UpLoad Time = Nov 27 2007 10:06:15
** K131 McMurdo SeaIce Work
** nov-dec 2007
** using chch plastic ctd
** times are local (NZ daylight savings)
# nquan = 8
# nvalues = 8645                                  
# units = specified
# name 0 = tv290C: Temperature [ITS-90, deg C]
# name 1 = c0mS/cm: Conductivity [mS/cm]
# name 2 = prdM: Pressure, Strain Gauge [db]
# name 3 = timeJ: Julian Days
# name 4 = f0: Frequency 0
# name 5 = f1: Frequency 1
# name 6 = f2: Frequency 2
# name 7 = flag:  0.000e+00
# span 0 =    -2.3422,    -1.9093                 
# span 1 =  -0.000493,  27.356701                 
# span 2 =     -0.280,    354.692                 
# span 3 = 331.392639, 331.417650                 
# span 4 =     694224,     703873                 
# span 5 =   2601.957,   5022.613                 
# span 6 =     524312,     640841                 
# span 7 = 0.0000e+00, 0.0000e+00                 
# interval = seconds: 0.25
# start_time = Nov 27 2007 09:25:24 [Instrument's time stamp, header]
# bad_flag = -9.990e-29
*END*
[from data line 5574]
    -1.9503  27.149260     47.714 331.408767     695135   5008.746     540063  0.000e+00
    -1.9505  27.149842     47.937 331.408770     695138   5008.785     540136  0.000e+00
    -1.9505  27.149320     48.138 331.408773     695138   5008.750     540202  0.000e+00
    -1.9505  27.149843     48.308 331.408776     695138   5008.785     540258  0.000e+00
    -1.9505  27.149844     48.470 331.408779     695139   5008.785     540311  0.000e+00
    -1.9504  27.149844     48.665 331.408782     695136   5008.785     540375  0.000e+00
    -1.9504  27.150077     48.857 331.408785     695137   5008.801     540438  0.000e+00
    -1.9505  27.149555     49.058 331.408788     695138   5008.766     540504  0.000e+00
    -1.9506  27.150078     49.305 331.408791     695140   5008.801     540585  0.000e+00
    -1.9504  27.150079     49.588 331.408793     695136   5008.801     540678  0.000e+00
    -1.9503  27.150080     49.914 331.408796     695135   5008.801     540785  0.000e+00
    -1.9504  27.150604     50.243 331.408799     695137   5008.836     540893  0.000e+00
    -1.9503  27.150082     50.597 331.408802     695134   5008.801     541009  0.000e+00
    -1.9504  27.149850     50.959 331.408805     695136   5008.785     541128  0.000e+00
    -1.9504  27.150665     51.288 331.408808     695137   5008.840     541236  0.000e+00
    -1.9503  27.150375     51.620 331.408811     695134   5008.820     541345  0.000e+00
    -1.9503  27.151248     51.946 331.408814     695135   5008.879     541452  0.000e+00
    -1.9504  27.150377     52.230 331.408817     695137   5008.820     541545  0.000e+00
    -1.9504  27.151191     52.501 331.408819     695136   5008.875     541634  0.000e+00
    -1.9505  27.151250     52.772 331.408822     695138   5008.879     541723  0.000e+00
    -1.9503  27.151948     53.013 331.408825     695134   5008.926     541802  0.000e+00
    -1.9503  27.151774     53.241 331.408828     695135   5008.914     541877  0.000e+00
    -1.9504  27.151717     53.470 331.408831     695136   5008.910     541952  0.000e+00
    -1.9505  27.151485     53.686 331.408834     695139   5008.895     542023  0.000e+00
    -1.9504  27.151718     53.924 331.408837     695136   5008.910     542101  0.000e+00
    -1.9504  27.152242     54.168 331.408840     695136   5008.945     542181  0.000e+00
    -1.9504  27.152359     54.417 331.408843     695137   5008.953     542263  0.000e+00
    -1.9503  27.151720     54.661 331.408845     695134   5008.910     542343  0.000e+00
    -1.9504  27.152651     54.911 331.408848     695136   5008.973     542425  0.000e+00
    -1.9505  27.152477     55.149 331.408851     695138   5008.961     542503  0.000e+00
    -1.9504  27.152885     55.386 331.408854     695137   5008.988     542581  0.000e+00
    -1.9503  27.152246     55.597 331.408857     695134   5008.945     542650  0.000e+00
    -1.9504  27.152769     55.831 331.408860     695136   5008.980     542727  0.000e+00
    -1.9505  27.153758     56.081 331.408863     695138   5009.047     542809  0.000e+00
    -1.9504  27.152771     56.300 331.408866     695137   5008.980     542881  0.000e+00
    -1.9505  27.153178     56.498 331.408869     695138   5009.008     542946  0.000e+00
    -1.9505  27.153527     56.693 331.408872     695139   5009.031     543010  0.000e+00
    -1.9504  27.153760     56.873 331.408874     695137   5009.047     543069  0.000e+00
    -1.9504  27.153528     57.102 331.408877     695136   5009.031     543144  0.000e+00
    -1.9506  27.152657     57.318 331.408880     695140   5008.973     543215  0.000e+00
    -1.9506  27.153530     57.556 331.408883     695140   5009.031     543293  0.000e+00
    -1.9505  27.154053     57.796 331.408886     695139   5009.066     543372  0.000e+00
    -1.9504  27.153473     58.028 331.408889     695137   5009.027     543448  0.000e+00
    -1.9505  27.154345     58.287 331.408892     695138   5009.086     543533  0.000e+00
    -1.9504  27.153765     58.531 331.408895     695136   5009.047     543613  0.000e+00
    -1.9503  27.154637     58.756 331.408898     695135   5009.105     543687  0.000e+00
    -1.9503  27.154289     58.963 331.408900     695135   5009.082     543755  0.000e+00
    -1.9504  27.154348     59.168 331.408903     695137   5009.086     543822  0.000e+00
    -1.9505  27.154639     59.329 331.408906     695138   5009.105     543875  0.000e+00
    -1.9504  27.154581     59.484 331.408909     695136   5009.102     543926  0.000e+00
    -1.9504  27.154872     59.634 331.408912     695136   5009.121     543975  0.000e+00
    -1.9504  27.154291     59.762 331.408915     695137   5009.082     544017  0.000e+00
    -1.9505  27.154350     59.905 331.408918     695138   5009.086     544064  0.000e+00
    -1.9504  27.154059     60.088 331.408921     695136   5009.066     544124  0.000e+00
    -1.9504  27.155164     60.292 331.408924     695137   5009.141     544191  0.000e+00
    -1.9503  27.154874     60.508 331.408927     695134   5009.121     544262  0.000e+00
    -1.9503  27.154875     60.734 331.408929     695135   5009.121     544336  0.000e+00
    -1.9504  27.154875     60.941 331.408932     695137   5009.121     544404  0.000e+00
    -1.9505  27.155457     61.178 331.408935     695138   5009.160     544482  0.000e+00
    -1.9504  27.155400     61.380 331.408938     695136   5009.156     544548  0.000e+00
    -1.9504  27.155691     61.599 331.408941     695136   5009.176     544620  0.000e+00
    -1.9503  27.155924     61.806 331.408944     695135   5009.191     544688  0.000e+00
    -1.9504  27.155402     62.022 331.408947     695136   5009.156     544759  0.000e+00
    -1.9503  27.155693     62.233 331.408950     695134   5009.176     544828  0.000e+00
    -1.9502  27.156216     62.379 331.408953     695132   5009.211     544876  0.000e+00
    -1.9502  27.156275     62.501 331.408955     695133   5009.215     544916  0.000e+00
    -1.9502  27.155926     62.565 331.408958     695133   5009.191     544937  0.000e+00
    -1.9502  27.156566     62.577 331.408961     695133   5009.234     544941  0.000e+00
    -1.9505  27.155694     62.610 331.408964     695138   5009.176     544952  0.000e+00
    -1.9503  27.156566     62.732 331.408967     695134   5009.234     544992  0.000e+00
    -1.9504  27.156450     62.879 331.408970     695136   5009.227     545040  0.000e+00
    -1.9502  27.156451     63.061 331.408973     695133   5009.227     545100  0.000e+00
    -1.9502  27.157091     63.232 331.408976     695132   5009.270     545156  0.000e+00
    -1.9502  27.156219     63.384 331.408979     695132   5009.211     545206  0.000e+00
    -1.9503  27.155987     63.570 331.408981     695134   5009.195     545267  0.000e+00
    -1.9502  27.156452     63.759 331.408984     695132   5009.227     545329  0.000e+00
    -1.9503  27.156860     64.000 331.408987     695134   5009.254     545408  0.000e+00
    -1.9502  27.156744     64.213 331.408990     695133   5009.246     545478  0.000e+00
    -1.9502  27.156977     64.341 331.408993     695133   5009.262     545520  0.000e+00
    -1.9502  27.157384     64.378 331.408996     695133   5009.289     545532  0.000e+00
    -1.9501  27.156745     64.420 331.408999     695130   5009.246     545546  0.000e+00
    -1.9503  27.157094     64.533 331.409002     695134   5009.270     545583  0.000e+00
    -1.9501  27.156455     64.673 331.409005     695129   5009.227     545629  0.000e+00
    -1.9500  27.157676     64.801 331.409008     695128   5009.309     545671  0.000e+00
    -1.9501  27.157269     64.950 331.409010     695130   5009.281     545720  0.000e+00
    -1.9504  27.157270     65.167 331.409013     695136   5009.281     545791  0.000e+00
    -1.9501  27.157678     65.395 331.409016     695131   5009.309     545866  0.000e+00
    -1.9502  27.156457     65.688 331.409019     695133   5009.227     545962  0.000e+00
    -1.9501  27.157679     65.980 331.409022     695131   5009.309     546058  0.000e+00
    -1.9503  27.158610     66.270 331.409025     695134   5009.371     546153  0.000e+00
    -1.9501  27.157971     66.529 331.409028     695131   5009.328     546238  0.000e+00
    -1.9502  27.156751     66.803 331.409031     695132   5009.246     546328  0.000e+00
    -1.9502  27.158321     67.059 331.409034     695132   5009.352     546412  0.000e+00
    -1.9501  27.157973     67.345 331.409036     695131   5009.328     546506  0.000e+00
    -1.9501  27.158323     67.555 331.409039     695129   5009.352     546575  0.000e+00
    -1.9502  27.158556     67.729 331.409042     695133   5009.367     546632  0.000e+00
    -1.9502  27.158614     67.885 331.409045     695133   5009.371     546683  0.000e+00
    -1.9502  27.159370     68.028 331.409048     695132   5009.422     546730  0.000e+00
    -1.9503  27.159371     68.189 331.409051     695134   5009.422     546783  0.000e+00
    -1.9501  27.158848     68.369 331.409054     695130   5009.387     546842  0.000e+00
    -1.9501  27.159081     68.588 331.409057     695130   5009.402     546914  0.000e+00
    -1.9500  27.159372     68.817 331.409060     695128   5009.422     546989  0.000e+00
    -1.9501  27.158792     69.045 331.409063     695129   5009.383     547064  0.000e+00
    -1.9501  27.159374     69.265 331.409065     695129   5009.422     547136  0.000e+00
    -1.9501  27.159665     69.484 331.409068     695130   5009.441     547208  0.000e+00
    -1.9500  27.159142     69.710 331.409071     695128   5009.406     547282  0.000e+00
    -1.9500  27.159084     69.883 331.409074     695127   5009.402     547339  0.000e+00
    -1.9501  27.160190     70.060 331.409077     695129   5009.477     547397  0.000e+00
    -1.9499  27.159899     70.267 331.409080     695126   5009.457     547465  0.000e+00
    -1.9501  27.159667     70.456 331.409083     695129   5009.441     547527  0.000e+00
    -1.9500  27.160424     70.685 331.409086     695128   5009.492     547602  0.000e+00
    -1.9500  27.160192     70.910 331.409089     695128   5009.477     547676  0.000e+00
    -1.9500  27.160948     71.160 331.409091     695128   5009.527     547758  0.000e+00
    -1.9501  27.160775     71.419 331.409094     695131   5009.516     547843  0.000e+00
    -1.9501  27.160194     71.696 331.409097     695129   5009.477     547934  0.000e+00
    -1.9500  27.162288     72.019 331.409100     695128   5009.617     548040  0.000e+00
    -1.9499  27.161068     72.324 331.409103     695126   5009.535     548140  0.000e+00
    -1.9500  27.161766     72.589 331.409106     695128   5009.582     548227  0.000e+00
    -1.9500  27.159674     72.878 331.409109     695128   5009.441     548322  0.000e+00
    -1.9499  27.160721     73.195 331.409112     695125   5009.512     548426  0.000e+00
    -1.9500  27.161361     73.503 331.409115     695127   5009.555     548527  0.000e+00
    -1.9500  27.160432     73.795 331.409117     695127   5009.492     548623  0.000e+00
    -1.9500  27.162060     74.082 331.409120     695128   5009.602     548717  0.000e+00
    -1.9499  27.161596     74.390 331.409123     695126   5009.570     548818  0.000e+00
    -1.9499  27.161771     74.664 331.409126     695125   5009.582     548908  0.000e+00
    -1.9499  27.161888     74.895 331.409129     695125   5009.590     548984  0.000e+00
    -1.9500  27.162063     75.142 331.409132     695128   5009.602     549065  0.000e+00
    -1.9500  27.162180     75.447 331.409135     695127   5009.609     549165  0.000e+00
    -1.9501  27.162065     75.751 331.409138     695129   5009.602     549265  0.000e+00
    -1.9500  27.163112     76.083 331.409141     695128   5009.672     549374  0.000e+00
    -1.9500  27.162997     76.443 331.409144     695128   5009.664     549492  0.000e+00
    -1.9500  27.163114     76.812 331.409146     695128   5009.672     549613  0.000e+00
    -1.9500  27.162999     77.192 331.409149     695128   5009.664     549738  0.000e+00
    -1.9500  27.163639     77.552 331.409152     695128   5009.707     549856  0.000e+00
    -1.9501  27.163291     77.890 331.409155     695130   5009.684     549967  0.000e+00
    -1.9499  27.163350     78.250 331.409158     695126   5009.688     550085  0.000e+00
    -1.9501  27.164398     78.615 331.409161     695129   5009.758     550205  0.000e+00
    -1.9500  27.163876     78.972 331.409164     695128   5009.723     550322  0.000e+00
    -1.9499  27.163121     79.298 331.409167     695126   5009.672     550429  0.000e+00
    -1.9500  27.164168     79.657 331.409170     695127   5009.742     550547  0.000e+00
    -1.9501  27.163878     80.029 331.409172     695130   5009.723     550669  0.000e+00
    -1.9500  27.164984     80.346 331.409175     695128   5009.797     550773  0.000e+00
    -1.9500  27.164403     80.675 331.409178     695128   5009.758     550881  0.000e+00
    -1.9499  27.164695     81.022 331.409181     695125   5009.777     550995  0.000e+00
    -1.9500  27.165277     81.348 331.409184     695127   5009.816     551102  0.000e+00
    -1.9501  27.165220     81.696 331.409187     695129   5009.813     551216  0.000e+00
    -1.9500  27.165802     82.016 331.409190     695128   5009.852     551321  0.000e+00
    -1.9501  27.165745     82.351 331.409193     695129   5009.848     551431  0.000e+00
    -1.9501  27.165281     82.695 331.409196     695129   5009.816     551544  0.000e+00
    -1.9499  27.165514     83.027 331.409198     695126   5009.832     551653  0.000e+00
    -1.9501  27.165748     83.356 331.409201     695129   5009.848     551761  0.000e+00
    -1.9501  27.166097     83.691 331.409204     695130   5009.871     551871  0.000e+00
    -1.9501  27.166563     84.017 331.409207     695130   5009.902     551978  0.000e+00
    -1.9500  27.166971     84.340 331.409210     695128   5009.930     552084  0.000e+00
    -1.9501  27.167321     84.669 331.409213     695131   5009.953     552192  0.000e+00
    -1.9501  27.166101     84.943 331.409216     695130   5009.871     552282  0.000e+00
    -1.9500  27.166567     85.272 331.409219     695127   5009.902     552390  0.000e+00
    -1.9499  27.166800     85.611 331.409222     695125   5009.918     552501  0.000e+00
    -1.9499  27.167498     85.885 331.409225     695125   5009.965     552591  0.000e+00
    -1.9499  27.168139     86.141 331.409227     695125   5010.008     552675  0.000e+00
    -1.9498  27.167790     86.381 331.409230     695124   5009.984     552754  0.000e+00
    -1.9499  27.167326     86.659 331.409233     695125   5009.953     552845  0.000e+00
    -1.9498  27.168083     86.939 331.409236     695124   5010.004     552937  0.000e+00
    -1.9498  27.168432     87.213 331.409239     695123   5010.027     553027  0.000e+00
    -1.9498  27.168375     87.503 331.409242     695123   5010.023     553122  0.000e+00
    -1.9497  27.168434     87.850 331.409245     695122   5010.027     553236  0.000e+00
    -1.9497  27.169191     88.167 331.409248     695120   5010.078     553340  0.000e+00
    -1.9497  27.168377     88.471 331.409251     695122   5010.023     553440  0.000e+00
    -1.9497  27.169192     88.825 331.409253     695120   5010.078     553556  0.000e+00
    -1.9497  27.168670     89.160 331.409256     695120   5010.043     553666  0.000e+00
    -1.9497  27.169194     89.431 331.409259     695121   5010.078     553755  0.000e+00
    -1.9496  27.170067     89.666 331.409262     695119   5010.137     553832  0.000e+00
    -1.9496  27.169486     89.897 331.409265     695118   5010.098     553908  0.000e+00
    -1.9496  27.169719     90.135 331.409268     695119   5010.113     553986  0.000e+00
    -1.9497  27.169196     90.315 331.409271     695121   5010.078     554045  0.000e+00
    -1.9498  27.169720     90.488 331.409274     695123   5010.113     554102  0.000e+00
    -1.9497  27.169197     90.650 331.409277     695122   5010.078     554155  0.000e+00
    -1.9498  27.169721     90.799 331.409280     695124   5010.113     554204  0.000e+00
