tests/resources/orca-test-data/SBE19plus/4794/4794_026_KiM.cnv
* Sea-Bird SBE19plus Data File:
* FileName = C:\Documents and Settings\stevens\Desktop\K131_2007\CTD\4794_026.hex
* Software Version 1.50
* Temperature SN =  4977
* Conductivity SN =  4977
* System UpLoad Time = Nov 26 2007 23:49:27
** K131 McMurdo SeaIce Work
** nov-dec 2007
** using chch plastic ctd
** times are local (NZ daylight savings)
# nquan = 8
# nvalues = 6647                                  
# units = specified
# name 0 = tv290C: Temperature [ITS-90, deg C]
# name 1 = c0mS/cm: Conductivity [mS/cm]
# name 2 = prdM: Pressure, Strain Gauge [db]
# name 3 = timeJ: Julian Days
# name 4 = f0: Frequency 0
# name 5 = f1: Frequency 1
# name 6 = f2: Frequency 2
# name 7 = flag:  0.000e+00
# span 0 =    -2.5833,    -1.9074                 
# span 1 =   2.659994,  27.379810                 
# span 2 =     -0.262,    358.529                 
# span 3 = 330.970590, 330.989821                 
# span 4 =     694182,     709285                 
# span 5 =   2927.055,   5024.160                 
# span 6 =     524318,     642101                 
# span 7 = 0.0000e+00, 0.0000e+00                 
# interval = seconds: 0.25
# start_time = Nov 26 2007 23:17:39 [Instrument's time stamp, header]
# bad_flag = -9.990e-29
*END*
[from data line 6293]
    -1.9473  27.139178     15.248 330.988799     695068   5008.074     529408  0.000e+00
    -1.9473  27.139701     15.248 330.988802     695067   5008.109     529408  0.000e+00
    -1.9474  27.138539     15.254 330.988805     695069   5008.031     529410  0.000e+00
    -1.9474  27.139178     15.254 330.988808     695071   5008.074     529410  0.000e+00
    -1.9474  27.139120     15.257 330.988811     695071   5008.070     529411  0.000e+00
    -1.9474  27.139701     15.266 330.988814     695071   5008.109     529414  0.000e+00
    -1.9474  27.139120     15.267 330.988817     695069   5008.070     529414  0.000e+00
    -1.9474  27.139469     15.267 330.988819     695069   5008.094     529414  0.000e+00
    -1.9474  27.138655     15.270 330.988822     695070   5008.039     529415  0.000e+00
    -1.9475  27.139411     15.276 330.988825     695073   5008.090     529417  0.000e+00
    -1.9475  27.138655     15.273 330.988828     695073   5008.039     529416  0.000e+00
    -1.9474  27.139411     15.279 330.988831     695071   5008.090     529418  0.000e+00
    -1.9475  27.139469     15.285 330.988834     695073   5008.094     529420  0.000e+00
    -1.9475  27.139120     15.279 330.988837     695073   5008.070     529418  0.000e+00
    -1.9474  27.139469     15.288 330.988840     695071   5008.094     529421  0.000e+00
    -1.9476  27.139120     15.300 330.988843     695074   5008.070     529425  0.000e+00
    -1.9477  27.139178     15.300 330.988845     695076   5008.074     529425  0.000e+00
    -1.9475  27.138655     15.294 330.988848     695073   5008.039     529423  0.000e+00
    -1.9474  27.138830     15.294 330.988851     695071   5008.051     529423  0.000e+00
    -1.9476  27.139178     15.297 330.988854     695075   5008.074     529424  0.000e+00
    -1.9475  27.139411     15.294 330.988857     695073   5008.090     529423  0.000e+00
    -1.9477  27.139469     15.294 330.988860     695076   5008.094     529423  0.000e+00
    -1.9477  27.138830     15.300 330.988863     695076   5008.051     529425  0.000e+00
    -1.9476  27.139469     15.300 330.988866     695074   5008.094     529425  0.000e+00
    -1.9476  27.139178     15.294 330.988869     695075   5008.074     529423  0.000e+00
    -1.9476  27.139120     15.297 330.988872     695074   5008.070     529424  0.000e+00
    -1.9476  27.139178     15.294 330.988874     695074   5008.074     529423  0.000e+00
    -1.9475  27.139411     15.297 330.988877     695072   5008.090     529424  0.000e+00
    -1.9476  27.139992     15.300 330.988880     695074   5008.129     529425  0.000e+00
    -1.9475  27.138830     15.297 330.988883     695073   5008.051     529424  0.000e+00
    -1.9477  27.139178     15.300 330.988886     695076   5008.074     529425  0.000e+00
    -1.9476  27.139120     15.297 330.988889     695075   5008.070     529424  0.000e+00
    -1.9475  27.139992     15.294 330.988892     695072   5008.129     529423  0.000e+00
    -1.9475  27.138946     15.291 330.988895     695073   5008.059     529422  0.000e+00
    -1.9475  27.139411     15.294 330.988898     695073   5008.090     529423  0.000e+00
    -1.9475  27.138946     15.297 330.988900     695072   5008.059     529424  0.000e+00
    -1.9474  27.139934     15.294 330.988903     695070   5008.125     529423  0.000e+00
    -1.9474  27.139469     15.300 330.988906     695071   5008.094     529425  0.000e+00
    -1.9475  27.139411     15.294 330.988909     695072   5008.090     529423  0.000e+00
    -1.9474  27.139178     15.297 330.988912     695071   5008.074     529424  0.000e+00
    -1.9473  27.139469     15.297 330.988915     695068   5008.094     529424  0.000e+00
    -1.9474  27.139701     15.297 330.988918     695070   5008.109     529424  0.000e+00
    -1.9473  27.139469     15.288 330.988921     695067   5008.094     529421  0.000e+00
    -1.9474  27.139934     15.294 330.988924     695069   5008.125     529423  0.000e+00
    -1.9473  27.139992     15.297 330.988927     695067   5008.129     529424  0.000e+00
    -1.9474  27.140224     15.294 330.988929     695070   5008.145     529423  0.000e+00
    -1.9473  27.138655     15.294 330.988932     695067   5008.039     529423  0.000e+00
    -1.9472  27.139411     15.297 330.988935     695066   5008.090     529424  0.000e+00
    -1.9473  27.139701     15.297 330.988938     695068   5008.109     529424  0.000e+00
    -1.9473  27.139469     15.300 330.988941     695067   5008.094     529425  0.000e+00
    -1.9474  27.139701     15.297 330.988944     695070   5008.109     529424  0.000e+00
    -1.9474  27.139178     15.294 330.988947     695070   5008.074     529423  0.000e+00
    -1.9472  27.140224     15.300 330.988950     695066   5008.145     529425  0.000e+00
    -1.9473  27.139178     15.297 330.988953     695067   5008.074     529424  0.000e+00
    -1.9472  27.139120     15.297 330.988955     695066   5008.070     529424  0.000e+00
    -1.9473  27.139178     15.294 330.988958     695067   5008.074     529423  0.000e+00
    -1.9474  27.139701     15.297 330.988961     695069   5008.109     529424  0.000e+00
    -1.9474  27.139701     15.297 330.988964     695071   5008.109     529424  0.000e+00
    -1.9473  27.139178     15.300 330.988967     695068   5008.074     529425  0.000e+00
    -1.9474  27.139411     15.297 330.988970     695071   5008.090     529424  0.000e+00
    -1.9473  27.139469     15.297 330.988973     695067   5008.094     529424  0.000e+00
    -1.9474  27.139411     15.294 330.988976     695069   5008.090     529423  0.000e+00
    -1.9473  27.139469     15.294 330.988979     695068   5008.094     529423  0.000e+00
    -1.9473  27.139701     15.294 330.988981     695067   5008.109     529423  0.000e+00
    -1.9475  27.139178     15.294 330.988984     695072   5008.074     529423  0.000e+00
    -1.9474  27.138655     15.294 330.988987     695069   5008.039     529423  0.000e+00
    -1.9474  27.139934     15.297 330.988990     695070   5008.125     529424  0.000e+00
    -1.9473  27.139469     15.297 330.988993     695068   5008.094     529424  0.000e+00
    -1.9474  27.139411     15.300 330.988996     695069   5008.090     529425  0.000e+00
    -1.9474  27.139178     15.300 330.988999     695070   5008.074     529425  0.000e+00
    -1.9474  27.139411     15.303 330.989002     695069   5008.090     529426  0.000e+00
    -1.9473  27.139992     15.297 330.989005     695068   5008.129     529424  0.000e+00
    -1.9473  27.139469     15.300 330.989008     695068   5008.094     529425  0.000e+00
    -1.9474  27.139701     15.297 330.989010     695069   5008.109     529424  0.000e+00
    -1.9472  27.139701     15.297 330.989013     695066   5008.109     529424  0.000e+00
    -1.9473  27.138830     15.294 330.989016     695067   5008.051     529423  0.000e+00
    -1.9472  27.139701     15.300 330.989019     695065   5008.109     529425  0.000e+00
    -1.9473  27.139120     15.300 330.989022     695068   5008.070     529425  0.000e+00
    -1.9472  27.139178     15.294 330.989025     695065   5008.074     529423  0.000e+00
    -1.9471  27.139120     15.300 330.989028     695063   5008.070     529425  0.000e+00
    -1.9471  27.139992     15.300 330.989031     695063   5008.129     529425  0.000e+00
    -1.9470  27.138946     15.303 330.989034     695062   5008.059     529426  0.000e+00
    -1.9471  27.139411     15.297 330.989036     695064   5008.090     529424  0.000e+00
    -1.9470  27.139469     15.291 330.989039     695061   5008.094     529422  0.000e+00
    -1.9472  27.139120     15.282 330.989042     695066   5008.070     529419  0.000e+00
    -1.9472  27.139701     15.276 330.989045     695065   5008.109     529417  0.000e+00
    -1.9471  27.138829     15.270 330.989048     695064   5008.051     529415  0.000e+00
    -1.9472  27.139469     15.267 330.989051     695065   5008.094     529414  0.000e+00
    -1.9471  27.138655     15.230 330.989054     695064   5008.039     529402  0.000e+00
    -1.9472  27.139120     15.178 330.989057     695065   5008.070     529385  0.000e+00
    -1.9472  27.139992     15.154 330.989060     695065   5008.129     529377  0.000e+00
    -1.9471  27.139701     15.142 330.989062     695064   5008.109     529373  0.000e+00
    -1.9470  27.139701     15.163 330.989065     695062   5008.109     529380  0.000e+00
    -1.9470  27.139934     15.175 330.989068     695062   5008.125     529384  0.000e+00
    -1.9470  27.138655     15.169 330.989071     695062   5008.039     529382  0.000e+00
    -1.9470  27.139701     15.178 330.989074     695062   5008.109     529385  0.000e+00
    -1.9471  27.139178     15.178 330.989077     695063   5008.074     529385  0.000e+00
    -1.9473  27.139469     15.160 330.989080     695068   5008.094     529379  0.000e+00
    -1.9472  27.139933     15.120 330.989083     695066   5008.125     529366  0.000e+00
    -1.9472  27.139178     15.078 330.989086     695065   5008.074     529352  0.000e+00
    -1.9471  27.138829     15.035 330.989089     695063   5008.051     529338  0.000e+00
    -1.9472  27.139177     14.962 330.989091     695066   5008.074     529314  0.000e+00
    -1.9470  27.139410     14.867 330.989094     695062   5008.090     529283  0.000e+00
    -1.9469  27.139468     14.782 330.989097     695059   5008.094     529255  0.000e+00
    -1.9469  27.139467     14.691 330.989100     695059   5008.094     529225  0.000e+00
    -1.9469  27.139409     14.596 330.989103     695058   5008.090     529194  0.000e+00
    -1.9469  27.139176     14.502 330.989106     695058   5008.074     529163  0.000e+00
    -1.9471  27.139408     14.423 330.989109     695064   5008.090     529137  0.000e+00
    -1.9472  27.138420     14.337 330.989112     695066   5008.023     529109  0.000e+00
    -1.9473  27.139117     14.255 330.989115     695067   5008.070     529082  0.000e+00
    -1.9475  27.138420     14.160 330.989117     695072   5008.023     529051  0.000e+00
    -1.9474  27.139117     14.075 330.989120     695070   5008.070     529023  0.000e+00
    -1.9475  27.138419     13.990 330.989123     695073   5008.023     528995  0.000e+00
    -1.9476  27.138419     13.911 330.989126     695075   5008.023     528969  0.000e+00
    -1.9475  27.138535     13.831 330.989129     695073   5008.031     528943  0.000e+00
    -1.9475  27.138651     13.789 330.989132     695073   5008.039     528929  0.000e+00
    -1.9474  27.138826     13.776 330.989135     695071   5008.051     528925  0.000e+00
    -1.9475  27.137605     13.755 330.989138     695072   5007.969     528918  0.000e+00
    -1.9476  27.138535     13.710 330.989141     695074   5008.031     528903  0.000e+00
    -1.9475  27.138418     13.649 330.989144     695072   5008.023     528883  0.000e+00
    -1.9475  27.138418     13.594 330.989146     695073   5008.023     528865  0.000e+00
    -1.9475  27.138302     13.533 330.989149     695072   5008.016     528845  0.000e+00
    -1.9475  27.138651     13.490 330.989152     695073   5008.039     528831  0.000e+00
    -1.9475  27.138825     13.463 330.989155     695073   5008.051     528822  0.000e+00
    -1.9475  27.138127     13.453 330.989158     695072   5008.004     528819  0.000e+00
    -1.9474  27.138011     13.438 330.989161     695071   5007.996     528814  0.000e+00
    -1.9475  27.138941     13.423 330.989164     695072   5008.059     528809  0.000e+00
    -1.9473  27.138302     13.417 330.989167     695068   5008.016     528807  0.000e+00
    -1.9474  27.139173     13.411 330.989170     695071   5008.074     528805  0.000e+00
    -1.9476  27.137895     13.408 330.989172     695074   5007.988     528804  0.000e+00
    -1.9474  27.138011     13.396 330.989175     695070   5007.996     528800  0.000e+00
    -1.9474  27.138127     13.365 330.989178     695070   5008.004     528790  0.000e+00
    -1.9475  27.137720     13.319 330.989181     695072   5007.977     528775  0.000e+00
    -1.9475  27.137081     13.246 330.989184     695072   5007.934     528751  0.000e+00
    -1.9475  27.138533     13.164 330.989187     695072   5008.031     528724  0.000e+00
    -1.9474  27.137894     13.088 330.989190     695069   5007.988     528699  0.000e+00
    -1.9474  27.137603     13.009 330.989193     695071   5007.969     528673  0.000e+00
    -1.9475  27.139695     12.933 330.989196     695072   5008.109     528648  0.000e+00
    -1.9474  27.138940     12.865 330.989198     695071   5008.059     528626  0.000e+00
    -1.9473  27.138009     12.789 330.989201     695067   5007.996     528601  0.000e+00
    -1.9474  27.138648     12.710 330.989204     695070   5008.039     528575  0.000e+00
    -1.9473  27.138300     12.631 330.989207     695067   5008.016     528549  0.000e+00
    -1.9474  27.139171     12.552 330.989210     695069   5008.074     528523  0.000e+00
    -1.9473  27.138299     12.469 330.989213     695068   5008.016     528496  0.000e+00
    -1.9473  27.138648     12.387 330.989216     695067   5008.039     528469  0.000e+00
    -1.9475  27.137601     12.293 330.989219     695072   5007.969     528438  0.000e+00
    -1.9475  27.138531     12.213 330.989222     695073   5008.031     528412  0.000e+00
    -1.9475  27.137891     12.128 330.989225     695073   5007.988     528384  0.000e+00
    -1.9475  27.138007     12.043 330.989227     695073   5007.996     528356  0.000e+00
    -1.9476  27.137600     11.963 330.989230     695075   5007.969     528330  0.000e+00
    -1.9475  27.137716     11.878 330.989233     695072   5007.977     528302  0.000e+00
    -1.9476  27.137600     11.790 330.989236     695074   5007.969     528273  0.000e+00
    -1.9475  27.137600     11.698 330.989239     695073   5007.969     528243  0.000e+00
    -1.9475  27.137716     11.610 330.989242     695072   5007.977     528214  0.000e+00
    -1.9476  27.138122     11.528 330.989245     695074   5008.004     528187  0.000e+00
    -1.9475  27.137425     11.446 330.989248     695073   5007.957     528160  0.000e+00
    -1.9477  27.137889     11.351 330.989251     695076   5007.988     528129  0.000e+00
    -1.9477  27.137715     11.266 330.989253     695076   5007.977     528101  0.000e+00
    -1.9477  27.137366     11.183 330.989256     695076   5007.953     528074  0.000e+00
    -1.9477  27.137714     11.107 330.989259     695077   5007.977     528049  0.000e+00
    -1.9477  27.137365     11.025 330.989262     695076   5007.953     528022  0.000e+00
    -1.9478  27.137365     10.940 330.989265     695079   5007.953     527994  0.000e+00
    -1.9479  27.137133     10.851 330.989268     695080   5007.938     527965  0.000e+00
    -1.9478  27.137365     10.772 330.989271     695078   5007.953     527939  0.000e+00
    -1.9481  27.136028     10.684 330.989274     695086   5007.863     527910  0.000e+00
    -1.9482  27.137074     10.608 330.989277     695088   5007.934     527885  0.000e+00
    -1.9483  27.136028     10.534 330.989280     695090   5007.863     527861  0.000e+00
    -1.9482  27.136550     10.452 330.989282     695088   5007.898     527834  0.000e+00
    -1.9484  27.137073     10.376 330.989285     695093   5007.934     527809  0.000e+00
    -1.9484  27.136608     10.288 330.989288     695093   5007.902     527780  0.000e+00
    -1.9484  27.136027     10.199 330.989291     695093   5007.863     527751  0.000e+00
    -1.9486  27.135503     10.117 330.989294     695096   5007.828     527724  0.000e+00
    -1.9487  27.136259     10.032 330.989297     695098   5007.879     527696  0.000e+00
    -1.9488  27.135503      9.940 330.989300     695100   5007.828     527666  0.000e+00
    -1.9488  27.136839      9.858 330.989303     695101   5007.918     527639  0.000e+00
    -1.9488  27.136607      9.776 330.989306     695100   5007.902     527612  0.000e+00
    -1.9488  27.135502      9.696 330.989308     695100   5007.828     527586  0.000e+00
    -1.9487  27.136025      9.617 330.989311     695098   5007.863     527560  0.000e+00
