tests/resources/orca-test-data/SBE19plus/4794/4794_015_KiM.cnv
* Sea-Bird SBE19plus Data File:
* FileName = C:\Documents and Settings\stevens\Desktop\K131_2007\CTD\4794_015.hex
* Software Version 1.50
* Temperature SN =  4977
* Conductivity SN =  4977
* System UpLoad Time = Nov 26 2007 13:48:13
** K131 McMurdo SeaIce Work
** nov-dec 2007
** using chch plastic ctd
** times are local (NZ daylight savings)
# nquan = 8
# nvalues = 2689                                  
# units = specified
# name 0 = tv290C: Temperature [ITS-90, deg C]
# name 1 = c0mS/cm: Conductivity [mS/cm]
# name 2 = prdM: Pressure, Strain Gauge [db]
# name 3 = timeJ: Julian Days
# name 4 = f0: Frequency 0
# name 5 = f1: Frequency 1
# name 6 = f2: Frequency 2
# name 7 = flag:  0.000e+00
# span 0 =    -3.0120,    -1.9055                 
# span 1 =   0.050419,  27.383785                 
# span 2 =     -0.272,    362.316                 
# span 3 = 330.552199, 330.559977                 
# span 4 =     694141,     718974                 
# span 5 =   2608.559,   5024.426                 
# span 6 =     524319,     643345                 
# span 7 = 0.0000e+00, 0.0000e+00                 
# interval = seconds: 0.25
# start_time = Nov 26 2007 13:15:10 [Instrument's time stamp, header]
# bad_flag = -9.990e-29
*END*
[from data line 180]
    -1.9804  20.253682      5.775 330.552720     695804   4521.348     526303  0.000e+00
    -1.9808  20.242574      5.787 330.552723     695812   4520.520     526307  0.000e+00
    -1.9809  20.234715      5.796 330.552726     695813   4519.934     526310  0.000e+00
    -1.9810  20.229529      5.805 330.552729     695816   4519.547     526313  0.000e+00
    -1.9811  20.222982      5.820 330.552731     695819   4519.059     526318  0.000e+00
    -1.9813  20.220520      5.836 330.552734     695824   4518.875     526323  0.000e+00
    -1.9813  20.216226      5.854 330.552737     695824   4518.555     526329  0.000e+00
    -1.9815  20.213346      5.872 330.552740     695828   4518.340     526335  0.000e+00
    -1.9816  20.209261      5.885 330.552743     695830   4518.035     526339  0.000e+00
    -1.9818  20.205596      5.903 330.552746     695833   4517.762     526345  0.000e+00
    -1.9820  20.199417      5.918 330.552749     695838   4517.301     526350  0.000e+00
    -1.9821  20.189942      5.939 330.552752     695840   4516.594     526357  0.000e+00
    -1.9822  20.179055      5.948 330.552755     695842   4515.781     526360  0.000e+00
    -1.9823  20.169059      5.967 330.552758     695845   4515.035     526366  0.000e+00
    -1.9823  20.161263      5.982 330.552760     695845   4514.453     526371  0.000e+00
    -1.9822  20.150851      6.000 330.552763     695843   4513.676     526377  0.000e+00
    -1.9822  20.142011      6.025 330.552766     695844   4513.016     526385  0.000e+00
    -1.9823  20.132858      6.052 330.552769     695845   4512.332     526394  0.000e+00
    -1.9822  20.130662      6.113 330.552772     695844   4512.168     526414  0.000e+00
    -1.9822  20.120100      6.189 330.552775     695842   4511.379     526439  0.000e+00
    -1.9823  20.109905      6.253 330.552778     695846   4510.617     526460  0.000e+00
    -1.9823  20.098823      6.342 330.552781     695846   4509.789     526489  0.000e+00
    -1.9823  20.088319      6.448 330.552784     695845   4509.004     526524  0.000e+00
    -1.9823  20.076405      6.561 330.552786     695845   4508.113     526561  0.000e+00
    -1.9824  20.066792      6.686 330.552789     695847   4507.395     526602  0.000e+00
    -1.9825  20.056972      6.808 330.552792     695849   4506.660     526642  0.000e+00
    -1.9825  20.046057      6.942 330.552795     695849   4505.844     526686  0.000e+00
    -1.9825  20.036084      7.110 330.552798     695850   4505.098     526741  0.000e+00
    -1.9827  20.027209      7.302 330.552801     695853   4504.434     526804  0.000e+00
    -1.9828  20.021467      7.518 330.552804     695856   4504.004     526875  0.000e+00
    -1.9829  20.011916      7.737 330.552807     695858   4503.289     526947  0.000e+00
    -1.9829  20.002627      7.954 330.552810     695859   4502.594     527018  0.000e+00
    -1.9830  19.991461      8.137 330.552813     695861   4501.758     527078  0.000e+00
    -1.9831  19.982228      8.298 330.552815     695863   4501.066     527131  0.000e+00
    -1.9832  19.974665      8.551 330.552818     695865   4500.500     527214  0.000e+00
    -1.9834  19.965017      9.036 330.552821     695869   4499.777     527373  0.000e+00
    -1.9836  19.958812      9.593 330.552824     695874   4499.313     527556  0.000e+00
    -1.9838  19.947655     10.014 330.552827     695878   4498.477     527694  0.000e+00
    -1.9838  19.940722     10.334 330.552830     695879   4497.957     527799  0.000e+00
    -1.9840  19.928995     10.620 330.552833     695884   4497.078     527893  0.000e+00
    -1.9841  19.919563     10.916 330.552836     695886   4496.371     527990  0.000e+00
    -1.9844  19.911226     11.199 330.552839     695891   4495.746     528083  0.000e+00
    -1.9845  19.900078     11.406 330.552841     695894   4494.910     528151  0.000e+00
    -1.9846  19.892733     11.562 330.552844     695896   4494.359     528202  0.000e+00
    -1.9847  19.883984     11.714 330.552847     695899   4493.703     528252  0.000e+00
    -1.9850  19.877422     11.830 330.552850     695905   4493.211     528290  0.000e+00
    -1.9853  19.864978     11.936 330.552853     695911   4492.277     528325  0.000e+00
    -1.9853  19.859877     12.040 330.552856     695911   4491.895     528359  0.000e+00
    -1.9856  19.855764     12.138 330.552859     695918   4491.586     528391  0.000e+00
    -1.9858  19.850768     12.247 330.552862     695922   4491.211     528427  0.000e+00
    -1.9859  19.844470     12.366 330.552865     695925   4490.738     528466  0.000e+00
    -1.9860  19.836976     12.473 330.552867     695928   4490.176     528501  0.000e+00
    -1.9862  19.830264     12.570 330.552870     695932   4489.672     528533  0.000e+00
    -1.9864  19.823969     12.671 330.552873     695937   4489.199     528566  0.000e+00
    -1.9867  19.818923     12.774 330.552876     695943   4488.820     528600  0.000e+00
    -1.9868  19.809456     12.857 330.552879     695946   4488.109     528627  0.000e+00
    -1.9872  19.806387     12.939 330.552882     695953   4487.879     528654  0.000e+00
    -1.9872  19.797338     13.012 330.552885     695955   4487.199     528678  0.000e+00
    -1.9875  19.790942     13.082 330.552888     695960   4486.719     528701  0.000e+00
    -1.9878  19.783715     13.149 330.552891     695967   4486.176     528723  0.000e+00
    -1.9879  19.778464     13.226 330.552894     695970   4485.781     528748  0.000e+00
    -1.9882  19.771759     13.299 330.552896     695976   4485.277     528772  0.000e+00
    -1.9884  19.765314     13.375 330.552899     695980   4484.793     528797  0.000e+00
    -1.9886  19.760740     13.454 330.552902     695985   4484.449     528823  0.000e+00
    -1.9889  19.755336     13.570 330.552905     695991   4484.043     528861  0.000e+00
    -1.9891  19.747749     13.719 330.552908     695997   4483.473     528910  0.000e+00
    -1.9892  19.744892     13.899 330.552911     695998   4483.258     528969  0.000e+00
    -1.9894  19.737567     14.082 330.552914     696003   4482.707     529029  0.000e+00
    -1.9898  19.740113     14.274 330.552917     696012   4482.898     529092  0.000e+00
    -1.9899  19.736269     14.448 330.552920     696015   4482.609     529149  0.000e+00
    -1.9902  19.732425     14.585 330.552922     696020   4482.320     529194  0.000e+00
    -1.9903  19.726971     14.676 330.552925     696024   4481.910     529224  0.000e+00
    -1.9907  19.722245     14.749 330.552928     696031   4481.555     529248  0.000e+00
    -1.9910  19.717415     14.804 330.552931     696038   4481.191     529266  0.000e+00
    -1.9910  19.715442     14.853 330.552934     696038   4481.043     529282  0.000e+00
    -1.9914  19.709314     14.899 330.552937     696047   4480.582     529297  0.000e+00
    -1.9917  19.707757     14.941 330.552940     696053   4480.465     529311  0.000e+00
    -1.9918  19.702980     14.987 330.552943     696057   4480.105     529326  0.000e+00
    -1.9920  19.698256     15.024 330.552946     696061   4479.750     529338  0.000e+00
    -1.9921  19.694051     15.060 330.552948     696064   4479.434     529350  0.000e+00
    -1.9926  19.690780     15.106 330.552951     696073   4479.188     529365  0.000e+00
    -1.9928  19.687095     15.155 330.552954     696079   4478.910     529381  0.000e+00
    -1.9930  19.681541     15.197 330.552957     696084   4478.492     529395  0.000e+00
    -1.9932  19.678428     15.246 330.552960     696087   4478.258     529411  0.000e+00
    -1.9935  19.671837     15.298 330.552963     696093   4477.762     529428  0.000e+00
    -1.9939  19.668879     15.347 330.552966     696102   4477.539     529444  0.000e+00
    -1.9941  19.663794     15.392 330.552969     696108   4477.156     529459  0.000e+00
    -1.9943  19.659384     15.435 330.552972     696112   4476.824     529473  0.000e+00
    -1.9945  19.654715     15.490 330.552975     696117   4476.473     529491  0.000e+00
    -1.9948  19.652122     15.542 330.552977     696123   4476.277     529508  0.000e+00
    -1.9951  19.647298     15.584 330.552980     696129   4475.914     529522  0.000e+00
    -1.9953  19.642733     15.639 330.552983     696134   4475.570     529540  0.000e+00
    -1.9956  19.639985     15.691 330.552986     696141   4475.363     529557  0.000e+00
    -1.9957  19.636095     15.737 330.552989     696144   4475.070     529572  0.000e+00
    -1.9960  19.632724     15.789 330.552992     696150   4474.816     529589  0.000e+00
    -1.9962  19.630080     15.862 330.552995     696155   4474.617     529613  0.000e+00
    -1.9965  19.627383     16.005 330.552998     696161   4474.414     529660  0.000e+00
    -1.9967  19.625051     16.188 330.553001     696166   4474.238     529720  0.000e+00
    -1.9970  19.621110     16.447 330.553003     696172   4473.941     529805  0.000e+00
    -1.9973  19.619037     16.709 330.553006     696178   4473.785     529891  0.000e+00
    -1.9976  19.616653     16.907 330.553009     696185   4473.605     529956  0.000e+00
    -1.9979  19.613646     17.047 330.553012     696191   4473.379     530002  0.000e+00
    -1.9981  19.610225     17.163 330.553015     696196   4473.121     530040  0.000e+00
    -1.9982  19.606026     17.260 330.553018     696199   4472.805     530072  0.000e+00
    -1.9987  19.605301     17.337 330.553021     696209   4472.750     530097  0.000e+00
    -1.9989  19.601984     17.413 330.553024     696213   4472.500     530122  0.000e+00
    -1.9990  19.598356     17.486 330.553027     696217   4472.227     530146  0.000e+00
    -1.9994  19.596542     17.550 330.553030     696226   4472.090     530167  0.000e+00
    -1.9997  19.593381     17.614 330.553032     696232   4471.852     530188  0.000e+00
    -2.0001  19.591619     17.666 330.553035     696240   4471.719     530205  0.000e+00
    -2.0002  19.589598     17.718 330.553038     696243   4471.566     530222  0.000e+00
    -2.0004  19.586075     17.773 330.553041     696248   4471.301     530240  0.000e+00
    -2.0007  19.584572     17.830 330.553044     696254   4471.188     530259  0.000e+00
    -2.0010  19.581049     17.876 330.553047     696260   4470.922     530274  0.000e+00
    -2.0014  19.578717     17.943 330.553050     696269   4470.746     530296  0.000e+00
    -2.0017  19.575868     18.007 330.553053     696277   4470.531     530317  0.000e+00
    -2.0019  19.572967     18.068 330.553056     696280   4470.313     530337  0.000e+00
    -2.0021  19.571983     18.126 330.553058     696285   4470.238     530356  0.000e+00
    -2.0025  19.569600     18.187 330.553061     696294   4470.059     530376  0.000e+00
    -2.0026  19.569445     18.263 330.553064     696297   4470.047     530401  0.000e+00
    -2.0029  19.569445     18.373 330.553067     696303   4470.047     530437  0.000e+00
    -2.0031  19.567529     18.510 330.553070     696307   4469.902     530482  0.000e+00
    -2.0034  19.564887     18.748 330.553073     696315   4469.703     530560  0.000e+00
    -2.0037  19.562402     19.144 330.553076     696321   4469.516     530690  0.000e+00
    -2.0038  19.559088     19.878 330.553079     696324   4469.266     530931  0.000e+00
    -2.0043  19.557485     21.268 330.553082     696334   4469.145     531387  0.000e+00
    -2.0046  19.554072     23.681 330.553084     696340   4468.887     532179  0.000e+00
    -2.0048  19.551647     28.557 330.553087     696345   4468.703     533779  0.000e+00
    -2.0051  19.549183     39.992 330.553090     696351   4468.516     537532  0.000e+00
    -2.0054  19.547419     66.224 330.553093     696358   4468.379     546141  0.000e+00
    -2.0056  19.544378    101.484 330.553096     696363   4468.145     557714  0.000e+00
    -2.0057  19.542079    117.620 330.553099     696365   4467.969     563010  0.000e+00
    -2.0060  19.538357    121.248 330.553102     696371   4467.688     564201  0.000e+00
    -2.0063  19.536392    122.357 330.553105     696378   4467.539     564565  0.000e+00
    -2.0065  19.534530    123.003 330.553108     696384   4467.398     564777  0.000e+00
    -2.0067  19.530907    123.539 330.553111     696387   4467.125     564953  0.000e+00
    -2.0070  19.528733    124.036 330.553113     696394   4466.961     565116  0.000e+00
    -2.0073  19.524024    124.517 330.553116     696400   4466.605     565274  0.000e+00
    -2.0076  19.519366    124.959 330.553119     696407   4466.254     565419  0.000e+00
    -2.0078  19.520195    125.388 330.553122     696413   4466.316     565560  0.000e+00
    -2.0082  19.518333    125.848 330.553125     696421   4466.176     565711  0.000e+00
    -2.0084  19.517091    126.299 330.553128     696425   4466.082     565859  0.000e+00
    -2.0087  19.516626    126.747 330.553131     696431   4466.047     566006  0.000e+00
    -2.0089  19.514143    127.198 330.553134     696436   4465.859     566154  0.000e+00
    -2.0091  19.514144    127.652 330.553137     696441   4465.859     566303  0.000e+00
    -2.0095  19.512385    128.112 330.553139     696449   4465.727     566454  0.000e+00
    -2.0098  19.512645    128.566 330.553142     696456   4465.746     566603  0.000e+00
    -2.0100  19.510576    129.023 330.553145     696460   4465.590     566753  0.000e+00
    -2.0102  19.509904    129.465 330.553148     696466   4465.539     566898  0.000e+00
    -2.0105  19.509284    129.909 330.553151     696471   4465.492     567044  0.000e+00
    -2.0108  19.507214    130.354 330.553154     696478   4465.336     567190  0.000e+00
    -2.0110  19.508457    130.778 330.553157     696483   4465.430     567329  0.000e+00
    -2.0114  19.509545    131.223 330.553160     696491   4465.512     567475  0.000e+00
    -2.0116  19.509235    131.664 330.553163     696496   4465.488     567620  0.000e+00
    -2.0118  19.509702    132.082 330.553166     696501   4465.523     567757  0.000e+00
    -2.0120  19.508098    132.505 330.553168     696506   4465.402     567896  0.000e+00
    -2.0123  19.505667    132.932 330.553171     696513   4465.219     568036  0.000e+00
    -2.0126  19.505305    133.312 330.553174     696518   4465.191     568161  0.000e+00
    -2.0129  19.504996    133.690 330.553177     696526   4465.168     568285  0.000e+00
    -2.0131  19.505203    134.056 330.553180     696530   4465.184     568405  0.000e+00
    -2.0132  19.504480    134.415 330.553183     696533   4465.129     568523  0.000e+00
    -2.0137  19.504636    134.763 330.553186     696542   4465.141     568637  0.000e+00
    -2.0139  19.504326    135.092 330.553189     696547   4465.117     568745  0.000e+00
    -2.0141  19.503654    135.399 330.553192     696553   4465.066     568846  0.000e+00
    -2.0145  19.503654    135.692 330.553194     696560   4465.066     568942  0.000e+00
    -2.0147  19.503189    135.978 330.553197     696565   4465.031     569036  0.000e+00
    -2.0149  19.502620    136.252 330.553200     696569   4464.988     569126  0.000e+00
    -2.0152  19.503449    136.533 330.553203     696576   4465.051     569218  0.000e+00
    -2.0156  19.501535    136.831 330.553206     696585   4464.906     569316  0.000e+00
    -2.0157  19.499621    137.154 330.553209     696588   4464.762     569422  0.000e+00
    -2.0159  19.499156    137.486 330.553212     696591   4464.727     569531  0.000e+00
    -2.0163  19.498381    137.837 330.553215     696600   4464.668     569646  0.000e+00
    -2.0165  19.498071    138.208 330.553218     696605   4464.645     569768  0.000e+00
    -2.0168  19.497347    138.580 330.553220     696612   4464.590     569890  0.000e+00
    -2.0170  19.497607    138.991 330.553223     696617   4464.609     570025  0.000e+00
    -2.0172  19.497142    139.412 330.553226     696622   4464.574     570163  0.000e+00
    -2.0176  19.496470    139.832 330.553229     696629   4464.523     570301  0.000e+00
    -2.0178  19.496937    140.243 330.553232     696634   4464.559     570436  0.000e+00
    -2.0180  19.497403    140.670 330.553235     696638   4464.594     570576  0.000e+00
