tests/resources/orca-test-data/SBE19plus/4794/4794_021_KiM.cnv
* Sea-Bird SBE19plus Data File:
* FileName = C:\Documents and Settings\stevens\Desktop\K131_2007\CTD\4794_021.hex
* Software Version 1.50
* Temperature SN =  4977
* Conductivity SN =  4977
* System UpLoad Time = Nov 26 2007 18:55:11
** K131 McMurdo SeaIce Work
** nov-dec 2007
** using chch plastic ctd
** times are local (NZ daylight savings)
# nquan = 8
# nvalues = 8564                                  
# units = specified
# name 0 = tv290C: Temperature [ITS-90, deg C]
# name 1 = c0mS/cm: Conductivity [mS/cm]
# name 2 = prdM: Pressure, Strain Gauge [db]
# name 3 = timeJ: Julian Days
# name 4 = f0: Frequency 0
# name 5 = f1: Frequency 1
# name 6 = f2: Frequency 2
# name 7 = flag:  0.000e+00
# span 0 =    -2.9406,    -1.9047                 
# span 1 =   0.279198,  27.378130                 
# span 2 =     -0.295,    363.209                 
# span 3 = 330.760556, 330.785333                 
# span 4 =     694122,     717354                 
# span 5 =   2638.020,   5024.047                 
# span 6 =     524307,     643638                 
# span 7 = 0.0000e+00, 0.0000e+00                 
# interval = seconds: 0.25
# start_time = Nov 26 2007 18:15:12 [Instrument's time stamp, header]
# bad_flag = -9.990e-29
*END*
[from data line 2517]
    -1.9057  27.376382    363.166 330.767839     694144   5023.930     643624  0.000e+00
    -1.9057  27.375915    363.169 330.767841     694144   5023.898     643625  0.000e+00
    -1.9058  27.375857    363.160 330.767844     694146   5023.895     643622  0.000e+00
    -1.9057  27.376382    363.163 330.767847     694145   5023.930     643623  0.000e+00
    -1.9057  27.376207    363.166 330.767850     694145   5023.918     643624  0.000e+00
    -1.9058  27.375857    363.160 330.767853     694146   5023.895     643622  0.000e+00
    -1.9058  27.376148    363.154 330.767856     694147   5023.914     643620  0.000e+00
    -1.9058  27.375915    363.154 330.767859     694147   5023.898     643620  0.000e+00
    -1.9060  27.375857    363.157 330.767862     694150   5023.895     643621  0.000e+00
    -1.9061  27.375915    363.148 330.767865     694154   5023.898     643618  0.000e+00
    -1.9061  27.375565    363.145 330.767867     694154   5023.875     643617  0.000e+00
    -1.9060  27.375857    363.148 330.767870     694152   5023.895     643618  0.000e+00
    -1.9062  27.376207    363.148 330.767873     694155   5023.918     643618  0.000e+00
    -1.9062  27.375857    363.145 330.767876     694155   5023.895     643617  0.000e+00
    -1.9060  27.375857    363.139 330.767879     694151   5023.895     643615  0.000e+00
    -1.9059  27.375915    363.139 330.767882     694149   5023.898     643615  0.000e+00
    -1.9058  27.375565    363.142 330.767885     694147   5023.875     643616  0.000e+00
    -1.9058  27.376440    363.133 330.767888     694146   5023.934     643613  0.000e+00
    -1.9056  27.375565    363.139 330.767891     694143   5023.875     643615  0.000e+00
    -1.9057  27.375857    363.133 330.767894     694145   5023.895     643613  0.000e+00
    -1.9057  27.375624    363.139 330.767896     694144   5023.879     643615  0.000e+00
    -1.9057  27.376148    363.133 330.767899     694144   5023.914     643613  0.000e+00
    -1.9056  27.376382    363.136 330.767902     694143   5023.930     643614  0.000e+00
    -1.9056  27.375624    363.145 330.767905     694142   5023.879     643617  0.000e+00
    -1.9057  27.376148    363.154 330.767908     694144   5023.914     643620  0.000e+00
    -1.9057  27.376207    363.160 330.767911     694144   5023.918     643622  0.000e+00
    -1.9057  27.375857    363.163 330.767914     694145   5023.895     643623  0.000e+00
    -1.9056  27.376382    363.163 330.767917     694143   5023.930     643623  0.000e+00
    -1.9056  27.375915    363.151 330.767920     694143   5023.898     643619  0.000e+00
    -1.9056  27.375565    363.160 330.767922     694143   5023.875     643622  0.000e+00
    -1.9056  27.376148    363.160 330.767925     694143   5023.914     643622  0.000e+00
    -1.9056  27.375624    363.154 330.767928     694143   5023.879     643620  0.000e+00
    -1.9056  27.376382    363.151 330.767931     694143   5023.930     643619  0.000e+00
    -1.9057  27.376207    363.148 330.767934     694144   5023.918     643618  0.000e+00
    -1.9055  27.375857    363.148 330.767937     694141   5023.895     643618  0.000e+00
    -1.9056  27.375565    363.148 330.767940     694143   5023.875     643618  0.000e+00
    -1.9056  27.375915    363.154 330.767943     694143   5023.898     643620  0.000e+00
    -1.9057  27.376148    363.160 330.767946     694145   5023.914     643622  0.000e+00
    -1.9056  27.375565    363.163 330.767948     694142   5023.875     643623  0.000e+00
    -1.9057  27.376440    363.160 330.767951     694144   5023.934     643622  0.000e+00
    -1.9056  27.374807    363.154 330.767954     694143   5023.824     643620  0.000e+00
    -1.9058  27.376207    363.154 330.767957     694147   5023.918     643620  0.000e+00
    -1.9057  27.376382    363.154 330.767960     694144   5023.930     643620  0.000e+00
    -1.9056  27.375041    363.154 330.767963     694143   5023.840     643620  0.000e+00
    -1.9056  27.375624    363.154 330.767966     694142   5023.879     643620  0.000e+00
    -1.9057  27.376148    363.148 330.767969     694144   5023.914     643618  0.000e+00
    -1.9057  27.376148    363.148 330.767972     694145   5023.914     643618  0.000e+00
    -1.9057  27.375915    363.145 330.767975     694145   5023.898     643617  0.000e+00
    -1.9058  27.375857    363.148 330.767977     694146   5023.895     643618  0.000e+00
    -1.9057  27.376207    363.142 330.767980     694144   5023.918     643616  0.000e+00
    -1.9058  27.375565    363.142 330.767983     694146   5023.875     643616  0.000e+00
    -1.9057  27.376148    363.142 330.767986     694145   5023.914     643616  0.000e+00
    -1.9057  27.375332    363.142 330.767989     694145   5023.859     643616  0.000e+00
    -1.9056  27.375857    363.139 330.767992     694143   5023.895     643615  0.000e+00
    -1.9056  27.375857    363.142 330.767995     694143   5023.895     643616  0.000e+00
    -1.9057  27.376207    363.142 330.767998     694144   5023.918     643616  0.000e+00
    -1.9057  27.376148    363.160 330.768001     694144   5023.914     643622  0.000e+00
    -1.9059  27.375332    363.166 330.768003     694148   5023.859     643624  0.000e+00
    -1.9060  27.375565    363.182 330.768006     694150   5023.875     643629  0.000e+00
    -1.9058  27.375857    363.182 330.768009     694146   5023.895     643629  0.000e+00
    -1.9059  27.375915    363.182 330.768012     694148   5023.898     643629  0.000e+00
    -1.9059  27.376382    363.179 330.768015     694148   5023.930     643628  0.000e+00
    -1.9058  27.375857    363.179 330.768018     694147   5023.895     643628  0.000e+00
    -1.9057  27.376207    363.172 330.768021     694145   5023.918     643626  0.000e+00
    -1.9059  27.376148    363.169 330.768024     694149   5023.914     643625  0.000e+00
    -1.9060  27.375332    363.169 330.768027     694151   5023.859     643625  0.000e+00
    -1.9062  27.375857    363.163 330.768030     694156   5023.895     643623  0.000e+00
    -1.9060  27.375565    363.163 330.768032     694151   5023.875     643623  0.000e+00
    -1.9060  27.376207    363.163 330.768035     694151   5023.918     643623  0.000e+00
    -1.9060  27.376673    363.160 330.768038     694150   5023.949     643622  0.000e+00
    -1.9060  27.376382    363.160 330.768041     694150   5023.930     643622  0.000e+00
    -1.9058  27.375624    363.160 330.768044     694147   5023.879     643622  0.000e+00
    -1.9060  27.375857    363.157 330.768047     694150   5023.895     643621  0.000e+00
    -1.9058  27.375332    363.157 330.768050     694147   5023.859     643621  0.000e+00
    -1.9058  27.376148    363.160 330.768053     694146   5023.914     643622  0.000e+00
    -1.9058  27.375857    363.151 330.768056     694146   5023.895     643619  0.000e+00
    -1.9058  27.376207    363.154 330.768058     694146   5023.918     643620  0.000e+00
    -1.9058  27.375857    363.148 330.768061     694147   5023.895     643618  0.000e+00
    -1.9058  27.376148    363.148 330.768064     694147   5023.914     643618  0.000e+00
    -1.9057  27.375624    363.145 330.768067     694144   5023.879     643617  0.000e+00
    -1.9057  27.376148    363.148 330.768070     694145   5023.914     643618  0.000e+00
    -1.9058  27.375624    363.148 330.768073     694146   5023.879     643618  0.000e+00
    -1.9058  27.375857    363.145 330.768076     694147   5023.895     643617  0.000e+00
    -1.9057  27.375857    363.139 330.768079     694145   5023.895     643615  0.000e+00
    -1.9057  27.375332    363.145 330.768082     694145   5023.859     643617  0.000e+00
    -1.9058  27.375565    363.142 330.768084     694147   5023.875     643616  0.000e+00
    -1.9059  27.375915    363.139 330.768087     694149   5023.898     643615  0.000e+00
    -1.9057  27.376148    363.142 330.768090     694144   5023.914     643616  0.000e+00
    -1.9056  27.376148    363.139 330.768093     694142   5023.914     643615  0.000e+00
    -1.9056  27.375624    363.136 330.768096     694143   5023.879     643614  0.000e+00
    -1.9057  27.376673    363.139 330.768099     694144   5023.949     643615  0.000e+00
    -1.9057  27.375857    363.142 330.768102     694145   5023.895     643616  0.000e+00
    -1.9057  27.375332    363.133 330.768105     694145   5023.859     643613  0.000e+00
    -1.9056  27.375857    363.130 330.768108     694143   5023.895     643612  0.000e+00
    -1.9058  27.375624    363.130 330.768111     694146   5023.879     643612  0.000e+00
    -1.9056  27.376148    363.130 330.768113     694143   5023.914     643612  0.000e+00
    -1.9056  27.375565    363.130 330.768116     694143   5023.875     643612  0.000e+00
    -1.9056  27.375624    363.133 330.768119     694142   5023.879     643613  0.000e+00
    -1.9057  27.375857    363.127 330.768122     694145   5023.895     643611  0.000e+00
    -1.9057  27.375565    363.133 330.768125     694145   5023.875     643613  0.000e+00
    -1.9057  27.376207    363.139 330.768128     694145   5023.918     643615  0.000e+00
    -1.9057  27.375565    363.160 330.768131     694145   5023.875     643622  0.000e+00
    -1.9057  27.376440    363.169 330.768134     694144   5023.934     643625  0.000e+00
    -1.9058  27.376148    363.166 330.768137     694146   5023.914     643624  0.000e+00
    -1.9057  27.375857    363.166 330.768139     694145   5023.895     643624  0.000e+00
    -1.9059  27.375915    363.163 330.768142     694148   5023.898     643623  0.000e+00
    -1.9058  27.375565    363.163 330.768145     694147   5023.875     643623  0.000e+00
    -1.9060  27.375857    363.163 330.768148     694151   5023.895     643623  0.000e+00
    -1.9060  27.375915    363.157 330.768151     694151   5023.898     643621  0.000e+00
    -1.9058  27.375332    363.160 330.768154     694147   5023.859     643622  0.000e+00
    -1.9059  27.375915    363.157 330.768157     694149   5023.898     643621  0.000e+00
    -1.9060  27.375857    363.154 330.768160     694150   5023.895     643620  0.000e+00
    -1.9057  27.375857    363.157 330.768163     694144   5023.895     643621  0.000e+00
    -1.9057  27.375624    363.151 330.768166     694145   5023.879     643619  0.000e+00
    -1.9057  27.375857    363.151 330.768168     694144   5023.895     643619  0.000e+00
    -1.9058  27.376382    363.151 330.768171     694146   5023.930     643619  0.000e+00
    -1.9058  27.375915    363.148 330.768174     694147   5023.898     643618  0.000e+00
    -1.9058  27.375565    363.142 330.768177     694146   5023.875     643616  0.000e+00
    -1.9059  27.375624    363.151 330.768180     694148   5023.879     643619  0.000e+00
    -1.9060  27.375565    363.145 330.768183     694152   5023.875     643617  0.000e+00
    -1.9061  27.376148    363.142 330.768186     694153   5023.914     643616  0.000e+00
    -1.9058  27.375915    363.142 330.768189     694146   5023.898     643616  0.000e+00
    -1.9059  27.375332    363.142 330.768192     694149   5023.859     643616  0.000e+00
    -1.9060  27.375565    363.139 330.768194     694150   5023.875     643615  0.000e+00
    -1.9060  27.375332    363.133 330.768197     694151   5023.859     643613  0.000e+00
    -1.9058  27.375565    363.136 330.768200     694146   5023.875     643614  0.000e+00
    -1.9059  27.375624    363.139 330.768203     694148   5023.879     643615  0.000e+00
    -1.9060  27.375857    363.130 330.768206     694150   5023.895     643612  0.000e+00
    -1.9057  27.375040    363.130 330.768209     694145   5023.840     643612  0.000e+00
    -1.9058  27.375915    363.127 330.768212     694147   5023.898     643611  0.000e+00
    -1.9058  27.375857    363.124 330.768215     694147   5023.895     643610  0.000e+00
    -1.9058  27.376382    363.136 330.768218     694146   5023.930     643614  0.000e+00
    -1.9057  27.375915    363.127 330.768220     694145   5023.898     643611  0.000e+00
    -1.9059  27.374807    363.127 330.768223     694148   5023.824     643611  0.000e+00
    -1.9059  27.375332    363.124 330.768226     694148   5023.859     643610  0.000e+00
    -1.9060  27.375332    363.121 330.768229     694150   5023.859     643609  0.000e+00
    -1.9062  27.375332    363.124 330.768232     694156   5023.859     643610  0.000e+00
    -1.9062  27.375624    363.118 330.768235     694155   5023.879     643608  0.000e+00
    -1.9063  27.375857    363.124 330.768238     694157   5023.895     643610  0.000e+00
    -1.9060  27.375332    363.127 330.768241     694152   5023.859     643611  0.000e+00
    -1.9060  27.376207    363.142 330.768244     694152   5023.918     643616  0.000e+00
    -1.9060  27.376148    363.163 330.768247     694151   5023.914     643623  0.000e+00
    -1.9059  27.375041    363.160 330.768249     694149   5023.840     643622  0.000e+00
    -1.9062  27.376382    363.160 330.768252     694156   5023.930     643622  0.000e+00
    -1.9063  27.375332    363.169 330.768255     694157   5023.859     643625  0.000e+00
    -1.9063  27.375915    363.176 330.768258     694158   5023.898     643627  0.000e+00
    -1.9064  27.375565    363.166 330.768261     694159   5023.875     643624  0.000e+00
    -1.9064  27.375332    363.166 330.768264     694160   5023.859     643624  0.000e+00
    -1.9065  27.375624    363.163 330.768267     694163   5023.879     643623  0.000e+00
    -1.9067  27.375857    363.160 330.768270     694166   5023.895     643622  0.000e+00
    -1.9065  27.375624    363.160 330.768273     694162   5023.879     643622  0.000e+00
    -1.9066  27.375041    363.163 330.768275     694164   5023.840     643623  0.000e+00
    -1.9064  27.375857    363.160 330.768278     694159   5023.895     643622  0.000e+00
    -1.9061  27.375624    363.154 330.768281     694154   5023.879     643620  0.000e+00
    -1.9061  27.375857    363.154 330.768284     694154   5023.895     643620  0.000e+00
    -1.9059  27.376673    363.154 330.768287     694149   5023.949     643620  0.000e+00
    -1.9059  27.375915    363.151 330.768290     694148   5023.898     643619  0.000e+00
    -1.9058  27.375565    363.154 330.768293     694146   5023.875     643620  0.000e+00
    -1.9057  27.375915    363.151 330.768296     694144   5023.898     643619  0.000e+00
    -1.9058  27.376673    363.154 330.768299     694146   5023.949     643620  0.000e+00
    -1.9058  27.376382    363.151 330.768302     694146   5023.930     643619  0.000e+00
    -1.9058  27.375915    363.148 330.768304     694146   5023.898     643618  0.000e+00
    -1.9058  27.376382    363.151 330.768307     694146   5023.930     643619  0.000e+00
    -1.9056  27.376148    363.151 330.768310     694143   5023.914     643619  0.000e+00
    -1.9056  27.375915    363.145 330.768313     694142   5023.898     643617  0.000e+00
    -1.9056  27.376148    363.145 330.768316     694143   5023.914     643617  0.000e+00
    -1.9057  27.375332    363.142 330.768319     694144   5023.859     643616  0.000e+00
    -1.9059  27.375332    363.142 330.768322     694148   5023.859     643616  0.000e+00
    -1.9058  27.376148    363.136 330.768325     694146   5023.914     643614  0.000e+00
    -1.9057  27.376731    363.139 330.768328     694144   5023.953     643615  0.000e+00
    -1.9058  27.376382    363.136 330.768330     694147   5023.930     643614  0.000e+00
    -1.9058  27.375857    363.139 330.768333     694146   5023.895     643615  0.000e+00
    -1.9057  27.376207    363.136 330.768336     694144   5023.918     643614  0.000e+00
    -1.9057  27.375565    363.133 330.768339     694145   5023.875     643613  0.000e+00
    -1.9057  27.375915    363.130 330.768342     694144   5023.898     643612  0.000e+00
    -1.9057  27.375565    363.133 330.768345     694145   5023.875     643613  0.000e+00
    -1.9058  27.375857    363.130 330.768348     694146   5023.895     643612  0.000e+00
    -1.9059  27.376440    363.136 330.768351     694148   5023.934     643614  0.000e+00
    -1.9059  27.375857    363.133 330.768354     694148   5023.895     643613  0.000e+00
