tests/resources/orca-test-data/SBE19plus/4794/4794_020_KiM.cnv
* Sea-Bird SBE19plus Data File:
* FileName = C:\Documents and Settings\stevens\Desktop\K131_2007\CTD\4794_020.hex
* Software Version 1.50
* Temperature SN =  4977
* Conductivity SN =  4977
* System UpLoad Time = Nov 26 2007 17:43:57
** K131 McMurdo SeaIce Work
** nov-dec 2007
** using chch plastic ctd
** times are local (NZ daylight savings)
# nquan = 8
# nvalues = 6209                                  
# units = specified
# name 0 = tv290C: Temperature [ITS-90, deg C]
# name 1 = c0mS/cm: Conductivity [mS/cm]
# name 2 = prdM: Pressure, Strain Gauge [db]
# name 3 = timeJ: Julian Days
# name 4 = f0: Frequency 0
# name 5 = f1: Frequency 1
# name 6 = f2: Frequency 2
# name 7 = flag:  0.000e+00
# span 0 =    -2.7091,    -1.9061                 
# span 1 =   0.032329,  27.375914                 
# span 2 =     -0.295,    363.480                 
# span 3 = 330.717280, 330.735243                 
# span 4 =     694154,     712118                 
# span 5 =   2606.215,   5023.898                 
# span 6 =     524307,     643727                 
# span 7 = 0.0000e+00, 0.0000e+00                 
# interval = seconds: 0.25
# start_time = Nov 26 2007 17:12:53 [Instrument's time stamp, header]
# bad_flag = -9.990e-29
*END*
[from data line 180]
    -1.9555  26.799221     67.883 330.717801     695249   4985.164     546683  0.000e+00
    -1.9556  26.798876     68.778 330.717804     695251   4985.141     546977  0.000e+00
    -1.9557  26.798184     69.644 330.717807     695255   4985.094     547261  0.000e+00
    -1.9556  26.798013     70.470 330.717810     695252   4985.082     547532  0.000e+00
    -1.9559  26.797668     71.222 330.717812     695259   4985.059     547779  0.000e+00
    -1.9559  26.797496     71.877 330.717815     695258   4985.047     547994  0.000e+00
    -1.9561  26.797497     72.447 330.717818     695263   4985.047     548181  0.000e+00
    -1.9564  26.797672     72.940 330.717821     695269   4985.059     548343  0.000e+00
    -1.9565  26.797500     73.379 330.717824     695272   4985.047     548487  0.000e+00
    -1.9566  26.797443     73.803 330.717827     695275   4985.043     548626  0.000e+00
    -1.9564  26.797733     74.211 330.717830     695269   4985.063     548760  0.000e+00
    -1.9566  26.797445     74.619 330.717833     695274   4985.043     548894  0.000e+00
    -1.9565  26.797504     75.027 330.717836     695272   4985.047     549028  0.000e+00
    -1.9564  26.797158     75.448 330.717839     695269   4985.023     549166  0.000e+00
    -1.9566  26.796927     75.865 330.717841     695274   4985.008     549303  0.000e+00
    -1.9567  26.796639     76.295 330.717844     695276   4984.988     549444  0.000e+00
    -1.9569  26.796930     76.725 330.717847     695280   4985.008     549585  0.000e+00
    -1.9569  26.796641     77.148 330.717850     695281   4984.988     549724  0.000e+00
    -1.9568  26.796643     77.575 330.717853     695279   4984.988     549864  0.000e+00
    -1.9570  26.796644     78.013 330.717856     695283   4984.988     550008  0.000e+00
    -1.9573  26.796413     78.455 330.717859     695289   4984.973     550153  0.000e+00
    -1.9575  26.796646     78.909 330.717862     695294   4984.988     550302  0.000e+00
    -1.9577  26.796416     79.360 330.717865     695298   4984.973     550450  0.000e+00
    -1.9578  26.796128     79.814 330.717867     695301   4984.953     550599  0.000e+00
    -1.9580  26.795898     80.280 330.717870     695305   4984.938     550752  0.000e+00
    -1.9581  26.795552     80.749 330.717873     695307   4984.914     550906  0.000e+00
    -1.9583  26.795379     81.222 330.717876     695313   4984.902     551061  0.000e+00
    -1.9587  26.795034     81.691 330.717879     695320   4984.879     551215  0.000e+00
    -1.9591  26.795613     82.169 330.717882     695330   4984.918     551372  0.000e+00
    -1.9591  26.795325     82.644 330.717885     695330   4984.898     551528  0.000e+00
    -1.9591  26.795905     83.132 330.717888     695330   4984.938     551688  0.000e+00
    -1.9590  26.795559     83.619 330.717891     695328   4984.914     551848  0.000e+00
    -1.9592  26.795907     84.107 330.717894     695331   4984.938     552008  0.000e+00
    -1.9593  26.796140     84.607 330.717896     695334   4984.953     552172  0.000e+00
    -1.9595  26.795621     85.094 330.717899     695339   4984.918     552332  0.000e+00
    -1.9595  26.795333     85.588 330.717902     695339   4984.898     552494  0.000e+00
    -1.9599  26.795161     86.078 330.717905     695347   4984.887     552655  0.000e+00
    -1.9602  26.795856     86.559 330.717908     695354   4984.934     552813  0.000e+00
    -1.9605  26.795626     87.050 330.717911     695360   4984.918     552974  0.000e+00
    -1.9606  26.795859     87.522 330.717914     695363   4984.934     553129  0.000e+00
    -1.9609  26.795918     88.013 330.717917     695370   4984.938     553290  0.000e+00
    -1.9607  26.796150     88.500 330.717920     695366   4984.953     553450  0.000e+00
    -1.9607  26.796441     88.994 330.717922     695365   4984.973     553612  0.000e+00
    -1.9606  26.796673     89.490 330.717925     695364   4984.988     553775  0.000e+00
    -1.9605  26.796675     89.990 330.717928     695360   4984.988     553939  0.000e+00
    -1.9605  26.796965     90.496 330.717931     695360   4985.008     554105  0.000e+00
    -1.9603  26.796967     91.005 330.717934     695357   4985.008     554272  0.000e+00
    -1.9605  26.797489     91.526 330.717937     695360   4985.043     554443  0.000e+00
    -1.9607  26.797548     92.050 330.717940     695365   4985.047     554615  0.000e+00
    -1.9606  26.797723     92.577 330.717943     695364   4985.059     554788  0.000e+00
    -1.9606  26.798360     93.104 330.717946     695363   4985.102     554961  0.000e+00
    -1.9604  26.798246     93.634 330.717948     695359   4985.094     555135  0.000e+00
    -1.9605  26.798942     94.173 330.717951     695360   4985.141     555312  0.000e+00
    -1.9604  26.798769     94.713 330.717954     695359   4985.129     555489  0.000e+00
    -1.9604  26.798944     95.249 330.717957     695358   4985.141     555665  0.000e+00
    -1.9601  26.799582     95.791 330.717960     695353   4985.184     555843  0.000e+00
    -1.9604  26.799468     96.333 330.717963     695358   4985.176     556021  0.000e+00
    -1.9606  26.797213     96.876 330.717966     695364   4985.023     556199  0.000e+00
    -1.9609  26.796983     97.409 330.717969     695369   4985.008     556374  0.000e+00
    -1.9610  26.799472     97.939 330.717972     695373   4985.176     556548  0.000e+00
    -1.9610  26.800341     98.472 330.717975     695372   4985.234     556723  0.000e+00
    -1.9609  26.801384     99.005 330.717977     695370   4985.305     556898  0.000e+00
    -1.9609  26.801154     99.535 330.717980     695369   4985.289     557072  0.000e+00
    -1.9610  26.801965    100.072 330.717983     695373   4985.344     557248  0.000e+00
    -1.9608  26.802429    100.605 330.717986     695368   4985.375     557423  0.000e+00
    -1.9606  26.802778    101.144 330.717989     695363   4985.398     557600  0.000e+00
    -1.9606  26.802721    101.683 330.717992     695362   4985.395     557777  0.000e+00
    -1.9606  26.802781    102.222 330.717995     695362   4985.398     557954  0.000e+00
    -1.9609  26.802956    102.777 330.717998     695370   4985.410     558136  0.000e+00
    -1.9609  26.803362    103.319 330.718001     695369   4985.438     558314  0.000e+00
    -1.9610  26.803479    103.868 330.718003     695372   4985.445     558494  0.000e+00
    -1.9615  26.804175    104.416 330.718006     695382   4985.492     558674  0.000e+00
    -1.9615  26.804523    104.968 330.718009     695384   4985.516     558855  0.000e+00
    -1.9618  26.804988    105.519 330.718012     695389   4985.547     559036  0.000e+00
    -1.9618  26.799088    106.074 330.718015     695390   4985.148     559218  0.000e+00
    -1.9619  26.798974    106.628 330.718018     695392   4985.141     559400  0.000e+00
    -1.9620  26.806901    107.179 330.718021     695394   4985.676     559581  0.000e+00
    -1.9620  26.807481    107.740 330.718024     695394   4985.715     559765  0.000e+00
    -1.9620  26.807772    108.298 330.718027     695395   4985.734     559948  0.000e+00
    -1.9619  26.808179    108.861 330.718030     695391   4985.762     560133  0.000e+00
    -1.9619  26.808874    109.413 330.718032     695393   4985.809     560314  0.000e+00
    -1.9619  26.809223    109.973 330.718035     695393   4985.832     560498  0.000e+00
    -1.9618  26.809687    110.528 330.718038     695389   4985.863     560680  0.000e+00
    -1.9618  26.809515    111.085 330.718041     695390   4985.852     560863  0.000e+00
    -1.9616  26.796499    111.646 330.718044     695386   4984.973     561047  0.000e+00
    -1.9616  26.794186    112.200 330.718047     695386   4984.816     561229  0.000e+00
    -1.9614  26.808593    112.749 330.718050     695380   4985.789     561409  0.000e+00
    -1.9612  26.809521    113.294 330.718053     695377   4985.852     561588  0.000e+00
    -1.9614  26.810506    113.836 330.718056     695381   4985.918     561766  0.000e+00
    -1.9612  26.811086    114.388 330.718058     695376   4985.957     561947  0.000e+00
    -1.9612  26.811376    114.915 330.718061     695376   4985.977     562120  0.000e+00
    -1.9615  26.821215    115.414 330.718064     695384   4986.641     562284  0.000e+00
    -1.9627  26.815487    115.896 330.718067     695409   4986.254     562442  0.000e+00
    -1.9637  26.810049    116.374 330.718070     695433   4985.887     562599  0.000e+00
    -1.9648  26.809993    116.852 330.718073     695457   4985.883     562756  0.000e+00
    -1.9653  26.835515    117.300 330.718076     695468   4987.605     562903  0.000e+00
    -1.9661  26.814393    117.730 330.718079     695485   4986.180     563044  0.000e+00
    -1.9670  26.833955    118.117 330.718082     695506   4987.500     563171  0.000e+00
    -1.9683  26.819082    118.488 330.718084     695533   4986.496     563293  0.000e+00
    -1.9699  26.772283    118.860 330.718087     695570   4983.336     563415  0.000e+00
    -1.9705  26.670746    119.226 330.718090     695582   4976.473     563535  0.000e+00
    -1.9707  26.711299    119.597 330.718093     695587   4979.215     563657  0.000e+00
    -1.9704  26.839980    119.987 330.718096     695581   4987.906     563785  0.000e+00
    -1.9704  26.840849    120.374 330.718099     695581   4987.965     563912  0.000e+00
    -1.9702  26.841776    120.770 330.718102     695576   4988.027     564042  0.000e+00
    -1.9695  26.843340    121.184 330.718105     695560   4988.133     564178  0.000e+00
    -1.9687  26.844151    121.611 330.718108     695542   4988.188     564318  0.000e+00
    -1.9685  26.845542    122.041 330.718111     695538   4988.281     564459  0.000e+00
    -1.9680  26.846990    122.479 330.718113     695527   4988.379     564603  0.000e+00
    -1.9673  26.841723    122.930 330.718116     695513   4988.023     564751  0.000e+00
    -1.9660  26.756508    123.372 330.718119     695484   4982.270     564896  0.000e+00
    -1.9648  26.784961    123.805 330.718122     695457   4984.191     565038  0.000e+00
    -1.9649  26.852205    124.222 330.718125     695458   4988.730     565175  0.000e+00
    -1.9650  26.861296    124.624 330.718128     695461   4989.344     565307  0.000e+00
    -1.9653  26.850644    125.017 330.718131     695467   4988.625     565436  0.000e+00
    -1.9655  26.853018    125.413 330.718134     695472   4988.785     565566  0.000e+00
    -1.9649  26.851456    125.821 330.718137     695459   4988.680     565700  0.000e+00
    -1.9641  26.874271    126.245 330.718139     695441   4990.219     565839  0.000e+00
    -1.9633  26.889505    126.674 330.718142     695422   4991.246     565980  0.000e+00
    -1.9622  26.890548    127.107 330.718145     695398   4991.316     566122  0.000e+00
    -1.9618  26.891592    127.561 330.718148     695389   4991.387     566271  0.000e+00
    -1.9610  26.892230    128.027 330.718151     695371   4991.430     566424  0.000e+00
    -1.9602  26.892927    128.493 330.718154     695355   4991.477     566577  0.000e+00
    -1.9601  26.893623    128.959 330.718157     695351   4991.523     566730  0.000e+00
    -1.9598  26.894493    129.453 330.718160     695345   4991.582     566892  0.000e+00
    -1.9594  26.895247    129.940 330.718163     695336   4991.633     567052  0.000e+00
    -1.9592  26.896060    130.428 330.718166     695332   4991.688     567212  0.000e+00
    -1.9592  26.896119    130.924 330.718168     695333   4991.691     567375  0.000e+00
    -1.9592  26.896062    131.387 330.718171     695333   4991.688     567527  0.000e+00
    -1.9598  26.893341    131.808 330.718174     695345   4991.504     567665  0.000e+00
    -1.9601  26.893979    132.198 330.718177     695352   4991.547     567793  0.000e+00
    -1.9604  26.895833    132.566 330.718180     695359   4991.672     567914  0.000e+00
    -1.9599  26.895545    132.935 330.718183     695347   4991.652     568035  0.000e+00
    -1.9600  26.867919    133.313 330.718186     695350   4989.789     568159  0.000e+00
    -1.9604  26.899196    133.715 330.718189     695358   4991.898     568291  0.000e+00
    -1.9610  26.900009    134.117 330.718192     695372   4991.953     568423  0.000e+00
    -1.9614  26.901052    134.528 330.718194     695381   4992.023     568558  0.000e+00
    -1.9615  26.901633    134.958 330.718197     695382   4992.063     568699  0.000e+00
    -1.9614  26.903140    135.387 330.718200     695380   4992.164     568840  0.000e+00
    -1.9612  26.903605    135.841 330.718203     695376   4992.195     568989  0.000e+00
    -1.9613  26.904417    136.295 330.718206     695379   4992.250     569138  0.000e+00
    -1.9613  26.905229    136.749 330.718209     695379   4992.305     569287  0.000e+00
    -1.9606  26.906273    137.221 330.718212     695362   4992.375     569442  0.000e+00
    -1.9598  26.906622    137.690 330.718215     695346   4992.398     569596  0.000e+00
    -1.9592  26.907029    138.163 330.718218     695332   4992.426     569751  0.000e+00
    -1.9590  26.908015    138.635 330.718220     695327   4992.492     569906  0.000e+00
    -1.9588  26.908596    139.116 330.718223     695324   4992.531     570064  0.000e+00
    -1.9587  26.857744    139.594 330.718226     695320   4989.102     570221  0.000e+00
    -1.9580  26.836383    140.073 330.718229     695306   4987.660     570378  0.000e+00
    -1.9576  26.837311    140.548 330.718232     695296   4987.723     570534  0.000e+00
    -1.9574  26.846284    141.026 330.718235     695293   4988.328     570691  0.000e+00
    -1.9574  26.850280    141.495 330.718238     695292   4988.598     570845  0.000e+00
    -1.9577  26.852018    141.977 330.718241     695298   4988.715     571003  0.000e+00
    -1.9575  26.853061    142.446 330.718244     695295   4988.785     571157  0.000e+00
    -1.9582  26.854452    142.918 330.718247     695309   4988.879     571312  0.000e+00
    -1.9588  26.855148    143.375 330.718249     695324   4988.926     571462  0.000e+00
    -1.9597  26.855844    143.841 330.718252     695342   4988.973     571615  0.000e+00
    -1.9601  26.856714    144.301 330.718255     695353   4989.031     571766  0.000e+00
    -1.9608  26.857757    144.761 330.718258     695368   4989.102     571917  0.000e+00
    -1.9611  26.859032    145.221 330.718261     695375   4989.188     572068  0.000e+00
    -1.9612  26.860539    145.681 330.718264     695377   4989.289     572219  0.000e+00
    -1.9612  26.860366    146.141 330.718267     695377   4989.277     572370  0.000e+00
    -1.9612  26.860773    146.598 330.718270     695377   4989.305     572520  0.000e+00
    -1.9609  26.861643    147.061 330.718273     695370   4989.363     572672  0.000e+00
    -1.9611  26.862976    147.515 330.718275     695375   4989.453     572821  0.000e+00
    -1.9611  26.864019    147.972 330.718278     695375   4989.523     572971  0.000e+00
    -1.9613  26.866568    148.438 330.718281     695379   4989.695     573124  0.000e+00
    -1.9615  26.868712    148.892 330.718284     695382   4989.840     573273  0.000e+00
    -1.9613  26.870450    149.346 330.718287     695378   4989.957     573422  0.000e+00
    -1.9614  26.871610    149.827 330.718290     695381   4990.035     573580  0.000e+00
    -1.9615  26.872943    150.275 330.718293     695382   4990.125     573727  0.000e+00
    -1.9615  26.874218    150.738 330.718296     695382   4990.211     573879  0.000e+00
    -1.9615  26.876014    151.195 330.718299     695382   4990.332     574029  0.000e+00
    -1.9616  26.877058    151.667 330.718302     695385   4990.402     574184  0.000e+00
    -1.9618  26.878507    152.121 330.718304     695389   4990.500     574333  0.000e+00
    -1.9617  26.879956    152.587 330.718307     695388   4990.598     574486  0.000e+00
    -1.9617  26.881232    153.050 330.718310     695388   4990.684     574638  0.000e+00
    -1.9615  26.882044    153.510 330.718313     695383   4990.738     574789  0.000e+00
    -1.9611  26.883203    153.973 330.718316     695375   4990.816     574941  0.000e+00
