tests/resources/orca-test-data/SBE19plus/4794/4794_020_KiM.cnv
* Sea-Bird SBE19plus Data File:
* FileName = C:\Documents and Settings\stevens\Desktop\K131_2007\CTD\4794_020.hex
* Software Version 1.50
* Temperature SN =  4977
* Conductivity SN =  4977
* System UpLoad Time = Nov 26 2007 17:43:57
** K131 McMurdo SeaIce Work
** nov-dec 2007
** using chch plastic ctd
** times are local (NZ daylight savings)
# nquan = 8
# nvalues = 6209                                  
# units = specified
# name 0 = tv290C: Temperature [ITS-90, deg C]
# name 1 = c0mS/cm: Conductivity [mS/cm]
# name 2 = prdM: Pressure, Strain Gauge [db]
# name 3 = timeJ: Julian Days
# name 4 = f0: Frequency 0
# name 5 = f1: Frequency 1
# name 6 = f2: Frequency 2
# name 7 = flag:  0.000e+00
# span 0 =    -2.7091,    -1.9061                 
# span 1 =   0.032329,  27.375914                 
# span 2 =     -0.295,    363.480                 
# span 3 = 330.717280, 330.735243                 
# span 4 =     694154,     712118                 
# span 5 =   2606.215,   5023.898                 
# span 6 =     524307,     643727                 
# span 7 = 0.0000e+00, 0.0000e+00                 
# interval = seconds: 0.25
# start_time = Nov 26 2007 17:12:53 [Instrument's time stamp, header]
# bad_flag = -9.990e-29
*END*
[from data line 3057]
    -1.9519  27.168071     82.293 330.726126     695170   5010.004     551412  0.000e+00
    -1.9520  27.167604     81.878 330.726128     695171   5009.973     551276  0.000e+00
    -1.9519  27.167603     81.455 330.726131     695169   5009.973     551137  0.000e+00
    -1.9517  27.166963     81.037 330.726134     695165   5009.930     551000  0.000e+00
    -1.9516  27.167078     80.611 330.726137     695164   5009.938     550860  0.000e+00
    -1.9517  27.167193     80.193 330.726140     695166   5009.945     550723  0.000e+00
    -1.9517  27.166785     79.770 330.726143     695166   5009.918     550584  0.000e+00
    -1.9516  27.166668     79.346 330.726146     695164   5009.910     550445  0.000e+00
    -1.9515  27.166783     78.920 330.726149     695162   5009.918     550305  0.000e+00
    -1.9515  27.166258     78.499 330.726152     695160   5009.883     550167  0.000e+00
    -1.9514  27.166083     78.079 330.726155     695159   5009.871     550029  0.000e+00
    -1.9515  27.166547     77.652 330.726157     695160   5009.902     549889  0.000e+00
    -1.9514  27.166371     77.232 330.726160     695158   5009.891     549751  0.000e+00
    -1.9511  27.166254     76.824 330.726163     695153   5009.883     549617  0.000e+00
    -1.9511  27.166078     76.409 330.726166     695151   5009.871     549481  0.000e+00
    -1.9510  27.165728     75.989 330.726169     695150   5009.848     549343  0.000e+00
    -1.9512  27.165727     75.574 330.726172     695154   5009.848     549207  0.000e+00
    -1.9514  27.164680     75.163 330.726175     695158   5009.777     549072  0.000e+00
    -1.9515  27.164679     74.749 330.726178     695160   5009.777     548936  0.000e+00
    -1.9515  27.164387     74.331 330.726181     695162   5009.758     548799  0.000e+00
    -1.9517  27.163630     73.911 330.726183     695165   5009.707     548661  0.000e+00
    -1.9519  27.163571     73.494 330.726186     695170   5009.703     548524  0.000e+00
    -1.9520  27.163628     73.076 330.726189     695172   5009.707     548387  0.000e+00
    -1.9520  27.163627     72.659 330.726192     695171   5009.707     548250  0.000e+00
    -1.9519  27.163858     72.247 330.726195     695170   5009.723     548115  0.000e+00
    -1.9518  27.163857     71.836 330.726198     695168   5009.723     547980  0.000e+00
    -1.9516  27.163565     71.419 330.726201     695163   5009.703     547843  0.000e+00
    -1.9514  27.163099     71.004 330.726204     695159   5009.672     547707  0.000e+00
    -1.9513  27.164145     70.584 330.726207     695156   5009.742     547569  0.000e+00
    -1.9511  27.163330     70.179 330.726209     695151   5009.688     547436  0.000e+00
    -1.9509  27.163619     69.761 330.726212     695148   5009.707     547299  0.000e+00
    -1.9510  27.162746     69.350 330.726215     695149   5009.648     547164  0.000e+00
    -1.9509  27.162803     68.926 330.726218     695148   5009.652     547025  0.000e+00
    -1.9509  27.163267     68.512 330.726221     695148   5009.684     546889  0.000e+00
    -1.9509  27.162568     68.089 330.726224     695147   5009.637     546750  0.000e+00
    -1.9508  27.162451     67.674 330.726227     695145   5009.629     546614  0.000e+00
    -1.9509  27.162043     67.257 330.726230     695147   5009.602     546477  0.000e+00
    -1.9508  27.162274     66.845 330.726233     695146   5009.617     546342  0.000e+00
    -1.9508  27.161866     66.434 330.726236     695146   5009.590     546207  0.000e+00
    -1.9508  27.161458     66.023 330.726238     695146   5009.563     546072  0.000e+00
    -1.9509  27.161050     65.624 330.726241     695148   5009.535     545941  0.000e+00
    -1.9508  27.161224     65.212 330.726244     695145   5009.547     545806  0.000e+00
    -1.9509  27.161339     64.816 330.726247     695147   5009.555     545676  0.000e+00
    -1.9509  27.160408     64.405 330.726250     695147   5009.492     545541  0.000e+00
    -1.9508  27.160697     64.000 330.726253     695146   5009.512     545408  0.000e+00
    -1.9508  27.160173     63.597 330.726256     695145   5009.477     545276  0.000e+00
    -1.9509  27.159881     63.189 330.726259     695148   5009.457     545142  0.000e+00
    -1.9509  27.160171     62.784 330.726262     695148   5009.477     545009  0.000e+00
    -1.9509  27.159356     62.376 330.726264     695148   5009.422     544875  0.000e+00
    -1.9508  27.159064     61.967 330.726267     695146   5009.402     544741  0.000e+00
    -1.9508  27.159354     61.553 330.726270     695146   5009.422     544605  0.000e+00
    -1.9509  27.159062     61.129 330.726273     695148   5009.402     544466  0.000e+00
    -1.9508  27.158596     60.715 330.726276     695146   5009.371     544330  0.000e+00
    -1.9509  27.158827     60.289 330.726279     695147   5009.387     544190  0.000e+00
    -1.9509  27.159059     59.874 330.726282     695148   5009.402     544054  0.000e+00
    -1.9509  27.158302     59.448 330.726285     695148   5009.352     543914  0.000e+00
    -1.9510  27.157952     59.021 330.726288     695149   5009.328     543774  0.000e+00
    -1.9510  27.157253     58.585 330.726291     695150   5009.281     543631  0.000e+00
    -1.9511  27.157368     58.150 330.726293     695153   5009.289     543488  0.000e+00
    -1.9511  27.156727     57.717 330.726296     695153   5009.246     543346  0.000e+00
    -1.9512  27.157482     57.309 330.726299     695154   5009.297     543212  0.000e+00
    -1.9513  27.156551     56.885 330.726302     695156   5009.234     543073  0.000e+00
    -1.9511  27.157247     56.474 330.726305     695151   5009.281     542938  0.000e+00
    -1.9512  27.156549     56.066 330.726308     695155   5009.234     542804  0.000e+00
    -1.9512  27.155908     55.657 330.726311     695154   5009.191     542670  0.000e+00
    -1.9511  27.156256     55.237 330.726314     695151   5009.215     542532  0.000e+00
    -1.9511  27.156429     54.829 330.726317     695151   5009.227     542398  0.000e+00
    -1.9510  27.156719     54.420 330.726319     695150   5009.246     542264  0.000e+00
    -1.9510  27.155671     54.006 330.726322     695150   5009.176     542128  0.000e+00
    -1.9511  27.155147     53.592 330.726325     695152   5009.141     541992  0.000e+00
    -1.9511  27.155146     53.183 330.726328     695151   5009.141     541858  0.000e+00
    -1.9510  27.155378     52.772 330.726331     695150   5009.156     541723  0.000e+00
    -1.9510  27.154563     52.364 330.726334     695149   5009.102     541589  0.000e+00
    -1.9511  27.155143     51.955 330.726337     695151   5009.141     541455  0.000e+00
    -1.9511  27.154619     51.535 330.726340     695153   5009.105     541317  0.000e+00
    -1.9511  27.154269     51.114 330.726343     695152   5009.082     541179  0.000e+00
    -1.9511  27.154326     50.697 330.726345     695153   5009.086     541042  0.000e+00
    -1.9511  27.153743     50.276 330.726348     695153   5009.047     540904  0.000e+00
    -1.9511  27.153510     49.853 330.726351     695152   5009.031     540765  0.000e+00
    -1.9511  27.153450     49.433 330.726354     695153   5009.027     540627  0.000e+00
    -1.9511  27.153275     49.000 330.726357     695152   5009.016     540485  0.000e+00
    -1.9511  27.153158     48.579 330.726360     695152   5009.008     540347  0.000e+00
    -1.9511  27.152459     48.159 330.726363     695153   5008.961     540209  0.000e+00
    -1.9510  27.152748     47.741 330.726366     695150   5008.980     540072  0.000e+00
    -1.9510  27.152050     47.318 330.726369     695150   5008.934     539933  0.000e+00
    -1.9511  27.151700     46.894 330.726372     695151   5008.910     539794  0.000e+00
    -1.9511  27.152048     46.468 330.726374     695152   5008.934     539654  0.000e+00
    -1.9511  27.151407     46.041 330.726377     695152   5008.891     539514  0.000e+00
    -1.9513  27.151464     45.621 330.726380     695156   5008.895     539376  0.000e+00
    -1.9511  27.151695     45.203 330.726383     695152   5008.910     539239  0.000e+00
    -1.9512  27.151694     44.774 330.726386     695154   5008.910     539098  0.000e+00
    -1.9512  27.150938     44.353 330.726389     695154   5008.859     538960  0.000e+00
    -1.9513  27.150588     43.927 330.726392     695156   5008.836     538820  0.000e+00
    -1.9512  27.150354     43.497 330.726395     695155   5008.820     538679  0.000e+00
    -1.9513  27.150585     43.077 330.726398     695156   5008.836     538541  0.000e+00
    -1.9513  27.150061     42.641 330.726400     695156   5008.801     538398  0.000e+00
    -1.9513  27.149537     42.211 330.726403     695156   5008.766     538257  0.000e+00
    -1.9514  27.149303     41.788 330.726406     695158   5008.750     538118  0.000e+00
    -1.9513  27.149535     41.361 330.726409     695156   5008.766     537978  0.000e+00
    -1.9514  27.149534     40.935 330.726412     695159   5008.766     537838  0.000e+00
    -1.9515  27.148951     40.511 330.726415     695161   5008.727     537699  0.000e+00
    -1.9514  27.148776     40.084 330.726418     695158   5008.715     537559  0.000e+00
    -1.9514  27.148658     39.655 330.726421     695159   5008.707     537418  0.000e+00
    -1.9515  27.148250     39.228 330.726424     695160   5008.680     537278  0.000e+00
    -1.9515  27.148249     38.799 330.726427     695162   5008.680     537137  0.000e+00
    -1.9515  27.147841     38.363 330.726429     695160   5008.652     536994  0.000e+00
    -1.9514  27.147433     37.930 330.726432     695159   5008.625     536852  0.000e+00
    -1.9515  27.148130     37.507 330.726435     695160   5008.672     536713  0.000e+00
    -1.9515  27.147722     37.083 330.726438     695160   5008.645     536574  0.000e+00
    -1.9515  27.147023     36.644 330.726441     695161   5008.598     536430  0.000e+00
    -1.9515  27.146382     36.218 330.726444     695162   5008.555     536290  0.000e+00
    -1.9515  27.146439     35.782 330.726447     695162   5008.559     536147  0.000e+00
    -1.9517  27.146380     35.346 330.726450     695166   5008.555     536004  0.000e+00
    -1.9517  27.146088     34.923 330.726453     695166   5008.535     535865  0.000e+00
    -1.9517  27.145332     34.530 330.726455     695166   5008.484     535736  0.000e+00
    -1.9517  27.145563     34.207 330.726458     695166   5008.500     535630  0.000e+00
    -1.9518  27.145621     33.972 330.726461     695167   5008.504     535553  0.000e+00
    -1.9518  27.146609     33.817 330.726464     695167   5008.570     535502  0.000e+00
    -1.9518  27.145620     33.741 330.726467     695167   5008.504     535477  0.000e+00
    -1.9516  27.146085     33.725 330.726470     695163   5008.535     535472  0.000e+00
    -1.9518  27.145562     33.719 330.726473     695168   5008.500     535470  0.000e+00
    -1.9518  27.144748     33.719 330.726476     695168   5008.445     535470  0.000e+00
    -1.9517  27.145330     33.716 330.726479     695165   5008.484     535469  0.000e+00
    -1.9517  27.145853     33.713 330.726481     695166   5008.520     535468  0.000e+00
    -1.9516  27.145853     33.722 330.726484     695164   5008.520     535471  0.000e+00
    -1.9518  27.146434     33.728 330.726487     695167   5008.559     535473  0.000e+00
    -1.9519  27.145562     33.735 330.726490     695169   5008.500     535475  0.000e+00
    -1.9519  27.145853     33.747 330.726493     695169   5008.520     535479  0.000e+00
    -1.9519  27.145853     33.750 330.726496     695170   5008.520     535480  0.000e+00
    -1.9517  27.145330     33.738 330.726499     695166   5008.484     535476  0.000e+00
    -1.9518  27.145853     33.747 330.726502     695167   5008.520     535479  0.000e+00
    -1.9520  27.145330     33.741 330.726505     695171   5008.484     535477  0.000e+00
    -1.9519  27.146143     33.750 330.726508     695170   5008.539     535480  0.000e+00
    -1.9517  27.145562     33.744 330.726510     695166   5008.500     535478  0.000e+00
    -1.9518  27.145330     33.750 330.726513     695168   5008.484     535480  0.000e+00
    -1.9518  27.145853     33.744 330.726516     695168   5008.520     535478  0.000e+00
    -1.9520  27.144807     33.747 330.726519     695171   5008.449     535479  0.000e+00
    -1.9520  27.145853     33.741 330.726522     695171   5008.520     535477  0.000e+00
    -1.9519  27.145039     33.744 330.726525     695169   5008.465     535478  0.000e+00
    -1.9520  27.145330     33.750 330.726528     695172   5008.484     535480  0.000e+00
    -1.9520  27.145853     33.750 330.726531     695171   5008.520     535480  0.000e+00
    -1.9518  27.145330     33.744 330.726534     695168   5008.484     535478  0.000e+00
    -1.9520  27.145853     33.747 330.726536     695171   5008.520     535479  0.000e+00
    -1.9520  27.145330     33.747 330.726539     695171   5008.484     535479  0.000e+00
    -1.9519  27.145620     33.756 330.726542     695169   5008.504     535482  0.000e+00
    -1.9519  27.145562     33.753 330.726545     695170   5008.500     535481  0.000e+00
    -1.9519  27.145853     33.756 330.726548     695169   5008.520     535482  0.000e+00
    -1.9519  27.145853     33.759 330.726551     695169   5008.520     535483  0.000e+00
    -1.9517  27.146143     33.759 330.726554     695166   5008.539     535483  0.000e+00
    -1.9518  27.146085     33.756 330.726557     695167   5008.535     535482  0.000e+00
    -1.9516  27.145330     33.759 330.726560     695164   5008.484     535483  0.000e+00
    -1.9516  27.145853     33.759 330.726563     695164   5008.520     535483  0.000e+00
    -1.9515  27.145853     33.759 330.726565     695162   5008.520     535483  0.000e+00
    -1.9516  27.146143     33.762 330.726568     695164   5008.539     535484  0.000e+00
    -1.9517  27.145562     33.759 330.726571     695166   5008.500     535483  0.000e+00
    -1.9518  27.145620     33.759 330.726574     695167   5008.504     535483  0.000e+00
    -1.9517  27.146376     33.768 330.726577     695166   5008.555     535486  0.000e+00
    -1.9517  27.145853     33.765 330.726580     695165   5008.520     535485  0.000e+00
    -1.9517  27.146085     33.765 330.726583     695166   5008.535     535485  0.000e+00
    -1.9517  27.146085     33.765 330.726586     695166   5008.535     535485  0.000e+00
    -1.9517  27.145853     33.765 330.726589     695166   5008.520     535485  0.000e+00
    -1.9518  27.146085     33.765 330.726591     695167   5008.535     535485  0.000e+00
    -1.9516  27.145620     33.765 330.726594     695163   5008.504     535485  0.000e+00
    -1.9517  27.145562     33.765 330.726597     695166   5008.500     535485  0.000e+00
    -1.9518  27.145853     33.771 330.726600     695168   5008.520     535487  0.000e+00
    -1.9517  27.145562     33.771 330.726603     695165   5008.500     535487  0.000e+00
    -1.9517  27.145853     33.768 330.726606     695166   5008.520     535486  0.000e+00
    -1.9518  27.145330     33.777 330.726609     695168   5008.484     535489  0.000e+00
    -1.9517  27.145853     33.765 330.726612     695165   5008.520     535485  0.000e+00
    -1.9519  27.146144     33.771 330.726615     695170   5008.539     535487  0.000e+00
    -1.9519  27.146085     33.768 330.726617     695169   5008.535     535486  0.000e+00
    -1.9517  27.145620     33.768 330.726620     695166   5008.504     535486  0.000e+00
    -1.9519  27.145853     33.768 330.726623     695170   5008.520     535486  0.000e+00
    -1.9518  27.146144     33.768 330.726626     695168   5008.539     535486  0.000e+00
    -1.9516  27.145330     33.765 330.726629     695164   5008.484     535485  0.000e+00
    -1.9517  27.145039     33.771 330.726632     695166   5008.465     535487  0.000e+00
    -1.9517  27.145853     33.771 330.726635     695165   5008.520     535487  0.000e+00
    -1.9517  27.145853     33.768 330.726638     695165   5008.520     535486  0.000e+00
