tests/resources/orca-test-data/SBE19plus/4794/4794_024_KiM.cnv
* Sea-Bird SBE19plus Data File:
* FileName = C:\Documents and Settings\stevens\Desktop\K131_2007\CTD\4794_024.hex
* Software Version 1.50
* Temperature SN =  4977
* Conductivity SN =  4977
* System UpLoad Time = Nov 26 2007 21:41:02
** K131 McMurdo SeaIce Work
** nov-dec 2007
** using chch plastic ctd
** times are local (NZ daylight savings)
# nquan = 8
# nvalues = 5253                                  
# units = specified
# name 0 = tv290C: Temperature [ITS-90, deg C]
# name 1 = c0mS/cm: Conductivity [mS/cm]
# name 2 = prdM: Pressure, Strain Gauge [db]
# name 3 = timeJ: Julian Days
# name 4 = f0: Frequency 0
# name 5 = f1: Frequency 1
# name 6 = f2: Frequency 2
# name 7 = flag:  0.000e+00
# span 0 =    -4.4537,    -1.9071                 
# span 1 =   0.012118,  27.377882                 
# span 2 =     -0.271,    357.246                 
# span 3 = 330.885521, 330.900718                 
# span 4 =     694176,     752173                 
# span 5 =   2603.594,   5024.031                 
# span 6 =     524315,     641680                 
# span 7 = 0.0000e+00, 0.0000e+00                 
# interval = seconds: 0.25
# start_time = Nov 26 2007 21:15:09 [Instrument's time stamp, header]
# bad_flag = -9.990e-29
*END*
[from data line 1079]
    -2.2533  16.087391    279.255 330.888643     701884   4199.156     616072  0.000e+00
    -2.2535  16.091719    279.087 330.888646     701888   4199.504     616017  0.000e+00
    -2.2533  16.097507    278.920 330.888649     701883   4199.969     615962  0.000e+00
    -2.2533  16.101934    278.755 330.888652     701883   4200.324     615908  0.000e+00
    -2.2533  16.106263    278.630 330.888655     701884   4200.672     615867  0.000e+00
    -2.2533  16.110302    278.527 330.888657     701885   4200.996     615833  0.000e+00
    -2.2533  16.114243    278.375 330.888660     701884   4201.313     615783  0.000e+00
    -2.2533  16.118281    278.183 330.888663     701883   4201.637     615720  0.000e+00
    -2.2533  16.122223    277.994 330.888666     701883   4201.953     615658  0.000e+00
    -2.2533  16.126652    277.820 330.888669     701885   4202.309     615601  0.000e+00
    -2.2533  16.130448    277.659 330.888672     701884   4202.613     615548  0.000e+00
    -2.2533  16.134439    277.498 330.888675     701885   4202.934     615495  0.000e+00
    -2.2533  16.139210    277.330 330.888678     701884   4203.316     615440  0.000e+00
    -2.2533  16.143835    277.156 330.888681     701884   4203.688     615383  0.000e+00
    -2.2533  16.147827    276.986 330.888683     701883   4204.008     615327  0.000e+00
    -2.2533  16.151528    276.812 330.888686     701883   4204.305     615270  0.000e+00
    -2.2532  16.156835    276.639 330.888689     701882   4204.730     615213  0.000e+00
    -2.2534  16.166284    276.468 330.888692     701886   4205.488     615157  0.000e+00
    -2.2533  16.176903    276.288 330.888695     701884   4206.340     615098  0.000e+00
    -2.2533  16.178657    276.112 330.888698     701884   4206.480     615040  0.000e+00
    -2.2533  16.168670    275.926 330.888701     701883   4205.680     614979  0.000e+00
    -2.2533  16.171690    275.755 330.888704     701883   4205.922     614923  0.000e+00
    -2.2532  16.191910    275.594 330.888707     701882   4207.543     614870  0.000e+00
    -2.2532  16.206385    275.427 330.888709     701881   4208.703     614815  0.000e+00
    -2.2532  16.206726    275.265 330.888712     701882   4208.730     614762  0.000e+00
    -2.2533  16.203168    275.104 330.888715     701883   4208.445     614709  0.000e+00
    -2.2533  16.207116    274.936 330.888718     701883   4208.762     614654  0.000e+00
    -2.2532  16.218036    274.772 330.888721     701881   4209.637     614600  0.000e+00
    -2.2534  16.226276    274.616 330.888724     701886   4210.297     614549  0.000e+00
    -2.2532  16.228861    274.449 330.888727     701881   4210.504     614494  0.000e+00
    -2.2532  16.229056    274.281 330.888730     701881   4210.520     614439  0.000e+00
    -2.2533  16.233152    274.175 330.888733     701884   4210.848     614404  0.000e+00
    -2.2533  16.239105    276.039 330.888736     701883   4211.324     615016  0.000e+00
    -2.2532  16.244621    278.293 330.888738     701881   4211.766     615756  0.000e+00
    -2.2532  16.247159    279.203 330.888741     701882   4211.969     616055  0.000e+00
    -2.2534  16.249696    279.444 330.888744     701886   4212.172     616134  0.000e+00
    -2.2532  16.253209    279.404 330.888747     701881   4212.453     616121  0.000e+00
    -2.2533  16.258137    279.212 330.888750     701883   4212.848     616058  0.000e+00
    -2.2531  16.262480    278.993 330.888753     701880   4213.195     615986  0.000e+00
    -2.2531  16.265310    278.777 330.888756     701880   4213.422     615915  0.000e+00
    -2.2531  16.267554    278.573 330.888759     701880   4213.602     615848  0.000e+00
    -2.2533  16.271361    278.372 330.888762     701884   4213.906     615782  0.000e+00
    -2.2531  16.275997    278.165 330.888764     701880   4214.277     615714  0.000e+00
    -2.2532  16.280830    277.973 330.888767     701881   4214.664     615651  0.000e+00
    -2.2531  16.284100    277.775 330.888770     701880   4214.926     615586  0.000e+00
    -2.2531  16.287078    277.583 330.888773     701879   4215.164     615523  0.000e+00
    -2.2531  16.290886    277.385 330.888776     701880   4215.469     615458  0.000e+00
    -2.2531  16.294743    277.205 330.888779     701880   4215.777     615399  0.000e+00
    -2.2530  16.298014    277.004 330.888782     701877   4216.039     615333  0.000e+00
    -2.2531  16.301188    276.822 330.888785     701880   4216.293     615273  0.000e+00
    -2.2532  16.306707    276.639 330.888788     701881   4216.734     615213  0.000e+00
    -2.2531  16.311688    276.450 330.888791     701879   4217.133     615151  0.000e+00
    -2.2530  16.314912    276.270 330.888793     701877   4217.391     615092  0.000e+00
    -2.2532  16.317989    276.081 330.888796     701881   4217.637     615030  0.000e+00
    -2.2530  16.320773    275.902 330.888799     701878   4217.859     614971  0.000e+00
    -2.2532  16.323656    275.719 330.888802     701881   4218.090     614911  0.000e+00
    -2.2529  16.326831    275.527 330.888805     701875   4218.344     614848  0.000e+00
    -2.2530  16.329909    275.338 330.888808     701878   4218.590     614786  0.000e+00
    -2.2530  16.332889    275.159 330.888811     701878   4218.828     614727  0.000e+00
    -2.2530  16.336310    274.964 330.888814     701877   4219.102     614663  0.000e+00
    -2.2529  16.339388    274.784 330.888817     701876   4219.348     614604  0.000e+00
    -2.2529  16.342516    274.598 330.888819     701876   4219.598     614543  0.000e+00
    -2.2531  16.345253    274.422 330.888822     701879   4219.816     614485  0.000e+00
    -2.2530  16.348380    274.245 330.888825     701878   4220.066     614427  0.000e+00
    -2.2529  16.349504    274.071 330.888828     701875   4220.156     614370  0.000e+00
    -2.2530  16.353855    273.886 330.888831     701878   4220.504     614309  0.000e+00
    -2.2529  16.358010    273.718 330.888834     701875   4220.836     614254  0.000e+00
    -2.2529  16.362556    273.548 330.888837     701875   4221.199     614198  0.000e+00
    -2.2529  16.364463    273.362 330.888840     701876   4221.352     614137  0.000e+00
    -2.2529  16.366907    273.185 330.888843     701875   4221.547     614079  0.000e+00
    -2.2529  16.370966    273.005 330.888845     701876   4221.871     614020  0.000e+00
    -2.2528  16.375220    272.847 330.888848     701874   4222.211     613968  0.000e+00
    -2.2529  16.378056    272.707 330.888851     701875   4222.438     613922  0.000e+00
    -2.2529  16.380159    272.515 330.888854     701876   4222.605     613859  0.000e+00
    -2.2529  16.383142    272.332 330.888857     701875   4222.844     613799  0.000e+00
    -2.2529  16.387349    272.147 330.888860     701875   4223.180     613738  0.000e+00
    -2.2530  16.390821    271.964 330.888863     701877   4223.457     613678  0.000e+00
    -2.2529  16.392435    271.778 330.888866     701876   4223.586     613617  0.000e+00
    -2.2528  16.394490    271.595 330.888869     701873   4223.750     613557  0.000e+00
    -2.2529  16.399676    271.406 330.888872     701876   4224.164     613495  0.000e+00
    -2.2529  16.404421    271.221 330.888874     701875   4224.543     613434  0.000e+00
    -2.2529  16.406085    271.032 330.888877     701875   4224.676     613372  0.000e+00
    -2.2528  16.407063    270.846 330.888880     701873   4224.754     613311  0.000e+00
    -2.2528  16.410097    270.663 330.888883     701873   4224.996     613251  0.000e+00
    -2.2529  16.413180    270.487 330.888886     701876   4225.242     613193  0.000e+00
    -2.2528  16.416312    270.307 330.888889     701873   4225.492     613134  0.000e+00
    -2.2528  16.420080    270.127 330.888892     701873   4225.793     613075  0.000e+00
    -2.2528  16.422772    269.941 330.888895     701874   4226.008     613014  0.000e+00
    -2.2527  16.423751    269.765 330.888898     701871   4226.086     612956  0.000e+00
    -2.2528  16.425268    269.594 330.888900     701872   4226.207     612900  0.000e+00
    -2.2528  16.428401    269.412 330.888903     701873   4226.457     612840  0.000e+00
    -2.2529  16.444998    269.235 330.888906     701876   4227.781     612782  0.000e+00
    -2.2528  16.522574    269.168 330.888909     701874   4233.965     612760  0.000e+00
    -2.2528  16.585925    269.238 330.888912     701872   4239.008     612783  0.000e+00
    -2.2527  16.564767    269.186 330.888915     701870   4237.324     612766  0.000e+00
    -2.2526  16.542685    269.016 330.888918     701868   4235.566     612710  0.000e+00
    -2.2526  16.536699    268.772 330.888921     701868   4235.090     612630  0.000e+00
    -2.2525  16.529341    268.507 330.888924     701866   4234.504     612543  0.000e+00
    -2.2524  16.525319    268.227 330.888927     701863   4234.184     612451  0.000e+00
    -2.2521  16.520954    267.953 330.888929     701857   4233.836     612361  0.000e+00
    -2.2520  16.514628    267.676 330.888932     701855   4233.332     612270  0.000e+00
    -2.2518  16.510116    267.395 330.888935     701851   4232.973     612178  0.000e+00
    -2.2517  16.507223    267.130 330.888938     701848   4232.742     612091  0.000e+00
    -2.2515  16.511782    266.878 330.888941     701843   4233.105     612008  0.000e+00
    -2.2511  16.506830    266.606 330.888944     701836   4232.711     611919  0.000e+00
    -2.2510  16.500947    266.345 330.888947     701833   4232.242     611833  0.000e+00
    -2.2510  16.497515    266.067 330.888950     701832   4231.969     611742  0.000e+00
    -2.2507  16.492760    265.805 330.888953     701827   4231.590     611656  0.000e+00
    -2.2507  16.487564    265.534 330.888955     701825   4231.176     611567  0.000e+00
    -2.2503  16.485211    265.279 330.888958     701818   4230.988     611483  0.000e+00
    -2.2502  16.479232    265.017 330.888961     701815   4230.512     611397  0.000e+00
    -2.2501  16.476439    264.761 330.888964     701812   4230.289     611313  0.000e+00
    -2.2496  16.472911    264.505 330.888967     701802   4230.008     611229  0.000e+00
    -2.2496  16.470853    264.249 330.888970     701801   4229.844     611145  0.000e+00
    -2.2493  16.470754    263.993 330.888973     701794   4229.836     611061  0.000e+00
    -2.2491  16.474820    263.747 330.888976     701790   4230.160     610980  0.000e+00
    -2.2489  16.474820    263.491 330.888979     701785   4230.160     610896  0.000e+00
    -2.2488  16.471194    263.235 330.888981     701783   4229.871     610812  0.000e+00
    -2.2486  16.469724    262.976 330.888984     701780   4229.754     610727  0.000e+00
    -2.2484  16.467813    262.717 330.888987     701774   4229.602     610642  0.000e+00
    -2.2481  16.467861    262.455 330.888990     701767   4229.605     610556  0.000e+00
    -2.2479  16.472711    262.187 330.888993     701764   4229.992     610468  0.000e+00
    -2.2476  16.474425    261.913 330.888996     701757   4230.129     610378  0.000e+00
    -2.2475  16.471975    261.642 330.888999     701755   4229.934     610289  0.000e+00
    -2.2473  16.467663    261.365 330.889002     701751   4229.590     610198  0.000e+00
    -2.2470  16.468741    261.094 330.889005     701744   4229.676     610109  0.000e+00
    -2.2468  16.464625    260.817 330.889008     701739   4229.348     610018  0.000e+00
    -2.2466  16.464723    260.564 330.889010     701735   4229.355     609935  0.000e+00
    -2.2464  16.464232    260.299 330.889013     701731   4229.316     609848  0.000e+00
    -2.2462  16.465114    260.031 330.889016     701725   4229.387     609760  0.000e+00
    -2.2460  16.465848    259.766 330.889019     701720   4229.445     609673  0.000e+00
    -2.2457  16.459627    259.498 330.889022     701715   4228.949     609585  0.000e+00
    -2.2456  16.455463    259.245 330.889025     701711   4228.617     609502  0.000e+00
    -2.2452  16.454679    259.062 330.889028     701703   4228.555     609442  0.000e+00
    -2.2450  16.452181    258.867 330.889031     701699   4228.355     609378  0.000e+00
    -2.2450  16.448605    258.627 330.889034     701698   4228.070     609299  0.000e+00
    -2.2446  16.446891    258.359 330.889036     701689   4227.934     609211  0.000e+00
    -2.2444  16.445715    258.182 330.889039     701685   4227.840     609153  0.000e+00
    -2.2441  16.441944    257.981 330.889042     701679   4227.539     609087  0.000e+00
    -2.2439  16.439593    257.698 330.889045     701674   4227.352     608994  0.000e+00
    -2.2437  16.437585    257.414 330.889048     701669   4227.191     608901  0.000e+00
    -2.2435  16.438173    257.204 330.889051     701666   4227.238     608832  0.000e+00
    -2.2432  16.435284    256.982 330.889054     701659   4227.008     608759  0.000e+00
    -2.2429  16.433472    256.735 330.889057     701652   4226.863     608678  0.000e+00
    -2.2428  16.431121    256.473 330.889060     701649   4226.676     608592  0.000e+00
    -2.2426  16.433079    256.193 330.889063     701644   4226.832     608500  0.000e+00
    -2.2423  16.430337    255.892 330.889065     701638   4226.613     608401  0.000e+00
    -2.2421  16.426371    255.602 330.889068     701633   4226.297     608306  0.000e+00
    -2.2418  16.424266    255.307 330.889071     701628   4226.129     608209  0.000e+00
    -2.2416  16.423482    255.017 330.889074     701623   4226.066     608114  0.000e+00
    -2.2414  16.422552    254.728 330.889077     701619   4225.992     608019  0.000e+00
    -2.2410  16.419027    254.436 330.889080     701609   4225.711     607923  0.000e+00
    -2.2409  16.419320    254.146 330.889083     701606   4225.734     607828  0.000e+00
    -2.2405  16.421473    253.863 330.889086     701599   4225.906     607735  0.000e+00
    -2.2403  16.417998    253.571 330.889089     701594   4225.629     607639  0.000e+00
    -2.2401  16.420249    253.281 330.889091     701590   4225.809     607544  0.000e+00
    -2.2400  16.418976    252.998 330.889094     701587   4225.707     607451  0.000e+00
    -2.2396  16.416381    252.709 330.889097     701579   4225.500     607356  0.000e+00
    -2.2394  16.413444    252.422 330.889100     701573   4225.266     607262  0.000e+00
    -2.2392  16.410067    252.133 330.889103     701569   4224.996     607167  0.000e+00
    -2.2390  16.408550    251.844 330.889106     701565   4224.875     607072  0.000e+00
    -2.2387  16.406005    251.560 330.889109     701558   4224.672     606979  0.000e+00
    -2.2383  16.403802    251.271 330.889112     701550   4224.496     606884  0.000e+00
    -2.2381  16.389565    250.988 330.889115     701544   4223.359     606791  0.000e+00
    -2.2379  16.378217    250.698 330.889117     701539   4222.453     606696  0.000e+00
    -2.2376  16.376015    250.415 330.889120     701533   4222.277     606603  0.000e+00
    -2.2375  16.372738    250.132 330.889123     701530   4222.016     606510  0.000e+00
    -2.2373  16.370537    249.846 330.889126     701527   4221.840     606416  0.000e+00
    -2.2369  16.367065    249.565 330.889129     701518   4221.563     606324  0.000e+00
    -2.2366  16.355722    249.294 330.889132     701512   4220.656     606235  0.000e+00
    -2.2365  16.349122    249.011 330.889135     701509   4220.129     606142  0.000e+00
    -2.2363  16.339542    248.725 330.889138     701505   4219.363     606048  0.000e+00
    -2.2361  16.330990    248.448 330.889141     701499   4218.680     605957  0.000e+00
    -2.2357  16.320534    248.164 330.889144     701491   4217.844     605864  0.000e+00
    -2.2355  16.311154    247.887 330.889146     701486   4217.094     605773  0.000e+00
    -2.2352  16.303974    247.610 330.889149     701480   4216.520     605682  0.000e+00
    -2.2349  16.297332    247.330 330.889152     701474   4215.988     605590  0.000e+00
    -2.2347  16.291961    247.053 330.889155     701469   4215.559     605499  0.000e+00
    -2.2345  16.287810    246.776 330.889158     701464   4215.227     605408  0.000e+00
