tests/resources/orca-test-data/SBE19plus/4794/4794_034_KiM.cnv
* Sea-Bird SBE19plus Data File:
* FileName = C:\Documents and Settings\stevens\Desktop\K131_2007\CTD\4794_034.hex
* Software Version 1.50
* Temperature SN =  4977
* Conductivity SN =  4977
* System UpLoad Time = Nov 27 2007 06:48:40
** K131 McMurdo SeaIce Work
** nov-dec 2007
** using chch plastic ctd
** times are local (NZ daylight savings)
# nquan = 8
# nvalues = 8051                                  
# units = specified
# name 0 = tv290C: Temperature [ITS-90, deg C]
# name 1 = c0mS/cm: Conductivity [mS/cm]
# name 2 = prdM: Pressure, Strain Gauge [db]
# name 3 = timeJ: Julian Days
# name 4 = f0: Frequency 0
# name 5 = f1: Frequency 1
# name 6 = f2: Frequency 2
# name 7 = flag:  0.000e+00
# span 0 =    -2.7533,    -1.9108                 
# span 1 =  -0.141852,  27.366048                 
# span 2 =     -0.280,    358.239                 
# span 3 = 331.258160, 331.281453                 
# span 4 =     694257,     713117                 
# span 5 =   2583.539,   5023.238                 
# span 6 =     524312,     642006                 
# span 7 = 0.0000e+00, 0.0000e+00                 
# interval = seconds: 0.25
# start_time = Nov 27 2007 06:11:45 [Instrument's time stamp, header]
# bad_flag = -9.990e-29
*END*
[from data line 7731]
    -1.9465  27.144499     27.360 331.280530     695051   5008.430     533383  0.000e+00
    -1.9468  27.144440     26.940 331.280532     695056   5008.426     533245  0.000e+00
    -1.9470  27.143160     26.516 331.280535     695061   5008.340     533106  0.000e+00
    -1.9470  27.143449     26.090 331.280538     695061   5008.359     532966  0.000e+00
    -1.9470  27.144146     25.663 331.280541     695061   5008.406     532826  0.000e+00
    -1.9469  27.143447     25.246 331.280544     695058   5008.359     532689  0.000e+00
    -1.9469  27.143330     24.834 331.280547     695059   5008.352     532554  0.000e+00
    -1.9468  27.142922     24.411 331.280550     695057   5008.324     532415  0.000e+00
    -1.9469  27.142746     23.990 331.280553     695059   5008.313     532277  0.000e+00
    -1.9467  27.142920     23.576 331.280556     695055   5008.324     532141  0.000e+00
    -1.9469  27.142744     23.152 331.280558     695058   5008.313     532002  0.000e+00
    -1.9469  27.142394     22.735 331.280561     695059   5008.289     531865  0.000e+00
    -1.9470  27.142103     22.317 331.280564     695061   5008.270     531728  0.000e+00
    -1.9469  27.141113     21.906 331.280567     695059   5008.203     531593  0.000e+00
    -1.9471  27.140822     21.486 331.280570     695064   5008.184     531455  0.000e+00
    -1.9471  27.141344     21.059 331.280573     695063   5008.219     531315  0.000e+00
    -1.9472  27.140529     20.638 331.280576     695065   5008.164     531177  0.000e+00
    -1.9473  27.141109     20.215 331.280579     695067   5008.203     531038  0.000e+00
    -1.9473  27.140527     19.798 331.280582     695067   5008.164     530901  0.000e+00
    -1.9474  27.140293     19.377 331.280584     695070   5008.148     530763  0.000e+00
    -1.9472  27.140234     18.963 331.280587     695066   5008.145     530627  0.000e+00
    -1.9472  27.140001     18.640 331.280590     695065   5008.129     530521  0.000e+00
    -1.9470  27.140233     18.411 331.280593     695062   5008.145     530446  0.000e+00
    -1.9471  27.140000     18.259 331.280596     695064   5008.129     530396  0.000e+00
    -1.9472  27.140232     18.213 331.280599     695065   5008.145     530381  0.000e+00
    -1.9474  27.139709     18.210 331.280602     695071   5008.109     530380  0.000e+00
    -1.9474  27.139709     18.228 331.280605     695071   5008.109     530386  0.000e+00
    -1.9476  27.139477     18.250 331.280608     695074   5008.094     530393  0.000e+00
    -1.9476  27.140523     18.256 331.280611     695074   5008.164     530395  0.000e+00
    -1.9477  27.139709     18.268 331.280613     695077   5008.109     530399  0.000e+00
    -1.9477  27.138954     18.286 331.280616     695076   5008.059     530405  0.000e+00
    -1.9477  27.139419     18.301 331.280619     695076   5008.090     530410  0.000e+00
    -1.9478  27.138954     18.298 331.280622     695078   5008.059     530409  0.000e+00
    -1.9478  27.139128     18.301 331.280625     695078   5008.070     530410  0.000e+00
    -1.9478  27.139186     18.301 331.280628     695079   5008.074     530410  0.000e+00
    -1.9478  27.139186     18.307 331.280631     695079   5008.074     530412  0.000e+00
    -1.9477  27.140232     18.305 331.280634     695077   5008.145     530411  0.000e+00
    -1.9475  27.140290     18.304 331.280637     695073   5008.148     530411  0.000e+00
    -1.9472  27.141104     18.308 331.280639     695065   5008.203     530412  0.000e+00
    -1.9473  27.139709     18.307 331.280642     695067   5008.109     530412  0.000e+00
    -1.9471  27.140523     18.311 331.280645     695063   5008.164     530413  0.000e+00
    -1.9470  27.140000     18.308 331.280648     695061   5008.129     530412  0.000e+00
    -1.9469  27.139942     18.317 331.280651     695058   5008.125     530415  0.000e+00
    -1.9470  27.140814     18.317 331.280654     695061   5008.184     530415  0.000e+00
    -1.9470  27.140814     18.314 331.280657     695061   5008.184     530414  0.000e+00
    -1.9469  27.140814     18.314 331.280660     695059   5008.184     530414  0.000e+00
    -1.9469  27.140523     18.320 331.280663     695059   5008.164     530416  0.000e+00
    -1.9470  27.141104     18.320 331.280666     695060   5008.203     530416  0.000e+00
    -1.9470  27.140814     18.320 331.280668     695062   5008.184     530416  0.000e+00
    -1.9470  27.141104     18.320 331.280671     695060   5008.203     530416  0.000e+00
    -1.9470  27.140814     18.317 331.280674     695060   5008.184     530415  0.000e+00
    -1.9470  27.141046     18.323 331.280677     695061   5008.199     530417  0.000e+00
    -1.9470  27.140523     18.320 331.280680     695060   5008.164     530416  0.000e+00
    -1.9469  27.140000     18.326 331.280683     695059   5008.129     530418  0.000e+00
    -1.9469  27.141104     18.326 331.280686     695058   5008.203     530418  0.000e+00
    -1.9469  27.140290     18.323 331.280689     695059   5008.148     530417  0.000e+00
    -1.9468  27.140523     18.329 331.280692     695057   5008.164     530419  0.000e+00
    -1.9469  27.140290     18.335 331.280694     695059   5008.148     530421  0.000e+00
    -1.9469  27.140523     18.335 331.280697     695058   5008.164     530421  0.000e+00
    -1.9467  27.140813     18.274 331.280700     695055   5008.184     530401  0.000e+00
    -1.9469  27.140522     18.024 331.280703     695059   5008.164     530319  0.000e+00
    -1.9468  27.140231     17.662 331.280706     695057   5008.145     530200  0.000e+00
    -1.9469  27.140520     17.354 331.280709     695059   5008.164     530099  0.000e+00
    -1.9468  27.140520     17.134 331.280712     695057   5008.164     530027  0.000e+00
    -1.9466  27.140287     17.009 331.280715     695052   5008.148     529986  0.000e+00
    -1.9466  27.140519     16.903 331.280718     695053   5008.164     529951  0.000e+00
    -1.9465  27.139472     16.677 331.280720     695050   5008.094     529877  0.000e+00
    -1.9466  27.140285     16.412 331.280723     695053   5008.148     529790  0.000e+00
    -1.9467  27.139936     16.245 331.280726     695054   5008.125     529735  0.000e+00
    -1.9465  27.139994     16.153 331.280729     695051   5008.129     529705  0.000e+00
    -1.9465  27.139704     16.135 331.280732     695051   5008.109     529699  0.000e+00
    -1.9466  27.139471     16.135 331.280735     695052   5008.094     529699  0.000e+00
    -1.9465  27.139704     16.135 331.280738     695051   5008.109     529699  0.000e+00
    -1.9467  27.140285     16.141 331.280741     695054   5008.148     529701  0.000e+00
    -1.9467  27.139471     16.141 331.280744     695054   5008.094     529701  0.000e+00
    -1.9467  27.139704     16.141 331.280747     695054   5008.109     529701  0.000e+00
    -1.9466  27.140285     16.141 331.280749     695053   5008.148     529701  0.000e+00
    -1.9468  27.139704     16.144 331.280752     695057   5008.109     529702  0.000e+00
    -1.9469  27.139471     16.138 331.280755     695058   5008.094     529700  0.000e+00
    -1.9466  27.139936     16.135 331.280758     695053   5008.125     529699  0.000e+00
    -1.9465  27.140285     16.135 331.280761     695050   5008.148     529699  0.000e+00
    -1.9466  27.139122     16.135 331.280764     695053   5008.070     529699  0.000e+00
    -1.9466  27.139704     16.138 331.280767     695052   5008.109     529700  0.000e+00
    -1.9465  27.139704     16.141 331.280770     695051   5008.109     529701  0.000e+00
    -1.9467  27.139704     16.135 331.280773     695054   5008.109     529699  0.000e+00
    -1.9467  27.140808     16.135 331.280775     695054   5008.184     529699  0.000e+00
    -1.9466  27.139936     16.135 331.280778     695052   5008.125     529699  0.000e+00
    -1.9465  27.140285     16.129 331.280781     695051   5008.148     529697  0.000e+00
    -1.9465  27.139413     16.123 331.280784     695050   5008.090     529695  0.000e+00
    -1.9465  27.139994     16.120 331.280787     695050   5008.129     529694  0.000e+00
    -1.9465  27.140808     16.120 331.280790     695049   5008.184     529694  0.000e+00
    -1.9464  27.140517     16.117 331.280793     695048   5008.164     529693  0.000e+00
    -1.9464  27.139994     16.104 331.280796     695047   5008.129     529689  0.000e+00
    -1.9464  27.140517     16.083 331.280799     695048   5008.164     529682  0.000e+00
    -1.9465  27.139703     16.086 331.280802     695050   5008.109     529683  0.000e+00
    -1.9465  27.140226     16.092 331.280804     695051   5008.145     529685  0.000e+00
    -1.9465  27.139471     16.086 331.280807     695051   5008.094     529683  0.000e+00
    -1.9465  27.139122     16.098 331.280810     695051   5008.070     529687  0.000e+00
    -1.9464  27.140285     16.089 331.280813     695047   5008.148     529684  0.000e+00
    -1.9465  27.139703     16.089 331.280816     695049   5008.109     529684  0.000e+00
    -1.9465  27.140517     16.095 331.280819     695049   5008.164     529686  0.000e+00
    -1.9464  27.140285     16.095 331.280822     695048   5008.148     529686  0.000e+00
    -1.9465  27.139703     16.095 331.280825     695051   5008.109     529686  0.000e+00
    -1.9465  27.139703     16.092 331.280828     695050   5008.109     529685  0.000e+00
    -1.9464  27.139936     16.089 331.280830     695048   5008.125     529684  0.000e+00
    -1.9465  27.139994     16.095 331.280833     695049   5008.129     529686  0.000e+00
    -1.9465  27.140808     16.092 331.280836     695050   5008.184     529685  0.000e+00
    -1.9465  27.139936     16.092 331.280839     695050   5008.125     529685  0.000e+00
    -1.9465  27.140285     16.092 331.280842     695050   5008.148     529685  0.000e+00
    -1.9465  27.139936     16.089 331.280845     695049   5008.125     529684  0.000e+00
    -1.9465  27.139994     16.092 331.280848     695050   5008.129     529685  0.000e+00
    -1.9465  27.139703     16.092 331.280851     695050   5008.109     529685  0.000e+00
    -1.9466  27.140285     16.095 331.280854     695052   5008.148     529686  0.000e+00
    -1.9465  27.139936     16.095 331.280856     695049   5008.125     529686  0.000e+00
    -1.9466  27.140285     16.089 331.280859     695052   5008.148     529684  0.000e+00
    -1.9465  27.139703     16.095 331.280862     695051   5008.109     529686  0.000e+00
    -1.9464  27.139936     16.089 331.280865     695048   5008.125     529684  0.000e+00
    -1.9465  27.139703     16.092 331.280868     695050   5008.109     529685  0.000e+00
    -1.9465  27.140808     16.095 331.280871     695050   5008.184     529686  0.000e+00
    -1.9465  27.140285     16.092 331.280874     695051   5008.148     529685  0.000e+00
    -1.9465  27.139936     16.089 331.280877     695050   5008.125     529684  0.000e+00
    -1.9465  27.140808     16.092 331.280880     695049   5008.184     529685  0.000e+00
    -1.9465  27.139703     16.095 331.280883     695051   5008.109     529686  0.000e+00
    -1.9465  27.140226     16.095 331.280885     695049   5008.145     529686  0.000e+00
    -1.9465  27.140285     16.098 331.280888     695051   5008.148     529687  0.000e+00
    -1.9465  27.139703     16.098 331.280891     695050   5008.109     529687  0.000e+00
    -1.9465  27.139703     16.102 331.280894     695049   5008.109     529688  0.000e+00
    -1.9465  27.139703     16.095 331.280897     695050   5008.109     529686  0.000e+00
    -1.9465  27.139994     16.083 331.280900     695051   5008.129     529682  0.000e+00
    -1.9465  27.140226     16.080 331.280903     695051   5008.145     529681  0.000e+00
    -1.9465  27.139994     16.080 331.280906     695051   5008.129     529681  0.000e+00
    -1.9465  27.140517     16.086 331.280909     695050   5008.164     529683  0.000e+00
    -1.9466  27.140226     16.080 331.280911     695052   5008.145     529681  0.000e+00
    -1.9465  27.139471     16.077 331.280914     695049   5008.094     529680  0.000e+00
    -1.9465  27.140226     16.077 331.280917     695049   5008.145     529680  0.000e+00
    -1.9465  27.140285     16.071 331.280920     695049   5008.148     529678  0.000e+00
    -1.9464  27.140226     16.059 331.280923     695047   5008.145     529674  0.000e+00
    -1.9464  27.140517     16.040 331.280926     695048   5008.164     529668  0.000e+00
    -1.9464  27.140284     16.044 331.280929     695047   5008.148     529669  0.000e+00
    -1.9464  27.140226     16.062 331.280932     695048   5008.145     529675  0.000e+00
    -1.9465  27.139994     16.062 331.280935     695051   5008.129     529675  0.000e+00
    -1.9465  27.140226     16.065 331.280937     695051   5008.145     529676  0.000e+00
    -1.9465  27.140285     16.053 331.280940     695050   5008.148     529672  0.000e+00
    -1.9466  27.139936     16.028 331.280943     695053   5008.125     529664  0.000e+00
    -1.9465  27.139994     16.016 331.280946     695051   5008.129     529660  0.000e+00
    -1.9465  27.140226     16.010 331.280949     695050   5008.145     529658  0.000e+00
    -1.9465  27.139994     16.007 331.280952     695050   5008.129     529657  0.000e+00
    -1.9465  27.139994     15.989 331.280955     695049   5008.129     529651  0.000e+00
    -1.9465  27.140226     15.928 331.280958     695051   5008.145     529631  0.000e+00
    -1.9465  27.140516     15.842 331.280961     695050   5008.164     529603  0.000e+00
    -1.9465  27.140226     15.772 331.280964     695050   5008.145     529580  0.000e+00
    -1.9464  27.139993     15.721 331.280966     695047   5008.129     529563  0.000e+00
    -1.9464  27.140225     15.675 331.280969     695047   5008.145     529548  0.000e+00
    -1.9465  27.139702     15.617 331.280972     695049   5008.109     529529  0.000e+00
    -1.9464  27.140283     15.538 331.280975     695047   5008.148     529503  0.000e+00
    -1.9464  27.140225     15.431 331.280978     695047   5008.145     529468  0.000e+00
    -1.9465  27.139992     15.334 331.280981     695049   5008.129     529436  0.000e+00
    -1.9463  27.139934     15.251 331.280984     695046   5008.125     529409  0.000e+00
    -1.9464  27.140282     15.190 331.280987     695048   5008.148     529389  0.000e+00
    -1.9465  27.139701     15.163 331.280990     695051   5008.109     529380  0.000e+00
    -1.9464  27.139701     15.166 331.280992     695047   5008.109     529381  0.000e+00
    -1.9463  27.139933     15.163 331.280995     695046   5008.125     529380  0.000e+00
    -1.9463  27.140282     15.160 331.280998     695046   5008.148     529379  0.000e+00
    -1.9462  27.140282     15.166 331.281001     695044   5008.148     529381  0.000e+00
    -1.9462  27.139701     15.157 331.281004     695043   5008.109     529378  0.000e+00
    -1.9462  27.140514     15.099 331.281007     695043   5008.164     529359  0.000e+00
    -1.9462  27.139701     14.998 331.281010     695043   5008.109     529326  0.000e+00
    -1.9463  27.140282     14.907 331.281013     695045   5008.148     529296  0.000e+00
    -1.9462  27.139932     14.797 331.281016     695044   5008.125     529260  0.000e+00
    -1.9463  27.138944     14.679 331.281019     695046   5008.059     529221  0.000e+00
    -1.9463  27.139176     14.550 331.281021     695045   5008.074     529179  0.000e+00
    -1.9463  27.139699     14.413 331.281024     695045   5008.109     529134  0.000e+00
    -1.9464  27.139699     14.276 331.281027     695048   5008.109     529089  0.000e+00
    -1.9463  27.139698     14.124 331.281030     695046   5008.109     529039  0.000e+00
    -1.9463  27.138652     13.971 331.281033     695045   5008.039     528989  0.000e+00
    -1.9466  27.138826     13.837 331.281036     695052   5008.051     528945  0.000e+00
    -1.9464  27.138942     13.685 331.281039     695048   5008.059     528895  0.000e+00
    -1.9465  27.138534     13.539 331.281042     695051   5008.031     528847  0.000e+00
    -1.9466  27.138418     13.414 331.281045     695053   5008.023     528806  0.000e+00
