tests/resources/orca-test-data/SBE19plus/4794/4794_029_KiM.cnv
* Sea-Bird SBE19plus Data File:
* FileName = C:\Documents and Settings\stevens\Desktop\K131_2007\CTD\4794_029.hex
* Software Version 1.50
* Temperature SN =  4977
* Conductivity SN =  4977
* System UpLoad Time = Nov 27 2007 01:44:39
** K131 McMurdo SeaIce Work
** nov-dec 2007
** using chch plastic ctd
** times are local (NZ daylight savings)
# nquan = 8
# nvalues = 343                                   
# units = specified
# name 0 = tv290C: Temperature [ITS-90, deg C]
# name 1 = c0mS/cm: Conductivity [mS/cm]
# name 2 = prdM: Pressure, Strain Gauge [db]
# name 3 = timeJ: Julian Days
# name 4 = f0: Frequency 0
# name 5 = f1: Frequency 1
# name 6 = f2: Frequency 2
# name 7 = flag:  0.000e+00
# span 0 =    -2.1817,    -2.0777                 
# span 1 =  -0.000222,   0.642912                 
# span 2 =     -0.261,     -0.233                 
# span 3 = 331.069236, 331.070226                 
# span 4 =     697967,     700286                 
# span 5 =   2601.992,   2684.191                 
# span 6 =     524319,     524328                 
# span 7 = 0.0000e+00, 0.0000e+00                 
# interval = seconds: 0.25
# start_time = Nov 27 2007 01:39:42 [Instrument's time stamp, header]
# bad_flag = -9.990e-29
*END*
[from data line 180]
    -2.1360  -0.000132     -0.245 331.069757     699267   2602.004     524324  0.000e+00
    -2.1360  -0.000162     -0.248 331.069760     699266   2602.000     524323  0.000e+00
    -2.1361  -0.000072     -0.245 331.069763     699269   2602.012     524324  0.000e+00
    -2.1362  -0.000162     -0.251 331.069766     699270   2602.000     524322  0.000e+00
    -2.1377  -0.000072     -0.251 331.069769     699304   2602.012     524322  0.000e+00
    -2.1386  -0.000072     -0.251 331.069771     699323   2602.012     524322  0.000e+00
    -2.1374  -0.000132     -0.248 331.069774     699298   2602.004     524323  0.000e+00
    -2.1379  -0.000162     -0.251 331.069777     699309   2602.000     524322  0.000e+00
    -2.1391  -0.000162     -0.245 331.069780     699334   2602.000     524324  0.000e+00
    -2.1387  -0.000162     -0.245 331.069783     699327   2602.000     524324  0.000e+00
    -2.1399  -0.000162     -0.245 331.069786     699353   2602.000     524324  0.000e+00
    -2.1404  -0.000162     -0.248 331.069789     699364   2602.000     524323  0.000e+00
    -2.1412  -0.000072     -0.245 331.069792     699382   2602.012     524324  0.000e+00
    -2.1409  -0.000072     -0.251 331.069795     699375   2602.012     524322  0.000e+00
    -2.1404  -0.000072     -0.239 331.069797     699364   2602.012     524326  0.000e+00
    -2.1412  -0.000072     -0.245 331.069800     699381   2602.012     524324  0.000e+00
    -2.1412  -0.000162     -0.245 331.069803     699382   2602.000     524324  0.000e+00
    -2.1417  -0.000162     -0.242 331.069806     699392   2602.000     524325  0.000e+00
    -2.1418  -0.000072     -0.254 331.069809     699396   2602.012     524321  0.000e+00
    -2.1431  -0.000162     -0.245 331.069812     699424   2602.000     524324  0.000e+00
    -2.1416  -0.000162     -0.245 331.069815     699391   2602.000     524324  0.000e+00
    -2.1417  -0.000072     -0.242 331.069818     699394   2602.012     524325  0.000e+00
    -2.1427  -0.000072     -0.245 331.069821     699416   2602.012     524324  0.000e+00
    -2.1432  -0.000072     -0.245 331.069823     699426   2602.012     524324  0.000e+00
    -2.1433  -0.000162     -0.248 331.069826     699428   2602.000     524323  0.000e+00
    -2.1436  -0.000132     -0.248 331.069829     699435   2602.004     524323  0.000e+00
    -2.1441  -0.000072     -0.245 331.069832     699447   2602.012     524324  0.000e+00
    -2.1443  -0.000162     -0.248 331.069835     699452   2602.000     524323  0.000e+00
    -2.1447  -0.000072     -0.248 331.069838     699460   2602.012     524323  0.000e+00
    -2.1455  -0.000072     -0.242 331.069841     699477   2602.012     524325  0.000e+00
    -2.1458  -0.000072     -0.248 331.069844     699485   2602.012     524323  0.000e+00
    -2.1465  -0.000132     -0.251 331.069847     699500   2602.004     524322  0.000e+00
    -2.1468  -0.000072     -0.248 331.069850     699506   2602.012     524323  0.000e+00
    -2.1470  -0.000162     -0.248 331.069852     699512   2602.000     524323  0.000e+00
    -2.1475  -0.000162     -0.245 331.069855     699523   2602.000     524324  0.000e+00
    -2.1478  -0.000072     -0.248 331.069858     699529   2602.012     524323  0.000e+00
    -2.1480  -0.000072     -0.248 331.069861     699533   2602.012     524323  0.000e+00
    -2.1483  -0.000072     -0.251 331.069864     699541   2602.012     524322  0.000e+00
    -2.1485  -0.000162     -0.248 331.069867     699545   2602.000     524323  0.000e+00
    -2.1488  -0.000072     -0.242 331.069870     699552   2602.012     524325  0.000e+00
    -2.1491  -0.000162     -0.242 331.069873     699559   2602.000     524325  0.000e+00
    -2.1492  -0.000072     -0.248 331.069876     699560   2602.012     524323  0.000e+00
    -2.1494  -0.000072     -0.242 331.069878     699564   2602.012     524325  0.000e+00
    -2.1498  -0.000132     -0.248 331.069881     699573   2602.004     524323  0.000e+00
    -2.1500  -0.000162     -0.254 331.069884     699578   2602.000     524321  0.000e+00
    -2.1505  -0.000162     -0.251 331.069887     699590   2602.000     524322  0.000e+00
    -2.1509  -0.000162     -0.251 331.069890     699598   2602.000     524322  0.000e+00
    -2.1512  -0.000072     -0.242 331.069893     699604   2602.012     524325  0.000e+00
    -2.1515  -0.000162     -0.248 331.069896     699612   2602.000     524323  0.000e+00
    -2.1520  -0.000072     -0.248 331.069899     699622   2602.012     524323  0.000e+00
    -2.1522  -0.000072     -0.242 331.069902     699627   2602.012     524325  0.000e+00
    -2.1523  -0.000162     -0.254 331.069905     699630   2602.000     524321  0.000e+00
    -2.1527  -0.000162     -0.245 331.069907     699638   2602.000     524324  0.000e+00
    -2.1528  -0.000162     -0.245 331.069910     699641   2602.000     524324  0.000e+00
    -2.1530  -0.000072     -0.239 331.069913     699646   2602.012     524326  0.000e+00
    -2.1535  -0.000072     -0.242 331.069916     699656   2602.012     524325  0.000e+00
    -2.1536  -0.000072     -0.242 331.069919     699658   2602.012     524325  0.000e+00
    -2.1536  -0.000072     -0.248 331.069922     699659   2602.012     524323  0.000e+00
    -2.1540  -0.000072     -0.251 331.069925     699668   2602.012     524322  0.000e+00
    -2.1543  -0.000072     -0.242 331.069928     699673   2602.012     524325  0.000e+00
    -2.1545  -0.000162     -0.242 331.069931     699679   2602.000     524325  0.000e+00
    -2.1549  -0.000011     -0.242 331.069933     699688   2602.020     524325  0.000e+00
    -2.1552  -0.000072     -0.248 331.069936     699695   2602.012     524323  0.000e+00
    -2.1554  -0.000072     -0.248 331.069939     699698   2602.012     524323  0.000e+00
    -2.1556  -0.000072     -0.251 331.069942     699702   2602.012     524322  0.000e+00
    -2.1560   0.000019     -0.245 331.069945     699713   2602.023     524324  0.000e+00
    -2.1562   0.000019     -0.248 331.069948     699716   2602.023     524323  0.000e+00
    -2.1565  -0.000011     -0.248 331.069951     699722   2602.020     524323  0.000e+00
    -2.1568   0.000019     -0.242 331.069954     699730   2602.023     524325  0.000e+00
    -2.1569   0.000019     -0.245 331.069957     699733   2602.023     524324  0.000e+00
    -2.1572   0.000019     -0.242 331.069959     699739   2602.023     524325  0.000e+00
    -2.1579   0.000019     -0.248 331.069962     699754   2602.023     524323  0.000e+00
    -2.1578   0.000019     -0.248 331.069965     699752   2602.023     524323  0.000e+00
    -2.1582  -0.000011     -0.248 331.069968     699762   2602.020     524323  0.000e+00
    -2.1587  -0.000072     -0.245 331.069971     699772   2602.012     524324  0.000e+00
    -2.1589   0.000019     -0.245 331.069974     699776   2602.023     524324  0.000e+00
    -2.1592   0.000019     -0.245 331.069977     699784   2602.023     524324  0.000e+00
    -2.1594   0.000019     -0.245 331.069980     699788   2602.023     524324  0.000e+00
    -2.1596  -0.000072     -0.242 331.069983     699792   2602.012     524325  0.000e+00
    -2.1599  -0.000011     -0.251 331.069986     699798   2602.020     524322  0.000e+00
    -2.1599   0.000019     -0.248 331.069988     699799   2602.023     524323  0.000e+00
    -2.1603   0.000019     -0.245 331.069991     699807   2602.023     524324  0.000e+00
    -2.1605   0.000019     -0.245 331.069994     699812   2602.023     524324  0.000e+00
    -2.1607   0.000019     -0.245 331.069997     699817   2602.023     524324  0.000e+00
    -2.1609   0.000019     -0.248 331.070000     699821   2602.023     524323  0.000e+00
    -2.1611   0.000079     -0.245 331.070003     699826   2602.031     524324  0.000e+00
    -2.1615   0.000019     -0.248 331.070006     699834   2602.023     524323  0.000e+00
    -2.1617   0.000019     -0.242 331.070009     699840   2602.023     524325  0.000e+00
    -2.1624   0.000019     -0.251 331.070012     699854   2602.023     524322  0.000e+00
    -2.1624   0.000109     -0.248 331.070014     699855   2602.035     524323  0.000e+00
    -2.1627   0.000019     -0.245 331.070017     699862   2602.023     524324  0.000e+00
    -2.1630   0.000019     -0.248 331.070020     699868   2602.023     524323  0.000e+00
    -2.1632  -0.000011     -0.251 331.070023     699872   2602.020     524322  0.000e+00
    -2.1635   0.000019     -0.251 331.070026     699879   2602.023     524322  0.000e+00
    -2.1637  -0.000072     -0.248 331.070029     699883   2602.012     524323  0.000e+00
    -2.1641  -0.000072     -0.248 331.070032     699892   2602.012     524323  0.000e+00
    -2.1646  -0.000072     -0.248 331.070035     699903   2602.012     524323  0.000e+00
    -2.1647   0.000019     -0.245 331.070038     699907   2602.023     524324  0.000e+00
    -2.1651  -0.000011     -0.248 331.070041     699915   2602.020     524323  0.000e+00
    -2.1653   0.000019     -0.251 331.070043     699920   2602.023     524322  0.000e+00
    -2.1657   0.000019     -0.245 331.070046     699929   2602.023     524324  0.000e+00
    -2.1661   0.000019     -0.245 331.070049     699938   2602.023     524324  0.000e+00
    -2.1665   0.000019     -0.251 331.070052     699947   2602.023     524322  0.000e+00
    -2.1667   0.000019     -0.251 331.070055     699951   2602.023     524322  0.000e+00
    -2.1669  -0.000011     -0.248 331.070058     699955   2602.020     524323  0.000e+00
    -2.1669   0.000019     -0.248 331.070061     699954   2602.023     524323  0.000e+00
    -2.1673  -0.000072     -0.251 331.070064     699963   2602.012     524322  0.000e+00
    -2.1673   0.000019     -0.251 331.070067     699965   2602.023     524322  0.000e+00
    -2.1679   0.000019     -0.245 331.070069     699977   2602.023     524324  0.000e+00
    -2.1682   0.000109     -0.248 331.070072     699985   2602.035     524323  0.000e+00
    -2.1683  -0.000011     -0.251 331.070075     699987   2602.020     524322  0.000e+00
    -2.1688   0.000019     -0.251 331.070078     699998   2602.023     524322  0.000e+00
    -2.1688   0.000019     -0.248 331.070081     699998   2602.023     524323  0.000e+00
    -2.1691   0.000019     -0.245 331.070084     700004   2602.023     524324  0.000e+00
    -2.1695   0.000019     -0.245 331.070087     700013   2602.023     524324  0.000e+00
    -2.1699   0.000019     -0.248 331.070090     700023   2602.023     524323  0.000e+00
    -2.1701  -0.000011     -0.248 331.070093     700026   2602.020     524323  0.000e+00
    -2.1704  -0.000072     -0.254 331.070095     700033   2602.012     524321  0.000e+00
    -2.1705   0.000019     -0.245 331.070098     700036   2602.023     524324  0.000e+00
    -2.1707   0.000019     -0.248 331.070101     700039   2602.023     524323  0.000e+00
    -2.1712   0.000019     -0.245 331.070104     700051   2602.023     524324  0.000e+00
    -2.1716   0.000019     -0.251 331.070107     700059   2602.023     524322  0.000e+00
    -2.1717  -0.000011     -0.245 331.070110     700063   2602.020     524324  0.000e+00
    -2.1717   0.000019     -0.248 331.070113     700063   2602.023     524323  0.000e+00
    -2.1720   0.000019     -0.245 331.070116     700068   2602.023     524324  0.000e+00
    -2.1722   0.000019     -0.248 331.070119     700074   2602.023     524323  0.000e+00
    -2.1726   0.000109     -0.254 331.070122     700083   2602.035     524321  0.000e+00
    -2.1727   0.000019     -0.248 331.070124     700084   2602.023     524323  0.000e+00
    -2.1726  -0.000011     -0.245 331.070127     700083   2602.020     524324  0.000e+00
    -2.1730   0.000019     -0.248 331.070130     700092   2602.023     524323  0.000e+00
    -2.1734   0.000019     -0.254 331.070133     700099   2602.023     524321  0.000e+00
    -2.1735   0.000019     -0.245 331.070136     700103   2602.023     524324  0.000e+00
    -2.1737   0.000019     -0.248 331.070139     700107   2602.023     524323  0.000e+00
    -2.1739  -0.000072     -0.251 331.070142     700112   2602.012     524322  0.000e+00
    -2.1741  -0.000011     -0.245 331.070145     700116   2602.020     524324  0.000e+00
    -2.1744   0.000019     -0.248 331.070148     700123   2602.023     524323  0.000e+00
    -2.1747  -0.000072     -0.245 331.070150     700129   2602.012     524324  0.000e+00
    -2.1747   0.000019     -0.245 331.070153     700129   2602.023     524324  0.000e+00
    -2.1750   0.000019     -0.254 331.070156     700135   2602.023     524321  0.000e+00
    -2.1751   0.000019     -0.245 331.070159     700138   2602.023     524324  0.000e+00
    -2.1754  -0.000011     -0.254 331.070162     700145   2602.020     524321  0.000e+00
    -2.1756   0.000019     -0.245 331.070165     700148   2602.023     524324  0.000e+00
    -2.1760   0.000109     -0.251 331.070168     700158   2602.035     524322  0.000e+00
    -2.1760   0.000019     -0.242 331.070171     700159   2602.023     524325  0.000e+00
    -2.1768   0.000019     -0.242 331.070174     700175   2602.023     524325  0.000e+00
    -2.1774   0.000019     -0.248 331.070177     700190   2602.023     524323  0.000e+00
    -2.1778  -0.000011     -0.248 331.070179     700199   2602.020     524323  0.000e+00
    -2.1784   0.000019     -0.248 331.070182     700211   2602.023     524323  0.000e+00
    -2.1785   0.000019     -0.248 331.070185     700214   2602.023     524323  0.000e+00
    -2.1788   0.000019     -0.245 331.070188     700221   2602.023     524324  0.000e+00
    -2.1789   0.000019     -0.245 331.070191     700222   2602.023     524324  0.000e+00
    -2.1793   0.000109     -0.245 331.070194     700231   2602.035     524324  0.000e+00
    -2.1793  -0.000011     -0.242 331.070197     700232   2602.020     524325  0.000e+00
    -2.1800   0.000019     -0.248 331.070200     700248   2602.023     524323  0.000e+00
    -2.1802  -0.000072     -0.248 331.070203     700251   2602.012     524323  0.000e+00
    -2.1805   0.000019     -0.251 331.070205     700259   2602.023     524322  0.000e+00
    -2.1807   0.000019     -0.251 331.070208     700262   2602.023     524322  0.000e+00
    -2.1808  -0.000072     -0.251 331.070211     700265   2602.012     524322  0.000e+00
    -2.1810   0.000019     -0.251 331.070214     700270   2602.023     524322  0.000e+00
    -2.1811  -0.000011     -0.251 331.070217     700272   2602.020     524322  0.000e+00
    -2.1814   0.000019     -0.261 331.070220     700279   2602.023     524319  0.000e+00
    -2.1814   0.000019     -0.258 331.070223     700279   2602.023     524320  0.000e+00
    -2.1817   0.000019     -0.258 331.070226     700286   2602.023     524320  0.000e+00
