tests/resources/orca-test-data/SBE19plus/4794/4794_030_KiM.cnv
* Sea-Bird SBE19plus Data File:
* FileName = C:\Documents and Settings\stevens\Desktop\K131_2007\CTD\4794_030.hex
* Software Version 1.50
* Temperature SN =  4977
* Conductivity SN =  4977
* System UpLoad Time = Nov 27 2007 02:41:37
** K131 McMurdo SeaIce Work
** nov-dec 2007
** using chch plastic ctd
** times are local (NZ daylight savings)
# nquan = 8
# nvalues = 6849                                  
# units = specified
# name 0 = tv290C: Temperature [ITS-90, deg C]
# name 1 = c0mS/cm: Conductivity [mS/cm]
# name 2 = prdM: Pressure, Strain Gauge [db]
# name 3 = timeJ: Julian Days
# name 4 = f0: Frequency 0
# name 5 = f1: Frequency 1
# name 6 = f2: Frequency 2
# name 7 = flag:  0.000e+00
# span 0 =    -6.8652,    -1.9076                 
# span 1 =   0.000259,  27.378238                 
# span 2 =     -0.268,    359.689                 
# span 3 = 331.089907, 331.109722                 
# span 4 =     694187,     809751                 
# span 5 =   2602.055,   5024.055                 
# span 6 =     524316,     642482                 
# span 7 = 0.0000e+00, 0.0000e+00                 
# interval = seconds: 0.25
# start_time = Nov 27 2007 02:09:28 [Instrument's time stamp, header]
# bad_flag = -9.990e-29
*END*
[from data line 3596]
    -1.9382  27.159825     42.033 331.100312     694865   5009.457     538199  0.000e+00
    -1.9381  27.159591     41.600 331.100315     694864   5009.441     538057  0.000e+00
    -1.9381  27.159067     41.164 331.100318     694863   5009.406     537914  0.000e+00
    -1.9380  27.158775     40.729 331.100321     694862   5009.387     537771  0.000e+00
    -1.9380  27.159007     40.296 331.100324     694862   5009.402     537629  0.000e+00
    -1.9381  27.158540     39.866 331.100327     694864   5009.371     537488  0.000e+00
    -1.9381  27.157900     39.434 331.100330     694863   5009.328     537346  0.000e+00
    -1.9380  27.157957     39.007 331.100333     694862   5009.332     537206  0.000e+00
    -1.9381  27.157607     38.575 331.100336     694864   5009.309     537064  0.000e+00
    -1.9384  27.157431     38.142 331.100339     694870   5009.297     536922  0.000e+00
    -1.9384  27.157023     37.706 331.100341     694870   5009.270     536779  0.000e+00
    -1.9385  27.156906     37.279 331.100344     694873   5009.262     536639  0.000e+00
    -1.9384  27.156905     36.850 331.100347     694871   5009.262     536498  0.000e+00
    -1.9386  27.157020     36.436 331.100350     694874   5009.270     536362  0.000e+00
    -1.9384  27.155856     36.006 331.100353     694871   5009.191     536221  0.000e+00
    -1.9386  27.156785     35.579 331.100356     694875   5009.254     536081  0.000e+00
    -1.9385  27.156900     35.147 331.100359     694872   5009.262     535939  0.000e+00
    -1.9386  27.155911     34.717 331.100362     694875   5009.195     535798  0.000e+00
    -1.9386  27.155852     34.287 331.100365     694874   5009.191     535657  0.000e+00
    -1.9386  27.155618     33.864 331.100367     694875   5009.176     535518  0.000e+00
    -1.9385  27.155384     33.443 331.100370     694873   5009.160     535380  0.000e+00
    -1.9385  27.155093     33.026 331.100373     694872   5009.141     535243  0.000e+00
    -1.9384  27.154801     32.615 331.100376     694870   5009.121     535108  0.000e+00
    -1.9385  27.154567     32.191 331.100379     694872   5009.105     534969  0.000e+00
    -1.9385  27.155089     31.767 331.100382     694873   5009.141     534830  0.000e+00
    -1.9387  27.154565     31.347 331.100385     694876   5009.105     534692  0.000e+00
    -1.9388  27.153750     30.927 331.100388     694880   5009.051     534554  0.000e+00
    -1.9391  27.153400     30.506 331.100391     694885   5009.027     534416  0.000e+00
    -1.9391  27.153225     30.076 331.100394     694886   5009.016     534275  0.000e+00
    -1.9393  27.152293     29.650 331.100396     694889   5008.953     534135  0.000e+00
    -1.9396  27.151653     29.235 331.100399     694897   5008.910     533999  0.000e+00
    -1.9399  27.152001     28.812 331.100402     694904   5008.934     533860  0.000e+00
    -1.9401  27.152697     28.394 331.100405     694907   5008.980     533723  0.000e+00
    -1.9404  27.151359     27.971 331.100408     694914   5008.891     533584  0.000e+00
    -1.9404  27.151416     27.544 331.100411     694915   5008.895     533444  0.000e+00
    -1.9406  27.150834     27.121 331.100414     694920   5008.855     533305  0.000e+00
    -1.9406  27.151414     26.709 331.100417     694920   5008.895     533170  0.000e+00
    -1.9405  27.150832     26.283 331.100420     694917   5008.855     533030  0.000e+00
    -1.9406  27.151412     25.859 331.100422     694920   5008.895     532891  0.000e+00
    -1.9404  27.150829     25.451 331.100425     694915   5008.855     532757  0.000e+00
    -1.9402  27.150305     25.033 331.100428     694911   5008.820     532620  0.000e+00
    -1.9401  27.150827     24.622 331.100431     694908   5008.855     532485  0.000e+00
    -1.9402  27.150535     24.202 331.100434     694910   5008.836     532347  0.000e+00
    -1.9401  27.150592     23.787 331.100437     694907   5008.840     532211  0.000e+00
    -1.9399  27.150010     23.364 331.100440     694904   5008.801     532072  0.000e+00
    -1.9400  27.149776     22.943 331.100443     694906   5008.785     531934  0.000e+00
    -1.9400  27.149775     22.520 331.100446     694905   5008.785     531795  0.000e+00
    -1.9401  27.149774     22.084 331.100448     694907   5008.785     531652  0.000e+00
    -1.9401  27.149773     21.657 331.100451     694907   5008.785     531512  0.000e+00
    -1.9400  27.149249     21.231 331.100454     694906   5008.750     531372  0.000e+00
    -1.9398  27.148899     20.810 331.100457     694902   5008.727     531234  0.000e+00
    -1.9398  27.148723     20.378 331.100460     694902   5008.715     531092  0.000e+00
    -1.9399  27.148897     19.951 331.100463     694903   5008.727     530952  0.000e+00
    -1.9398  27.148431     19.528 331.100466     694901   5008.695     530813  0.000e+00
    -1.9396  27.148894     19.104 331.100469     694897   5008.727     530674  0.000e+00
    -1.9396  27.148196     18.671 331.100472     694896   5008.680     530532  0.000e+00
    -1.9396  27.147904     18.242 331.100475     694897   5008.660     530391  0.000e+00
    -1.9397  27.148077     17.815 331.100477     694899   5008.672     530251  0.000e+00
    -1.9398  27.146856     17.388 331.100480     694901   5008.590     530111  0.000e+00
    -1.9397  27.147784     16.953 331.100483     694900   5008.652     529968  0.000e+00
    -1.9395  27.147667     16.517 331.100486     694895   5008.645     529825  0.000e+00
    -1.9396  27.146678     16.075 331.100489     694897   5008.578     529680  0.000e+00
    -1.9397  27.145805     15.679 331.100492     694898   5008.520     529550  0.000e+00
    -1.9397  27.146967     15.365 331.100495     694898   5008.598     529447  0.000e+00
    -1.9397  27.145803     15.143 331.100498     694899   5008.520     529374  0.000e+00
    -1.9398  27.145512     15.015 331.100501     694902   5008.500     529332  0.000e+00
    -1.9404  27.145280     14.969 331.100503     694914   5008.484     529317  0.000e+00
    -1.9407  27.144466     14.969 331.100506     694921   5008.430     529317  0.000e+00
    -1.9412  27.143594     14.969 331.100509     694932   5008.371     529317  0.000e+00
    -1.9419  27.143943     14.981 331.100512     694948   5008.395     529321  0.000e+00
    -1.9424  27.142723     14.987 331.100515     694960   5008.313     529323  0.000e+00
    -1.9430  27.142606     15.000 331.100518     694972   5008.305     529327  0.000e+00
    -1.9432  27.142897     15.009 331.100521     694976   5008.324     529330  0.000e+00
    -1.9430  27.143885     15.018 331.100524     694973   5008.391     529333  0.000e+00
    -1.9428  27.143943     15.024 331.100527     694967   5008.395     529335  0.000e+00
    -1.9427  27.143013     15.030 331.100530     694966   5008.332     529337  0.000e+00
    -1.9427  27.142606     15.024 331.100532     694966   5008.305     529335  0.000e+00
    -1.9429  27.143013     15.024 331.100535     694969   5008.332     529335  0.000e+00
    -1.9429  27.142897     15.024 331.100538     694971   5008.324     529335  0.000e+00
    -1.9431  27.143130     15.024 331.100541     694974   5008.340     529335  0.000e+00
    -1.9431  27.142490     15.024 331.100544     694974   5008.297     529335  0.000e+00
    -1.9432  27.142374     15.027 331.100547     694977   5008.289     529336  0.000e+00
    -1.9435  27.142200     15.027 331.100550     694983   5008.277     529336  0.000e+00
    -1.9437  27.142897     15.024 331.100553     694987   5008.324     529335  0.000e+00
    -1.9438  27.141909     15.027 331.100556     694990   5008.258     529336  0.000e+00
    -1.9438  27.142607     15.027 331.100558     694991   5008.305     529336  0.000e+00
    -1.9441  27.141909     15.030 331.100561     694997   5008.258     529337  0.000e+00
    -1.9442  27.142374     15.027 331.100564     694998   5008.289     529336  0.000e+00
    -1.9441  27.142083     15.027 331.100567     694997   5008.270     529336  0.000e+00
    -1.9441  27.141909     15.030 331.100570     694996   5008.258     529337  0.000e+00
    -1.9438  27.143420     15.042 331.100573     694990   5008.359     529341  0.000e+00
    -1.9436  27.143304     15.054 331.100576     694985   5008.352     529345  0.000e+00
    -1.9432  27.143130     15.067 331.100579     694977   5008.340     529349  0.000e+00
    -1.9429  27.143304     15.085 331.100582     694970   5008.352     529355  0.000e+00
    -1.9429  27.143653     15.073 331.100584     694970   5008.375     529351  0.000e+00
    -1.9428  27.143653     15.085 331.100587     694967   5008.375     529355  0.000e+00
    -1.9424  27.143885     15.088 331.100590     694960   5008.391     529356  0.000e+00
    -1.9424  27.143943     15.088 331.100593     694959   5008.395     529356  0.000e+00
    -1.9421  27.144408     15.091 331.100596     694953   5008.426     529357  0.000e+00
    -1.9419  27.145280     15.088 331.100599     694947   5008.484     529356  0.000e+00
    -1.9417  27.144699     15.085 331.100602     694944   5008.445     529355  0.000e+00
    -1.9416  27.144234     15.085 331.100605     694941   5008.414     529355  0.000e+00
    -1.9416  27.143885     15.088 331.100608     694941   5008.391     529356  0.000e+00
    -1.9417  27.143943     15.088 331.100611     694943   5008.395     529356  0.000e+00
    -1.9422  27.143420     15.082 331.100613     694955   5008.359     529354  0.000e+00
    -1.9426  27.143304     15.085 331.100616     694964   5008.352     529355  0.000e+00
    -1.9427  27.143653     15.085 331.100619     694966   5008.375     529355  0.000e+00
    -1.9428  27.143013     15.088 331.100622     694967   5008.332     529356  0.000e+00
    -1.9429  27.143420     15.088 331.100625     694971   5008.359     529356  0.000e+00
    -1.9431  27.143595     15.094 331.100628     694974   5008.371     529358  0.000e+00
    -1.9431  27.143420     15.091 331.100631     694975   5008.359     529357  0.000e+00
    -1.9431  27.143420     15.091 331.100634     694975   5008.359     529357  0.000e+00
    -1.9432  27.143885     15.097 331.100637     694977   5008.391     529359  0.000e+00
    -1.9432  27.143130     15.091 331.100639     694976   5008.340     529357  0.000e+00
    -1.9430  27.142723     15.091 331.100642     694972   5008.313     529357  0.000e+00
    -1.9430  27.142607     15.091 331.100645     694972   5008.305     529357  0.000e+00
    -1.9430  27.142723     15.088 331.100648     694972   5008.313     529356  0.000e+00
    -1.9430  27.143130     15.091 331.100651     694972   5008.340     529357  0.000e+00
    -1.9431  27.143304     15.091 331.100654     694974   5008.352     529357  0.000e+00
    -1.9431  27.142897     15.094 331.100657     694974   5008.324     529358  0.000e+00
    -1.9430  27.142897     15.088 331.100660     694973   5008.324     529356  0.000e+00
    -1.9429  27.143595     15.094 331.100663     694970   5008.371     529358  0.000e+00
    -1.9429  27.143130     15.094 331.100666     694971   5008.340     529358  0.000e+00
    -1.9429  27.143304     15.091 331.100668     694971   5008.352     529357  0.000e+00
    -1.9428  27.143944     15.094 331.100671     694968   5008.395     529358  0.000e+00
    -1.9429  27.143595     15.094 331.100674     694971   5008.371     529358  0.000e+00
    -1.9430  27.143130     15.091 331.100677     694973   5008.340     529357  0.000e+00
    -1.9430  27.142897     15.097 331.100680     694972   5008.324     529359  0.000e+00
    -1.9433  27.143014     15.091 331.100683     694978   5008.332     529357  0.000e+00
    -1.9433  27.142897     15.088 331.100686     694980   5008.324     529356  0.000e+00
    -1.9435  27.142723     15.091 331.100689     694984   5008.313     529357  0.000e+00
    -1.9436  27.142897     15.088 331.100692     694985   5008.324     529356  0.000e+00
    -1.9438  27.142723     15.088 331.100694     694989   5008.313     529356  0.000e+00
    -1.9437  27.141560     15.091 331.100697     694988   5008.234     529357  0.000e+00
    -1.9439  27.142607     15.094 331.100700     694993   5008.305     529358  0.000e+00
    -1.9439  27.142723     15.091 331.100703     694993   5008.313     529357  0.000e+00
    -1.9440  27.142084     15.091 331.100706     694995   5008.270     529357  0.000e+00
    -1.9442  27.142200     15.091 331.100709     694998   5008.277     529357  0.000e+00
    -1.9441  27.142607     15.094 331.100712     694997   5008.305     529358  0.000e+00
    -1.9440  27.142200     15.091 331.100715     694994   5008.277     529357  0.000e+00
    -1.9439  27.142374     15.088 331.100718     694993   5008.289     529356  0.000e+00
    -1.9438  27.143014     15.097 331.100720     694990   5008.332     529359  0.000e+00
    -1.9438  27.142607     15.091 331.100723     694991   5008.305     529357  0.000e+00
    -1.9438  27.142374     15.094 331.100726     694990   5008.289     529358  0.000e+00
    -1.9437  27.143014     15.094 331.100729     694988   5008.332     529358  0.000e+00
    -1.9435  27.142374     15.094 331.100732     694984   5008.289     529358  0.000e+00
    -1.9436  27.142200     15.094 331.100735     694985   5008.277     529358  0.000e+00
    -1.9435  27.143130     15.094 331.100738     694983   5008.340     529358  0.000e+00
    -1.9437  27.142200     15.094 331.100741     694988   5008.277     529358  0.000e+00
    -1.9436  27.142897     15.088 331.100744     694986   5008.324     529356  0.000e+00
    -1.9436  27.143130     15.097 331.100747     694986   5008.340     529359  0.000e+00
    -1.9436  27.143304     15.097 331.100749     694985   5008.352     529359  0.000e+00
    -1.9437  27.143130     15.100 331.100752     694987   5008.340     529360  0.000e+00
    -1.9435  27.143885     15.094 331.100755     694984   5008.391     529358  0.000e+00
    -1.9434  27.143653     15.097 331.100758     694982   5008.375     529359  0.000e+00
    -1.9434  27.143304     15.097 331.100761     694981   5008.352     529359  0.000e+00
    -1.9434  27.143420     15.091 331.100764     694981   5008.359     529357  0.000e+00
    -1.9433  27.143595     15.094 331.100767     694980   5008.371     529358  0.000e+00
    -1.9434  27.143420     15.097 331.100770     694982   5008.359     529359  0.000e+00
    -1.9433  27.143653     15.094 331.100773     694979   5008.375     529358  0.000e+00
    -1.9434  27.143595     15.091 331.100775     694981   5008.371     529357  0.000e+00
    -1.9433  27.143420     15.094 331.100778     694978   5008.359     529358  0.000e+00
    -1.9432  27.143304     15.091 331.100781     694976   5008.352     529357  0.000e+00
    -1.9432  27.143420     15.094 331.100784     694976   5008.359     529358  0.000e+00
    -1.9433  27.143595     15.097 331.100787     694978   5008.371     529359  0.000e+00
    -1.9433  27.144234     15.097 331.100790     694978   5008.414     529359  0.000e+00
    -1.9433  27.142897     15.091 331.100793     694978   5008.324     529357  0.000e+00
    -1.9432  27.144118     15.091 331.100796     694977   5008.406     529357  0.000e+00
    -1.9433  27.143653     15.091 331.100799     694980   5008.375     529357  0.000e+00
    -1.9433  27.143885     15.100 331.100802     694978   5008.391     529360  0.000e+00
    -1.9432  27.143944     15.094 331.100804     694976   5008.395     529358  0.000e+00
    -1.9430  27.143885     15.091 331.100807     694972   5008.391     529357  0.000e+00
    -1.9428  27.143944     15.094 331.100810     694968   5008.395     529358  0.000e+00
    -1.9426  27.143885     15.097 331.100813     694964   5008.391     529359  0.000e+00
    -1.9428  27.144234     15.088 331.100816     694968   5008.414     529356  0.000e+00
    -1.9428  27.143653     15.097 331.100819     694967   5008.375     529359  0.000e+00
    -1.9429  27.143885     15.094 331.100822     694971   5008.391     529358  0.000e+00
    -1.9429  27.143420     15.097 331.100825     694970   5008.359     529359  0.000e+00
    -1.9430  27.143304     15.097 331.100828     694972   5008.352     529359  0.000e+00
