tests/resources/orca-test-data/SBE19plus/4794/4794_017_KiM.cnv
* Sea-Bird SBE19plus Data File:
* FileName = C:\Documents and Settings\stevens\Desktop\K131_2007\CTD\4794_017.hex
* Software Version 1.50
* Temperature SN =  4977
* Conductivity SN =  4977
* System UpLoad Time = Nov 26 2007 15:21:21
** K131 McMurdo SeaIce Work
** nov-dec 2007
** using chch plastic ctd
** times are local (NZ daylight savings)
# nquan = 8
# nvalues = 6415                                  
# units = specified
# name 0 = tv290C: Temperature [ITS-90, deg C]
# name 1 = c0mS/cm: Conductivity [mS/cm]
# name 2 = prdM: Pressure, Strain Gauge [db]
# name 3 = timeJ: Julian Days
# name 4 = f0: Frequency 0
# name 5 = f1: Frequency 1
# name 6 = f2: Frequency 2
# name 7 = flag:  0.000e+00
# span 0 =    -3.5874,    -1.9056                 
# span 1 =   0.022356,  27.380114                 
# span 2 =     -0.301,    363.200                 
# span 3 = 330.619062, 330.637622                 
# span 4 =     694142,     732111                 
# span 5 =   2604.922,   5024.180                 
# span 6 =     524305,     643635                 
# span 7 = 0.0000e+00, 0.0000e+00                 
# interval = seconds: 0.25
# start_time = Nov 26 2007 14:51:27 [Instrument's time stamp, header]
# bad_flag = -9.990e-29
*END*
[from data line 5214]
    -1.9096  27.366550    349.064 330.634149     694232   5023.273     638993  0.000e+00
    -1.9096  27.367016    349.070 330.634152     694232   5023.305     638995  0.000e+00
    -1.9096  27.367308    349.073 330.634155     694232   5023.324     638996  0.000e+00
    -1.9096  27.366841    349.064 330.634158     694230   5023.293     638993  0.000e+00
    -1.9096  27.367016    349.061 330.634161     694231   5023.305     638992  0.000e+00
    -1.9095  27.366783    349.064 330.634164     694229   5023.289     638993  0.000e+00
    -1.9096  27.366550    349.067 330.634167     694231   5023.273     638994  0.000e+00
    -1.9095  27.367016    349.064 330.634170     694229   5023.305     638993  0.000e+00
    -1.9096  27.367424    349.067 330.634172     694232   5023.332     638994  0.000e+00
    -1.9097  27.367016    349.073 330.634175     694234   5023.305     638996  0.000e+00
    -1.9096  27.366783    349.070 330.634178     694230   5023.289     638995  0.000e+00
    -1.9095  27.366841    349.073 330.634181     694228   5023.293     638996  0.000e+00
    -1.9096  27.367541    349.067 330.634184     694232   5023.340     638994  0.000e+00
    -1.9092  27.367016    349.076 330.634187     694223   5023.305     638997  0.000e+00
    -1.9093  27.367424    349.070 330.634190     694225   5023.332     638995  0.000e+00
    -1.9094  27.367541    349.070 330.634193     694226   5023.340     638995  0.000e+00
    -1.9093  27.367716    349.073 330.634196     694225   5023.352     638996  0.000e+00
    -1.9092  27.367541    349.058 330.634198     694222   5023.340     638991  0.000e+00
    -1.9092  27.367016    348.924 330.634201     694221   5023.305     638947  0.000e+00
    -1.9091  27.366548    348.598 330.634204     694219   5023.273     638840  0.000e+00
    -1.9094  27.367014    348.221 330.634207     694226   5023.305     638716  0.000e+00
    -1.9092  27.366780    347.876 330.634210     694223   5023.289     638603  0.000e+00
    -1.9092  27.365146    347.551 330.634213     694221   5023.180     638496  0.000e+00
    -1.9095  27.363280    347.234 330.634216     694228   5023.055     638392  0.000e+00
    -1.9101  27.363162    346.890 330.634219     694241   5023.047     638279  0.000e+00
    -1.9107  27.362520    346.546 330.634222     694256   5023.004     638166  0.000e+00
    -1.9111  27.361995    346.211 330.634225     694265   5022.969     638056  0.000e+00
    -1.9114  27.361178    345.891 330.634227     694271   5022.914     637951  0.000e+00
    -1.9117  27.360652    345.550 330.634230     694278   5022.879     637839  0.000e+00
    -1.9119  27.360651    345.203 330.634233     694283   5022.879     637725  0.000e+00
    -1.9122  27.359834    344.859 330.634236     694289   5022.824     637612  0.000e+00
    -1.9125  27.359600    344.521 330.634239     694296   5022.809     637501  0.000e+00
    -1.9128  27.359483    344.180 330.634242     694301   5022.801     637389  0.000e+00
    -1.9129  27.358491    343.838 330.634245     694304   5022.734     637277  0.000e+00
    -1.9130  27.358781    343.494 330.634248     694306   5022.754     637164  0.000e+00
    -1.9130  27.359480    343.153 330.634251     694306   5022.801     637052  0.000e+00
    -1.9131  27.359304    342.815 330.634253     694309   5022.789     636941  0.000e+00
    -1.9129  27.357846    342.474 330.634256     694304   5022.691     636829  0.000e+00
    -1.9130  27.357962    342.136 330.634259     694306   5022.699     636718  0.000e+00
    -1.9131  27.357436    341.792 330.634262     694308   5022.664     636605  0.000e+00
    -1.9131  27.354462    341.439 330.634265     694309   5022.465     636489  0.000e+00
    -1.9137  27.354228    341.098 330.634268     694322   5022.449     636377  0.000e+00
    -1.9144  27.351837    340.757 330.634271     694338   5022.289     636265  0.000e+00
    -1.9151  27.350496    340.419 330.634274     694354   5022.199     636154  0.000e+00
    -1.9160  27.349446    340.074 330.634277     694372   5022.129     636041  0.000e+00
    -1.9166  27.348512    339.724 330.634280     694387   5022.066     635926  0.000e+00
    -1.9174  27.347870    339.377 330.634282     694404   5022.023     635812  0.000e+00
    -1.9178  27.347578    339.030 330.634285     694412   5022.004     635698  0.000e+00
    -1.9182  27.346528    338.677 330.634288     694421   5021.934     635582  0.000e+00
    -1.9188  27.345478    338.333 330.634291     694435   5021.863     635469  0.000e+00
    -1.9195  27.344311    337.979 330.634294     694451   5021.785     635353  0.000e+00
    -1.9201  27.344136    337.626 330.634297     694465   5021.773     635237  0.000e+00
    -1.9207  27.343319    337.270 330.634300     694478   5021.719     635120  0.000e+00
    -1.9212  27.342327    336.920 330.634303     694488   5021.652     635005  0.000e+00
    -1.9215  27.342035    336.566 330.634306     694495   5021.633     634889  0.000e+00
    -1.9217  27.340402    336.210 330.634308     694499   5021.523     634772  0.000e+00
    -1.9220  27.340343    335.854 330.634311     694507   5021.520     634655  0.000e+00
    -1.9225  27.339584    335.491 330.634314     694517   5021.469     634536  0.000e+00
    -1.9227  27.338942    335.141 330.634317     694522   5021.426     634421  0.000e+00
    -1.9229  27.339582    334.788 330.634320     694526   5021.469     634305  0.000e+00
    -1.9233  27.337775    334.432 330.634323     694535   5021.348     634188  0.000e+00
    -1.9233  27.338065    334.081 330.634326     694534   5021.367     634073  0.000e+00
    -1.9236  27.337482    333.740 330.634329     694542   5021.328     633961  0.000e+00
    -1.9238  27.337248    333.390 330.634332     694545   5021.313     633846  0.000e+00
    -1.9239  27.337188    333.052 330.634334     694549   5021.309     633735  0.000e+00
    -1.9241  27.336663    332.705 330.634337     694552   5021.273     633621  0.000e+00
    -1.9242  27.336371    332.352 330.634340     694554   5021.254     633505  0.000e+00
    -1.9242  27.335904    332.001 330.634343     694555   5021.223     633390  0.000e+00
    -1.9244  27.335378    331.648 330.634346     694559   5021.188     633274  0.000e+00
    -1.9246  27.335552    331.301 330.634349     694564   5021.199     633160  0.000e+00
    -1.9247  27.335085    330.948 330.634352     694565   5021.168     633044  0.000e+00
    -1.9248  27.334968    330.594 330.634355     694568   5021.160     632928  0.000e+00
    -1.9249  27.334034    330.241 330.634358     694571   5021.098     632812  0.000e+00
    -1.9251  27.334266    329.888 330.634361     694574   5021.113     632696  0.000e+00
    -1.9251  27.333857    329.528 330.634363     694574   5021.086     632578  0.000e+00
    -1.9252  27.334031    329.169 330.634366     694578   5021.098     632460  0.000e+00
    -1.9252  27.333564    328.807 330.634369     694577   5021.066     632341  0.000e+00
    -1.9254  27.332922    328.447 330.634372     694581   5021.023     632223  0.000e+00
    -1.9254  27.332688    328.094 330.634375     694582   5021.008     632107  0.000e+00
    -1.9255  27.332746    327.726 330.634378     694583   5021.012     631986  0.000e+00
    -1.9254  27.332395    327.354 330.634381     694582   5020.988     631864  0.000e+00
    -1.9257  27.332394    326.989 330.634384     694589   5020.988     631744  0.000e+00
    -1.9257  27.332160    326.629 330.634387     694588   5020.973     631626  0.000e+00
    -1.9258  27.331868    326.258 330.634389     694591   5020.953     631504  0.000e+00
    -1.9258  27.331342    325.889 330.634392     694591   5020.918     631383  0.000e+00
    -1.9259  27.331108    325.527 330.634395     694593   5020.902     631264  0.000e+00
    -1.9262  27.330524    325.174 330.634398     694600   5020.863     631148  0.000e+00
    -1.9263  27.329358    324.826 330.634401     694601   5020.785     631034  0.000e+00
    -1.9265  27.329765    324.479 330.634404     694606   5020.813     630920  0.000e+00
    -1.9266  27.329065    324.117 330.634407     694608   5020.766     630801  0.000e+00
    -1.9266  27.328714    323.754 330.634410     694608   5020.742     630682  0.000e+00
    -1.9266  27.327606    323.392 330.634413     694609   5020.668     630563  0.000e+00
    -1.9271  27.327081    323.024 330.634416     694619   5020.633     630442  0.000e+00
    -1.9274  27.326847    322.670 330.634418     694626   5020.617     630326  0.000e+00
    -1.9276  27.326555    322.311 330.634421     694630   5020.598     630208  0.000e+00
    -1.9277  27.325505    321.952 330.634424     694633   5020.527     630090  0.000e+00
    -1.9281  27.325212    321.583 330.634427     694642   5020.508     629969  0.000e+00
    -1.9283  27.324571    321.215 330.634430     694647   5020.465     629848  0.000e+00
    -1.9287  27.323113    320.843 330.634433     694655   5020.367     629726  0.000e+00
    -1.9291  27.322588    320.471 330.634436     694663   5020.332     629604  0.000e+00
    -1.9294  27.322004    320.106 330.634439     694671   5020.293     629484  0.000e+00
    -1.9296  27.321246    319.734 330.634442     694675   5020.242     629362  0.000e+00
    -1.9298  27.321478    319.354 330.634444     694680   5020.258     629237  0.000e+00
    -1.9302  27.320719    318.985 330.634447     694687   5020.207     629116  0.000e+00
    -1.9303  27.320194    318.623 330.634450     694690   5020.172     628997  0.000e+00
    -1.9304  27.320892    318.264 330.634453     694693   5020.219     628879  0.000e+00
    -1.9306  27.319668    317.889 330.634456     694698   5020.137     628756  0.000e+00
    -1.9308  27.317802    317.524 330.634459     694702   5020.012     628636  0.000e+00
    -1.9313  27.316986    317.161 330.634462     694713   5019.957     628517  0.000e+00
    -1.9318  27.316169    316.796 330.634465     694724   5019.902     628397  0.000e+00
    -1.9324  27.314129    316.430 330.634468     694736   5019.766     628277  0.000e+00
    -1.9329  27.313545    316.068 330.634470     694747   5019.727     628158  0.000e+00
    -1.9333  27.313020    315.705 330.634473     694758   5019.691     628039  0.000e+00
    -1.9336  27.312204    315.328 330.634476     694763   5019.637     627915  0.000e+00
    -1.9339  27.311911    314.962 330.634479     694770   5019.617     627795  0.000e+00
    -1.9342  27.311619    314.597 330.634482     694776   5019.598     627675  0.000e+00
    -1.9343  27.311385    314.241 330.634485     694778   5019.582     627558  0.000e+00
    -1.9343  27.310627    313.881 330.634488     694780   5019.531     627440  0.000e+00
    -1.9345  27.310218    313.519 330.634491     694784   5019.504     627321  0.000e+00
    -1.9347  27.310101    313.159 330.634494     694788   5019.496     627203  0.000e+00
    -1.9348  27.309925    312.803 330.634497     694791   5019.484     627086  0.000e+00
    -1.9350  27.309516    312.447 330.634499     694795   5019.457     626969  0.000e+00
    -1.9351  27.309282    312.097 330.634502     694796   5019.441     626854  0.000e+00
    -1.9351  27.308524    311.731 330.634505     694797   5019.391     626734  0.000e+00
    -1.9351  27.308989    311.369 330.634508     694797   5019.422     626615  0.000e+00
    -1.9352  27.308231    310.994 330.634511     694798   5019.371     626492  0.000e+00
    -1.9354  27.307706    310.632 330.634514     694803   5019.336     626373  0.000e+00
    -1.9356  27.307705    310.263 330.634517     694807   5019.336     626252  0.000e+00
    -1.9356  27.307354    309.898 330.634520     694807   5019.313     626132  0.000e+00
    -1.9357  27.306596    309.526 330.634523     694810   5019.262     626010  0.000e+00
    -1.9356  27.307119    309.161 330.634525     694808   5019.297     625890  0.000e+00
    -1.9359  27.306361    308.813 330.634528     694814   5019.246     625776  0.000e+00
    -1.9359  27.305836    308.454 330.634531     694815   5019.211     625658  0.000e+00
    -1.9359  27.306243    308.092 330.634534     694814   5019.238     625539  0.000e+00
    -1.9360  27.305251    307.741 330.634537     694817   5019.172     625424  0.000e+00
    -1.9362  27.305425    307.370 330.634540     694821   5019.184     625302  0.000e+00
    -1.9362  27.305016    307.011 330.634543     694821   5019.156     625184  0.000e+00
    -1.9363  27.304200    306.648 330.634546     694823   5019.102     625065  0.000e+00
    -1.9363  27.304549    306.280 330.634549     694824   5019.125     624944  0.000e+00
    -1.9364  27.303674    305.920 330.634552     694825   5019.066     624826  0.000e+00
    -1.9364  27.303149    305.552 330.634554     694826   5019.031     624705  0.000e+00
    -1.9365  27.303672    305.186 330.634557     694827   5019.066     624585  0.000e+00
    -1.9366  27.302855    304.818 330.634560     694831   5019.012     624464  0.000e+00
    -1.9366  27.302854    304.443 330.634563     694830   5019.012     624341  0.000e+00
    -1.9367  27.302096    304.078 330.634566     694832   5018.961     624221  0.000e+00
    -1.9366  27.302328    303.731 330.634569     694831   5018.977     624107  0.000e+00
    -1.9367  27.301803    303.356 330.634572     694833   5018.941     623984  0.000e+00
    -1.9367  27.302851    302.990 330.634575     694832   5019.012     623864  0.000e+00
    -1.9366  27.302558    302.631 330.634578     694830   5018.992     623746  0.000e+00
    -1.9366  27.301276    302.260 330.634580     694831   5018.906     623624  0.000e+00
    -1.9368  27.301799    301.885 330.634583     694834   5018.941     623501  0.000e+00
    -1.9368  27.301157    301.513 330.634586     694835   5018.898     623379  0.000e+00
    -1.9369  27.300749    301.142 330.634589     694837   5018.871     623257  0.000e+00
    -1.9370  27.300631    300.764 330.634592     694840   5018.863     623133  0.000e+00
    -1.9371  27.299407    300.393 330.634595     694841   5018.781     623011  0.000e+00
    -1.9371  27.299697    300.015 330.634598     694842   5018.801     622887  0.000e+00
    -1.9374  27.299463    299.634 330.634601     694847   5018.785     622762  0.000e+00
    -1.9373  27.298880    299.263 330.634604     694846   5018.746     622640  0.000e+00
    -1.9374  27.299461    298.903 330.634606     694847   5018.785     622522  0.000e+00
    -1.9376  27.298645    298.532 330.634609     694852   5018.730     622400  0.000e+00
    -1.9375  27.297829    298.163 330.634612     694851   5018.676     622279  0.000e+00
    -1.9376  27.297245    297.783 330.634615     694852   5018.637     622154  0.000e+00
    -1.9378  27.297011    297.414 330.634618     694857   5018.621     622033  0.000e+00
    -1.9380  27.296661    297.043 330.634621     694861   5018.598     621911  0.000e+00
    -1.9383  27.296776    296.674 330.634624     694867   5018.605     621790  0.000e+00
    -1.9383  27.295960    296.302 330.634627     694867   5018.551     621668  0.000e+00
    -1.9383  27.295551    295.934 330.634630     694869   5018.523     621547  0.000e+00
    -1.9386  27.294618    295.559 330.634633     694875   5018.461     621424  0.000e+00
    -1.9388  27.294443    295.182 330.634635     694879   5018.449     621300  0.000e+00
    -1.9389  27.294092    294.801 330.634638     694882   5018.426     621175  0.000e+00
    -1.9392  27.294091    294.420 330.634641     694888   5018.426     621050  0.000e+00
    -1.9392  27.292983    294.034 330.634644     694887   5018.352     620923  0.000e+00
    -1.9392  27.293332    293.650 330.634647     694888   5018.375     620797  0.000e+00
    -1.9395  27.292749    293.272 330.634650     694894   5018.336     620673  0.000e+00
    -1.9395  27.291175    292.898 330.634653     694894   5018.230     620550  0.000e+00
    -1.9398  27.291174    292.517 330.634656     694901   5018.230     620425  0.000e+00
    -1.9401  27.291057    292.151 330.634659     694908   5018.223     620305  0.000e+00
    -1.9404  27.290357    291.798 330.634661     694915   5018.176     620189  0.000e+00
    -1.9406  27.289890    291.448 330.634664     694920   5018.145     620074  0.000e+00
