sbs/tests/resources/orca-test-data/SBE37SM/SBE37SM-RS232_03710921_2015_10_27/SBE37SM-RS232_03710921_2015_10_27.cnv
* Sea-Bird SBE37SM-RS232  Data File:
* FileName = C:\Users\AMP_Villasimius\Desktop\CTD NOVEMBRE 2015\SBE37SM-RS232_03710921_2015_10_27.hex
* Software version SeatermV2 2.4.1
* Temperature SN = 10921
* Conductivity SN = 10921
* System UpLoad Time = Oct 27 2015 11:38:38
* sample interval = 3600 seconds
* <ApplicationData>
** Mooring Description
** Latitude
** Longitude
** Deployment start Date
** Deployment Recovery Date
# nquan = 5
# nvalues = 3512                                  
# units = specified
# name 0 = tv290C: Temperature [ITS-90, deg C]
# name 1 = cond0S/m: Conductivity [S/m]
# name 2 = prM: Pressure [db]
# name 3 = sal00: Salinity, Practical [PSU], moored pressure = 0.00000e+000 [dbar]
# name 4 = flag:  0.000e+00
# span 0 =   -23.5629,    99.0000                 
# span 1 = -99.000000, 130.825085                 
# span 2 =      0.000,      0.000                 
# span 3 =     0.0000,  1999.0000                 
# span 4 = 0.0000e+00, 0.0000e+00                 
# interval = seconds: 3600
# start_time = Oct 23 2015 07:00:01 [Instrument's time stamp, first data scan]
# bad_flag = -9.990e-29
*END*
    22.0455   0.000221      0.000     0.0109  0.000e+00
    22.0669   0.000227      0.000     0.0109  0.000e+00
    22.0975   0.000224      0.000     0.0110  0.000e+00
    22.1414   0.000221      0.000     0.0110  0.000e+00
    22.2186   0.000218      0.000     0.0110  0.000e+00
    22.2210   0.000221      0.000     0.0110  0.000e+00
    22.3341   0.000218      0.000     0.0110  0.000e+00
    22.4247   0.000218      0.000     0.0111  0.000e+00
    22.5077   0.000218      0.000     0.0111  0.000e+00
    22.5369   0.000218      0.000     0.0111  0.000e+00
    22.3970   0.000218      0.000     0.0110  0.000e+00
    22.3111   0.000218      0.000     0.0110  0.000e+00
    22.2584   0.000221      0.000     0.0110  0.000e+00
    22.2306   0.000218      0.000     0.0110  0.000e+00
    22.2041   0.000218      0.000     0.0110  0.000e+00
    22.1692   0.000218      0.000     0.0110  0.000e+00
    22.1371   0.000218      0.000     0.0110  0.000e+00
    22.1072   0.000218      0.000     0.0109  0.000e+00
    22.0674   0.000218      0.000     0.0109  0.000e+00
    22.0462   0.000218      0.000     0.0109  0.000e+00
    22.0237   0.000218      0.000     0.0109  0.000e+00
    22.0016   0.000218      0.000     0.0109  0.000e+00
    21.9796   0.000218      0.000     0.0109  0.000e+00
    21.9671   0.000218      0.000     0.0109  0.000e+00
    22.0018   0.000221      0.000     0.0109  0.000e+00
    22.0552   0.000218      0.000     0.0109  0.000e+00
    22.1234   0.000218      0.000     0.0110  0.000e+00
    22.1881   0.000216      0.000     0.0110  0.000e+00
    22.2645   0.000218      0.000     0.0110  0.000e+00
    22.3470   0.000218      0.000     0.0110  0.000e+00
    22.4481   0.000218      0.000     0.0111  0.000e+00
    22.5339   0.000218      0.000     0.0111  0.000e+00
    22.5644   0.000218      0.000     0.0111  0.000e+00
    22.5715   0.000218      0.000     0.0111  0.000e+00
    22.4673   0.000221      0.000     0.0111  0.000e+00
    22.4034   0.000221      0.000     0.0111  0.000e+00
    22.3553   0.000221      0.000     0.0110  0.000e+00
    22.3265   0.000221      0.000     0.0110  0.000e+00
    22.2943   0.000221      0.000     0.0110  0.000e+00
    22.2695   0.000224      0.000     0.0110  0.000e+00
    22.2513   0.000221      0.000     0.0110  0.000e+00
    22.2398   0.000221      0.000     0.0110  0.000e+00
    22.2232   0.000221      0.000     0.0110  0.000e+00
    22.2108   0.000221      0.000     0.0110  0.000e+00
    22.1930   0.000218      0.000     0.0110  0.000e+00
    22.1735   0.000221      0.000     0.0110  0.000e+00
    22.1495   0.000221      0.000     0.0110  0.000e+00
    22.1348   0.000221      0.000     0.0110  0.000e+00
    22.1478   0.000218      0.000     0.0110  0.000e+00
    22.1755   0.000216      0.000     0.0110  0.000e+00
    22.2167   0.000218      0.000     0.0110  0.000e+00
    22.2494   0.000218      0.000     0.0110  0.000e+00
    22.3154   0.000218      0.000     0.0110  0.000e+00
    22.3702   0.000218      0.000     0.0110  0.000e+00
    22.4256   0.000218      0.000     0.0111  0.000e+00
    22.4170   0.000218      0.000     0.0111  0.000e+00
    22.3757   0.000218      0.000     0.0110  0.000e+00
    22.3546   0.000221      0.000     0.0110  0.000e+00
    22.3112   0.000218      0.000     0.0110  0.000e+00
    22.2808   0.000221      0.000     0.0110  0.000e+00
    22.2569   0.000218      0.000     0.0110  0.000e+00
    22.2419   0.000218      0.000     0.0110  0.000e+00
    22.2349   0.000221      0.000     0.0110  0.000e+00
    22.2230   0.000218      0.000     0.0110  0.000e+00
    22.2138   0.000218      0.000     0.0110  0.000e+00
    22.2090   0.000218      0.000     0.0110  0.000e+00
    22.2072   0.000218      0.000     0.0110  0.000e+00
    22.1918   0.000218      0.000     0.0110  0.000e+00
    22.1805   0.000221      0.000     0.0110  0.000e+00
    22.1739   0.000218      0.000     0.0110  0.000e+00
    22.1505   0.000221      0.000     0.0110  0.000e+00
    22.0706   0.000224      0.000     0.0109  0.000e+00
    22.1093   0.000224      0.000     0.0110  0.000e+00
    22.1348   0.000224      0.000     0.0110  0.000e+00
    22.1327   0.000236      0.000     0.0110  0.000e+00
    22.1811   0.000244      0.000     0.0110  0.000e+00
    22.1865   0.000238      0.000     0.0110  0.000e+00
    99.0000 -99.000000      0.000     0.0000  0.000e+00
    99.0000 -99.000000      0.000     0.0000  0.000e+00
    99.0000 -99.000000      0.000     0.0000  0.000e+00
    99.0000 -99.000000      0.000     0.0000  0.000e+00
    99.0000 -99.000000      0.000     0.0000  0.000e+00
    99.0000 -99.000000      0.000     0.0000  0.000e+00
    99.0000 -99.000000      0.000     0.0000  0.000e+00
    99.0000 -99.000000      0.000     0.0000  0.000e+00
    99.0000 -99.000000      0.000     0.0000  0.000e+00
    99.0000 -99.000000      0.000     0.0000  0.000e+00
    99.0000 -99.000000      0.000     0.0000  0.000e+00
    99.0000 -99.000000      0.000     0.0000  0.000e+00
    99.0000 -99.000000      0.000     0.0000  0.000e+00
    99.0000 -99.000000      0.000     0.0000  0.000e+00
    99.0000 -99.000000      0.000     0.0000  0.000e+00
    99.0000 -99.000000      0.000     0.0000  0.000e+00
    99.0000 -99.000000      0.000     0.0000  0.000e+00
    99.0000 -99.000000      0.000     0.0000  0.000e+00
    99.0000 -99.000000      0.000     0.0000  0.000e+00
    99.0000 -99.000000      0.000     0.0000  0.000e+00
    99.0000 -99.000000      0.000     0.0000  0.000e+00
    99.0000 -99.000000      0.000     0.0000  0.000e+00
    99.0000 -99.000000      0.000     0.0000  0.000e+00
    99.0000 -99.000000      0.000     0.0000  0.000e+00
    99.0000 -99.000000      0.000     0.0000  0.000e+00
    99.0000 -99.000000      0.000     0.0000  0.000e+00
    99.0000 -99.000000      0.000     0.0000  0.000e+00
    99.0000 -99.000000      0.000     0.0000  0.000e+00
    99.0000 -99.000000      0.000     0.0000  0.000e+00
    99.0000 -99.000000      0.000     0.0000  0.000e+00
    99.0000 -99.000000      0.000     0.0000  0.000e+00
    99.0000 -99.000000      0.000     0.0000  0.000e+00
    99.0000 -99.000000      0.000     0.0000  0.000e+00
    99.0000 -99.000000      0.000     0.0000  0.000e+00
    99.0000 -99.000000      0.000     0.0000  0.000e+00
    99.0000 -99.000000      0.000     0.0000  0.000e+00
    99.0000 -99.000000      0.000     0.0000  0.000e+00
    99.0000 -99.000000      0.000     0.0000  0.000e+00
    99.0000 -99.000000      0.000     0.0000  0.000e+00
    99.0000 -99.000000      0.000     0.0000  0.000e+00
    99.0000 -99.000000      0.000     0.0000  0.000e+00
    99.0000 -99.000000      0.000     0.0000  0.000e+00
    99.0000 -99.000000      0.000     0.0000  0.000e+00
    99.0000 -99.000000      0.000     0.0000  0.000e+00
    99.0000 -99.000000      0.000     0.0000  0.000e+00
    99.0000 -99.000000      0.000     0.0000  0.000e+00
    99.0000 -99.000000      0.000     0.0000  0.000e+00
    99.0000 -99.000000      0.000     0.0000  0.000e+00
    99.0000 -99.000000      0.000     0.0000  0.000e+00
    99.0000 -99.000000      0.000     0.0000  0.000e+00
    99.0000 -99.000000      0.000     0.0000  0.000e+00
    99.0000 -99.000000      0.000     0.0000  0.000e+00
    99.0000 -99.000000      0.000     0.0000  0.000e+00
    99.0000 -99.000000      0.000     0.0000  0.000e+00
    99.0000 -99.000000      0.000     0.0000  0.000e+00
    99.0000 -99.000000      0.000     0.0000  0.000e+00
    99.0000 -99.000000      0.000     0.0000  0.000e+00
    99.0000 -99.000000      0.000     0.0000  0.000e+00
    99.0000 -99.000000      0.000     0.0000  0.000e+00
    99.0000 -99.000000      0.000     0.0000  0.000e+00
    99.0000 -99.000000      0.000     0.0000  0.000e+00
    99.0000 -99.000000      0.000     0.0000  0.000e+00
    99.0000 -99.000000      0.000     0.0000  0.000e+00
    99.0000 -99.000000      0.000     0.0000  0.000e+00
    99.0000 -99.000000      0.000     0.0000  0.000e+00
    99.0000 -99.000000      0.000     0.0000  0.000e+00
    99.0000 -99.000000      0.000     0.0000  0.000e+00
    99.0000 -99.000000      0.000     0.0000  0.000e+00
    99.0000 -99.000000      0.000     0.0000  0.000e+00
    99.0000 -99.000000      0.000     0.0000  0.000e+00
    99.0000 -99.000000      0.000     0.0000  0.000e+00
    99.0000 -99.000000      0.000     0.0000  0.000e+00
    99.0000 -99.000000      0.000     0.0000  0.000e+00
    99.0000 -99.000000      0.000     0.0000  0.000e+00
    99.0000 -99.000000      0.000     0.0000  0.000e+00
    99.0000 -99.000000      0.000     0.0000  0.000e+00
    99.0000 -99.000000      0.000     0.0000  0.000e+00
    99.0000 -99.000000      0.000     0.0000  0.000e+00
    99.0000 -99.000000      0.000     0.0000  0.000e+00
    99.0000 -99.000000      0.000     0.0000  0.000e+00
    99.0000 -99.000000      0.000     0.0000  0.000e+00
    99.0000 -99.000000      0.000     0.0000  0.000e+00
    99.0000 -99.000000      0.000     0.0000  0.000e+00
    99.0000 -99.000000      0.000     0.0000  0.000e+00
    99.0000 -99.000000      0.000     0.0000  0.000e+00
    99.0000 -99.000000      0.000     0.0000  0.000e+00
    99.0000 -99.000000      0.000     0.0000  0.000e+00
    99.0000 -99.000000      0.000     0.0000  0.000e+00
    99.0000 -99.000000      0.000     0.0000  0.000e+00
    99.0000 -99.000000      0.000     0.0000  0.000e+00
    99.0000 -99.000000      0.000     0.0000  0.000e+00
    99.0000 -99.000000      0.000     0.0000  0.000e+00
    99.0000 -99.000000      0.000     0.0000  0.000e+00
    99.0000 -99.000000      0.000     0.0000  0.000e+00
    99.0000 -99.000000      0.000     0.0000  0.000e+00
    99.0000 -99.000000      0.000     0.0000  0.000e+00
    99.0000 -99.000000      0.000     0.0000  0.000e+00
    99.0000 -99.000000      0.000     0.0000  0.000e+00
    99.0000 -99.000000      0.000     0.0000  0.000e+00
    99.0000 -99.000000      0.000     0.0000  0.000e+00
    99.0000 -99.000000      0.000     0.0000  0.000e+00
    99.0000 -99.000000      0.000     0.0000  0.000e+00
    99.0000 -99.000000      0.000     0.0000  0.000e+00
    99.0000 -99.000000      0.000     0.0000  0.000e+00
    99.0000 -99.000000      0.000     0.0000  0.000e+00
    99.0000 -99.000000      0.000     0.0000  0.000e+00
    99.0000 -99.000000      0.000     0.0000  0.000e+00
    99.0000 -99.000000      0.000     0.0000  0.000e+00
    99.0000 -99.000000      0.000     0.0000  0.000e+00
    99.0000 -99.000000      0.000     0.0000  0.000e+00
    99.0000 -99.000000      0.000     0.0000  0.000e+00
    99.0000 -99.000000      0.000     0.0000  0.000e+00
    99.0000 -99.000000      0.000     0.0000  0.000e+00
    99.0000 -99.000000      0.000     0.0000  0.000e+00
    99.0000 -99.000000      0.000     0.0000  0.000e+00
    99.0000 -99.000000      0.000     0.0000  0.000e+00
    99.0000 -99.000000      0.000     0.0000  0.000e+00
    99.0000 -99.000000      0.000     0.0000  0.000e+00
    99.0000 -99.000000      0.000     0.0000  0.000e+00
    99.0000 -99.000000      0.000     0.0000  0.000e+00
    99.0000 -99.000000      0.000     0.0000  0.000e+00
    99.0000 -99.000000      0.000     0.0000  0.000e+00
    99.0000 -99.000000      0.000     0.0000  0.000e+00
    99.0000 -99.000000      0.000     0.0000  0.000e+00
    99.0000 -99.000000      0.000     0.0000  0.000e+00
    99.0000 -99.000000      0.000     0.0000  0.000e+00
    99.0000 -99.000000      0.000     0.0000  0.000e+00
    99.0000 -99.000000      0.000     0.0000  0.000e+00
    99.0000 -99.000000      0.000     0.0000  0.000e+00
    99.0000 -99.000000      0.000     0.0000  0.000e+00
    99.0000 -99.000000      0.000     0.0000  0.000e+00
    99.0000 -99.000000      0.000     0.0000  0.000e+00
    99.0000 -99.000000      0.000     0.0000  0.000e+00
    99.0000 -99.000000      0.000     0.0000  0.000e+00
    99.0000 -99.000000      0.000     0.0000  0.000e+00
    99.0000 -99.000000      0.000     0.0000  0.000e+00
    99.0000 -99.000000      0.000     0.0000  0.000e+00
    99.0000 -99.000000      0.000     0.0000  0.000e+00
    99.0000 -99.000000      0.000     0.0000  0.000e+00
    99.0000 -99.000000      0.000     0.0000  0.000e+00
    99.0000 -99.000000      0.000     0.0000  0.000e+00
    99.0000 -99.000000      0.000     0.0000  0.000e+00
    99.0000 -99.000000      0.000     0.0000  0.000e+00
    99.0000 -99.000000      0.000     0.0000  0.000e+00
    99.0000 -99.000000      0.000     0.0000  0.000e+00
    99.0000 -99.000000      0.000     0.0000  0.000e+00
    99.0000 -99.000000      0.000     0.0000  0.000e+00
    99.0000 -99.000000      0.000     0.0000  0.000e+00
    99.0000 -99.000000      0.000     0.0000  0.000e+00
    99.0000 -99.000000      0.000     0.0000  0.000e+00
    99.0000 -99.000000      0.000     0.0000  0.000e+00
    99.0000 -99.000000      0.000     0.0000  0.000e+00
    99.0000 -99.000000      0.000     0.0000  0.000e+00
    99.0000 -99.000000      0.000     0.0000  0.000e+00
    99.0000 -99.000000      0.000     0.0000  0.000e+00
    99.0000 -99.000000      0.000     0.0000  0.000e+00
    99.0000 -99.000000      0.000     0.0000  0.000e+00
    99.0000 -99.000000      0.000     0.0000  0.000e+00
    99.0000 -99.000000      0.000     0.0000  0.000e+00
    99.0000 -99.000000      0.000     0.0000  0.000e+00
    99.0000 -99.000000      0.000     0.0000  0.000e+00
    99.0000 -99.000000      0.000     0.0000  0.000e+00
    99.0000 -99.000000      0.000     0.0000  0.000e+00
    99.0000 -99.000000      0.000     0.0000  0.000e+00
    99.0000 -99.000000      0.000     0.0000  0.000e+00
    99.0000 -99.000000      0.000     0.0000  0.000e+00
    99.0000 -99.000000      0.000     0.0000  0.000e+00
    99.0000 -99.000000      0.000     0.0000  0.000e+00
    99.0000 -99.000000      0.000     0.0000  0.000e+00
    99.0000 -99.000000      0.000     0.0000  0.000e+00
    99.0000 -99.000000      0.000     0.0000  0.000e+00
    99.0000 -99.000000      0.000     0.0000  0.000e+00
    99.0000 -99.000000      0.000     0.0000  0.000e+00
    99.0000 -99.000000      0.000     0.0000  0.000e+00
    99.0000 -99.000000      0.000     0.0000  0.000e+00
    99.0000 -99.000000      0.000     0.0000  0.000e+00
    99.0000 -99.000000      0.000     0.0000  0.000e+00
    99.0000 -99.000000      0.000     0.0000  0.000e+00
    99.0000 -99.000000      0.000     0.0000  0.000e+00
    99.0000 -99.000000      0.000     0.0000  0.000e+00
    99.0000 -99.000000      0.000     0.0000  0.000e+00
    99.0000 -99.000000      0.000     0.0000  0.000e+00
    99.0000 -99.000000      0.000     0.0000  0.000e+00
    99.0000 -99.000000      0.000     0.0000  0.000e+00
    99.0000 -99.000000      0.000     0.0000  0.000e+00
    99.0000 -99.000000      0.000     0.0000  0.000e+00
    99.0000 -99.000000      0.000     0.0000  0.000e+00
    99.0000 -99.000000      0.000     0.0000  0.000e+00
    99.0000 -99.000000      0.000     0.0000  0.000e+00
    99.0000 -99.000000      0.000     0.0000  0.000e+00
    99.0000 -99.000000      0.000     0.0000  0.000e+00
    99.0000 -99.000000      0.000     0.0000  0.000e+00
    99.0000 -99.000000      0.000     0.0000  0.000e+00
    99.0000 -99.000000      0.000     0.0000  0.000e+00
    99.0000 -99.000000      0.000     0.0000  0.000e+00
    99.0000 -99.000000      0.000     0.0000  0.000e+00
    99.0000 -99.000000      0.000     0.0000  0.000e+00
    99.0000 -99.000000      0.000     0.0000  0.000e+00
    99.0000 -99.000000      0.000     0.0000  0.000e+00
    99.0000 -99.000000      0.000     0.0000  0.000e+00
    99.0000 -99.000000      0.000     0.0000  0.000e+00
    99.0000 -99.000000      0.000     0.0000  0.000e+00
    99.0000 -99.000000      0.000     0.0000  0.000e+00
    99.0000 -99.000000      0.000     0.0000  0.000e+00
    99.0000 -99.000000      0.000     0.0000  0.000e+00
    99.0000 -99.000000      0.000     0.0000  0.000e+00
    99.0000 -99.000000      0.000     0.0000  0.000e+00
    99.0000 -99.000000      0.000     0.0000  0.000e+00
